# unix_time, cycles_done, cur_path, paths_total, pending_total, pending_favs, map_size, unique_crashes, unique_hangs, max_depth, execs_per_sec
1569075793, 0, 0, 4, 4, 2, 0.30%, 0, 0, 1, 0.00
1569075798, 0, 1, 6, 6, 2, 0.31%, 0, 0, 2, 157.46
1569075803, 0, 1, 8, 8, 2, 0.31%, 0, 0, 2, 157.19
1569075808, 0, 1, 11, 11, 2, 0.33%, 0, 0, 2, 154.12
1569075818, 0, 1, 13, 13, 2, 0.33%, 0, 0, 2, 154.88
1569075823, 0, 1, 14, 14, 2, 0.34%, 0, 0, 2, 152.42
1569075828, 0, 1, 15, 15, 2, 0.34%, 0, 0, 2, 153.02
1569075833, 0, 1, 16, 16, 2, 0.34%, 0, 0, 2, 148.70
1569075839, 0, 1, 18, 18, 2, 0.35%, 0, 0, 2, 144.53
1569075864, 0, 1, 19, 19, 2, 0.35%, 0, 0, 2, 148.70
1569075895, 0, 1, 20, 20, 2, 0.36%, 0, 0, 2, 155.49
1569075935, 0, 1, 21, 21, 2, 0.36%, 0, 0, 2, 156.53
1569075987, 0, 1, 22, 22, 2, 0.36%, 0, 0, 2, 152.54
1569075992, 0, 1, 23, 23, 2, 0.37%, 0, 0, 2, 153.74
1569076017, 0, 1, 25, 25, 2, 0.37%, 0, 0, 2, 152.65
1569076022, 0, 5, 25, 24, 5, 0.37%, 0, 0, 2, 154.28
1569076032, 0, 5, 26, 25, 5, 0.37%, 0, 0, 3, 137.89
1569076043, 0, 7, 26, 24, 4, 0.37%, 0, 0, 3, 122.72
1569076048, 0, 7, 28, 26, 4, 0.38%, 0, 0, 3, 120.58
1569076063, 0, 8, 28, 25, 3, 0.38%, 0, 0, 3, 155.72
1569076068, 0, 13, 28, 24, 2, 0.38%, 0, 0, 3, 156.65
1569076073, 0, 13, 29, 25, 2, 0.38%, 0, 0, 3, 155.17
1569076083, 0, 14, 29, 24, 1, 0.38%, 0, 0, 3, 153.13
1569076089, 0, 14, 30, 25, 1, 0.39%, 0, 0, 3, 151.71
1569076099, 0, 26, 30, 24, 0, 0.39%, 0, 0, 3, 156.29
1569076104, 1, 5, 31, 24, 0, 0.39%, 0, 0, 3, 156.29
1569076109, 1, 30, 31, 24, 1, 0.39%, 0, 0, 3, 156.36
1569076124, 2, 13, 31, 23, 0, 0.39%, 0, 0, 3, 157.22
1569076129, 2, 16, 31, 23, 0, 0.39%, 0, 0, 3, 157.79
1569076144, 2, 17, 31, 22, 0, 0.39%, 0, 0, 3, 151.76
1569076149, 2, 24, 31, 21, 0, 0.39%, 0, 0, 3, 151.69
1569076159, 2, 28, 31, 20, 0, 0.39%, 0, 0, 3, 152.22
1569076200, 2, 30, 31, 19, 0, 0.39%, 0, 0, 3, 156.26
1569076205, 3, 0, 32, 20, 0, 0.39%, 0, 0, 3, 155.88
1569076220, 3, 4, 32, 19, 0, 0.39%, 0, 0, 3, 153.53
1569076225, 3, 4, 33, 20, 0, 0.40%, 0, 0, 3, 153.24
1569076240, 3, 32, 33, 19, 1, 0.40%, 0, 0, 3, 153.28
1569076266, 3, 32, 34, 20, 1, 0.40%, 0, 0, 4, 151.81
1569076292, 3, 32, 35, 21, 1, 0.40%, 0, 0, 4, 154.96
1569076389, 3, 32, 36, 22, 1, 0.40%, 0, 0, 4, 157.04
1569076424, 3, 32, 37, 23, 1, 0.40%, 0, 0, 4, 153.11
1569076435, 3, 32, 38, 24, 1, 0.41%, 0, 0, 4, 153.13
1569076547, 3, 32, 39, 25, 1, 0.41%, 0, 0, 4, 157.20
1569076613, 3, 32, 40, 26, 1, 0.41%, 0, 0, 4, 156.55
1569076705, 3, 32, 41, 27, 1, 0.42%, 0, 0, 4, 154.91
1569076771, 3, 32, 42, 28, 1, 0.42%, 0, 0, 4, 151.87
1569076802, 3, 32, 43, 29, 1, 0.42%, 0, 0, 4, 148.44
1569076909, 3, 32, 44, 30, 1, 0.42%, 0, 0, 4, 152.01
1569077001, 3, 32, 45, 31, 1, 0.43%, 0, 0, 4, 153.26
1569077047, 3, 32, 46, 32, 1, 0.43%, 0, 0, 4, 150.08
1569077083, 3, 32, 47, 33, 1, 0.43%, 0, 0, 4, 151.42
1569077124, 3, 32, 48, 34, 1, 0.43%, 0, 0, 4, 149.11
1569077368, 3, 32, 49, 35, 1, 0.44%, 0, 0, 4, 154.96
1569077414, 3, 32, 50, 36, 1, 0.44%, 0, 0, 4, 150.77
1569077812, 3, 32, 51, 37, 1, 0.44%, 0, 0, 4, 156.11
1569078030, 3, 32, 52, 38, 1, 0.44%, 0, 0, 4, 153.74
1569078111, 3, 32, 53, 39, 1, 0.44%, 0, 0, 4, 155.66
1569078178, 3, 32, 54, 40, 1, 0.44%, 0, 0, 4, 150.03
1569078555, 3, 32, 55, 41, 1, 0.45%, 0, 0, 4, 147.76
1569078836, 3, 32, 56, 42, 1, 0.45%, 0, 0, 4, 149.29
1569078959, 3, 32, 57, 43, 1, 0.45%, 0, 0, 4, 158.26
1569079284, 3, 32, 58, 44, 1, 0.45%, 0, 0, 4, 151.81
1569079365, 3, 32, 59, 45, 1, 0.46%, 0, 0, 4, 155.05
1569079701, 3, 32, 60, 46, 1, 0.46%, 0, 0, 4, 153.13
1569079920, 3, 32, 61, 47, 1, 0.46%, 0, 0, 4, 153.52
1569079961, 3, 32, 62, 48, 1, 0.46%, 0, 0, 4, 154.25
1569080405, 3, 32, 63, 49, 1, 0.47%, 0, 0, 4, 152.11
1569080569, 3, 32, 64, 50, 1, 0.47%, 0, 0, 4, 157.84
1569080712, 3, 32, 65, 51, 1, 0.47%, 0, 0, 4, 150.40
1569080722, 3, 32, 66, 52, 1, 0.47%, 0, 0, 4, 152.22
1569081029, 3, 32, 67, 53, 1, 0.48%, 0, 0, 4, 153.22
1569081620, 3, 32, 68, 54, 1, 0.48%, 0, 0, 4, 151.34
1569081986, 3, 32, 69, 55, 1, 0.48%, 0, 0, 4, 154.73
1569082094, 3, 32, 70, 56, 1, 0.49%, 0, 0, 4, 154.47
1569082129, 3, 32, 71, 57, 1, 0.49%, 0, 0, 4, 156.53
1569083174, 3, 32, 72, 58, 1, 0.49%, 0, 0, 4, 153.23
1569083581, 3, 32, 73, 59, 1, 0.49%, 0, 0, 4, 152.57
1569084655, 3, 32, 74, 60, 1, 0.49%, 0, 0, 4, 153.71
1569084742, 3, 32, 75, 61, 1, 0.50%, 0, 0, 4, 153.33
1569085296, 3, 32, 76, 62, 1, 0.50%, 0, 0, 4, 154.06
1569085704, 3, 32, 77, 63, 1, 0.50%, 0, 0, 4, 156.76
1569085831, 3, 32, 78, 64, 1, 0.50%, 0, 0, 4, 153.53
1569086233, 3, 32, 79, 65, 1, 0.51%, 0, 0, 4, 148.34
1569086243, 3, 32, 80, 66, 1, 0.51%, 0, 0, 4, 152.11
1569086365, 3, 32, 81, 67, 1, 0.51%, 0, 0, 4, 151.24
1569086370, 3, 32, 82, 68, 1, 0.51%, 0, 0, 4, 151.70
1569087650, 3, 32, 83, 69, 1, 0.52%, 0, 0, 4, 155.23
1569087787, 3, 32, 84, 70, 1, 0.52%, 0, 0, 4, 152.26
1569087818, 3, 32, 85, 71, 1, 0.52%, 0, 0, 4, 154.63
1569088409, 3, 32, 86, 72, 1, 0.52%, 0, 0, 4, 154.13
1569088898, 3, 32, 87, 73, 1, 0.52%, 0, 0, 4, 155.14
1569088999, 3, 32, 88, 74, 1, 0.53%, 0, 0, 4, 155.24
1569089621, 3, 32, 89, 75, 1, 0.53%, 0, 0, 4, 151.96
1569089728, 3, 32, 90, 76, 1, 0.54%, 0, 0, 4, 155.78
1569090114, 3, 32, 91, 77, 1, 0.54%, 0, 0, 4, 155.67
1569090761, 3, 32, 92, 78, 1, 0.54%, 0, 0, 4, 148.71
1569091215, 3, 32, 93, 79, 1, 0.54%, 0, 0, 4, 154.13
1569091343, 3, 32, 94, 80, 1, 0.54%, 0, 0, 4, 150.70
1569091561, 3, 32, 95, 81, 1, 0.54%, 0, 0, 4, 151.15
1569091800, 3, 32, 96, 82, 1, 0.55%, 0, 0, 4, 153.98
1569091831, 3, 32, 97, 83, 1, 0.55%, 0, 0, 4, 158.56
1569092220, 3, 32, 98, 84, 1, 0.55%, 0, 0, 4, 154.30
1569093095, 3, 32, 99, 85, 1, 0.55%, 0, 0, 4, 151.68
