# unix_time, cycles_done, cur_path, paths_total, pending_total, pending_favs, map_size, unique_crashes, unique_hangs, max_depth, execs_per_sec
1567667582, 0, 0, 1, 1, 1, 1.74%, 0, 0, 1, 50.19
1567667603, 0, 0, 2, 2, 1, 1.75%, 0, 0, 2, 70.12
1567667608, 0, 0, 6, 6, 1, 1.78%, 0, 0, 2, 69.67
1567667613, 0, 0, 8, 8, 1, 1.78%, 0, 0, 2, 65.78
1567667618, 0, 0, 9, 9, 1, 1.78%, 0, 0, 2, 63.15
1567667633, 0, 0, 10, 10, 1, 1.78%, 0, 0, 2, 64.56
1567667643, 0, 0, 11, 11, 1, 1.79%, 0, 0, 2, 64.14
1567667659, 0, 0, 12, 12, 1, 1.79%, 0, 0, 2, 66.18
1567667664, 0, 0, 13, 13, 1, 1.79%, 0, 0, 2, 67.82
1567667674, 0, 0, 14, 14, 1, 1.80%, 0, 0, 2, 68.16
1567667705, 0, 0, 15, 15, 1, 1.80%, 0, 0, 2, 67.12
1567667731, 0, 0, 16, 16, 1, 1.80%, 0, 0, 2, 54.22
1567667858, 0, 0, 17, 17, 1, 1.80%, 0, 0, 2, 53.06
1567667899, 0, 0, 19, 19, 1, 1.80%, 0, 0, 2, 53.28
1567668068, 0, 0, 20, 20, 1, 1.81%, 0, 0, 2, 52.76
1567668164, 0, 0, 21, 21, 1, 1.81%, 0, 0, 2, 51.52
1567668205, 0, 0, 22, 22, 1, 1.81%, 0, 0, 2, 55.46
1567668296, 0, 0, 23, 23, 1, 1.81%, 0, 0, 2, 52.74
1567668317, 0, 0, 24, 24, 1, 1.81%, 0, 0, 2, 52.15
1567668581, 0, 0, 25, 25, 1, 1.81%, 0, 0, 2, 51.82
1567668643, 0, 0, 26, 26, 1, 1.81%, 0, 0, 2, 52.68
1567668893, 0, 0, 27, 27, 1, 1.82%, 0, 0, 2, 54.48
1567669342, 0, 0, 28, 28, 1, 1.82%, 0, 0, 2, 52.44
1567669541, 0, 0, 29, 29, 1, 1.82%, 0, 0, 2, 44.53
1567669576, 0, 0, 30, 30, 1, 1.82%, 0, 0, 2, 52.25
1567669897, 0, 0, 31, 31, 1, 1.82%, 0, 0, 2, 54.01
1567670009, 0, 0, 32, 32, 1, 1.82%, 0, 0, 2, 54.57
1567670477, 0, 0, 33, 33, 1, 1.83%, 0, 0, 2, 55.59
1567670963, 0, 0, 34, 34, 1, 1.83%, 0, 0, 2, 51.74
1567671218, 0, 0, 35, 35, 1, 1.83%, 0, 0, 2, 55.02
1567671754, 0, 0, 36, 36, 1, 1.83%, 0, 0, 2, 53.04
1567672253, 0, 0, 37, 37, 1, 1.84%, 0, 0, 2, 52.45
1567672345, 0, 0, 38, 38, 1, 1.84%, 0, 0, 2, 55.19
1567673213, 0, 0, 39, 39, 1, 1.84%, 0, 0, 2, 53.87
1567673479, 0, 0, 40, 40, 1, 1.84%, 0, 0, 2, 55.05
1567674292, 0, 0, 41, 41, 1, 1.84%, 0, 0, 2, 52.49
1567674639, 0, 0, 42, 42, 1, 1.84%, 0, 0, 2, 52.91
1567674690, 0, 0, 43, 43, 1, 1.85%, 0, 0, 2, 52.43
1567675027, 0, 0, 44, 44, 1, 1.85%, 0, 0, 2, 54.69
1567675108, 0, 0, 45, 45, 1, 1.85%, 0, 0, 2, 54.47
