# unix_time, cycles_done, cur_path, paths_total, pending_total, pending_favs, map_size, unique_crashes, unique_hangs, max_depth, execs_per_sec
1570705058, 0, 0, 2, 2, 1, 1.88%, 0, 0, 1, 30.66
1570705063, 0, 0, 6, 6, 1, 1.91%, 0, 0, 2, 29.73
1570705068, 0, 0, 8, 8, 1, 1.92%, 0, 0, 2, 29.85
1570705073, 0, 0, 10, 10, 1, 1.92%, 0, 0, 2, 29.21
1570705078, 0, 0, 11, 11, 1, 1.92%, 0, 0, 2, 28.91
1570705084, 0, 0, 13, 13, 1, 1.93%, 0, 0, 2, 28.29
1570705094, 0, 0, 14, 14, 1, 1.93%, 0, 0, 2, 29.36
1570705104, 0, 0, 15, 15, 1, 1.94%, 0, 0, 2, 29.70
1570705114, 0, 0, 16, 16, 1, 1.94%, 0, 0, 2, 29.56
1570705125, 0, 0, 17, 17, 1, 1.94%, 0, 0, 2, 30.18
1570705130, 0, 0, 18, 18, 1, 1.94%, 0, 0, 2, 30.41
1570705145, 0, 0, 19, 19, 1, 1.95%, 0, 0, 2, 29.97
1570705150, 0, 0, 20, 20, 1, 1.95%, 0, 0, 2, 29.23
1570705166, 0, 0, 22, 22, 1, 1.95%, 0, 0, 2, 28.95
1570705181, 0, 0, 23, 23, 1, 1.96%, 0, 0, 2, 29.28
1570705191, 0, 0, 24, 24, 1, 1.96%, 0, 0, 2, 30.25
1570705197, 0, 0, 26, 26, 1, 1.96%, 0, 0, 2, 32.70
1570705207, 0, 0, 27, 27, 1, 1.96%, 0, 0, 2, 32.07
1570705217, 0, 0, 28, 28, 1, 1.97%, 0, 0, 2, 28.94
1570705232, 0, 0, 29, 29, 1, 1.99%, 0, 0, 2, 32.19
1570705237, 0, 0, 30, 30, 1, 1.99%, 0, 0, 2, 31.34
1570705243, 0, 0, 31, 31, 1, 1.99%, 0, 0, 2, 28.96
1570705253, 0, 0, 32, 32, 1, 1.99%, 0, 0, 2, 29.74
1570705273, 0, 0, 33, 33, 1, 1.99%, 0, 0, 2, 29.77
1570705299, 0, 0, 34, 34, 1, 2.00%, 0, 0, 2, 28.16
1570705309, 0, 0, 35, 35, 1, 2.00%, 0, 0, 2, 29.14
1570705335, 0, 2, 35, 34, 11, 2.00%, 0, 0, 2, 29.96
1570705340, 0, 2, 37, 36, 11, 2.00%, 0, 0, 3, 27.54
1570705345, 0, 2, 40, 39, 11, 2.01%, 0, 0, 3, 29.36
1570705356, 0, 2, 41, 40, 11, 2.01%, 0, 0, 3, 27.05
1570705366, 0, 6, 41, 39, 10, 2.01%, 0, 0, 3, 27.93
1570705391, 0, 6, 42, 40, 10, 2.01%, 0, 0, 3, 30.25
1570705402, 0, 8, 42, 39, 9, 2.01%, 0, 0, 3, 29.80
1570705422, 0, 12, 42, 38, 8, 2.01%, 0, 0, 3, 30.59
1570705427, 0, 12, 43, 39, 8, 2.01%, 0, 0, 3, 30.89
1570705448, 0, 12, 44, 40, 8, 2.01%, 0, 0, 3, 28.86
1570705458, 0, 16, 44, 39, 7, 2.01%, 0, 0, 3, 27.72
1570705463, 0, 16, 45, 40, 7, 2.02%, 0, 0, 3, 28.33
1570705478, 0, 17, 45, 39, 6, 2.02%, 0, 0, 3, 29.31
1570705483, 0, 17, 46, 40, 6, 2.02%, 0, 0, 3, 29.46
1570705493, 0, 20, 46, 39, 5, 2.02%, 0, 0, 3, 28.97
1570705503, 0, 28, 46, 38, 4, 2.02%, 0, 0, 3, 27.57
1570705549, 0, 28, 47, 39, 4, 2.02%, 0, 0, 3, 25.72
1570705615, 0, 28, 48, 40, 4, 2.02%, 0, 0, 3, 25.92
1570705621, 0, 28, 50, 42, 4, 2.02%, 0, 0, 3, 26.70
1570705626, 0, 28, 51, 43, 4, 2.03%, 0, 0, 3, 25.23
1570705697, 0, 28, 52, 44, 4, 2.03%, 0, 0, 3, 27.31
1570705717, 0, 28, 53, 45, 4, 2.07%, 0, 0, 3, 26.95
1570705774, 0, 28, 54, 46, 4, 2.07%, 0, 0, 3, 31.00
1570705779, 0, 28, 55, 47, 4, 2.08%, 0, 0, 3, 32.36
1570705804, 0, 28, 56, 48, 4, 2.08%, 0, 0, 3, 27.91
1570705814, 0, 28, 57, 49, 4, 2.08%, 0, 0, 3, 28.17
1570705820, 0, 28, 58, 50, 4, 2.08%, 0, 0, 3, 28.70
1570705825, 0, 28, 59, 51, 4, 2.09%, 0, 0, 3, 28.65
1570705835, 0, 28, 60, 52, 4, 2.09%, 0, 0, 3, 27.35
1570705855, 0, 33, 60, 51, 9, 2.09%, 0, 0, 3, 28.53
1570705875, 0, 34, 60, 50, 8, 2.09%, 0, 0, 3, 27.70
1570705880, 0, 34, 61, 51, 8, 2.09%, 0, 0, 3, 28.17
1570705890, 0, 45, 61, 50, 7, 2.09%, 0, 0, 3, 27.89
1570705901, 0, 50, 61, 49, 6, 2.09%, 0, 0, 3, 29.96
1570705916, 0, 50, 62, 50, 6, 2.09%, 0, 0, 4, 28.25
1570705926, 0, 50, 64, 52, 6, 2.13%, 0, 0, 4, 30.75
1570705942, 0, 50, 65, 53, 6, 2.13%, 0, 0, 4, 29.02
1570705978, 0, 52, 67, 54, 7, 2.15%, 0, 0, 4, 28.80
1570705998, 0, 52, 70, 57, 7, 2.17%, 0, 0, 4, 25.87
1570706014, 0, 52, 72, 59, 7, 2.17%, 0, 0, 4, 27.36
1570706019, 0, 52, 73, 60, 7, 2.18%, 0, 0, 4, 26.09
1570706044, 0, 52, 74, 61, 7, 2.18%, 0, 0, 4, 27.79
1570706059, 0, 52, 77, 64, 7, 2.19%, 0, 0, 4, 25.73
1570706318, 0, 52, 81, 68, 7, 2.19%, 0, 0, 4, 25.70
1570706323, 0, 52, 82, 69, 7, 2.19%, 0, 0, 4, 26.67
1570706333, 0, 52, 84, 71, 7, 2.19%, 0, 0, 4, 27.82
1570706354, 0, 52, 85, 72, 7, 2.19%, 0, 0, 4, 27.48
1570706364, 0, 52, 86, 73, 7, 2.19%, 0, 0, 4, 27.94
1570706374, 0, 52, 87, 74, 7, 2.20%, 0, 0, 4, 28.01
1570706389, 0, 52, 88, 75, 7, 2.20%, 0, 0, 4, 27.45
1570706425, 0, 52, 89, 76, 7, 2.20%, 0, 0, 4, 27.23
1570706435, 0, 52, 90, 77, 7, 2.20%, 0, 0, 4, 27.69
1570706476, 0, 52, 91, 78, 7, 2.20%, 0, 0, 4, 27.03
1570706486, 0, 52, 92, 79, 7, 2.20%, 0, 0, 4, 26.64
1570706522, 0, 52, 93, 80, 7, 2.20%, 0, 0, 4, 29.58
1570706527, 0, 52, 94, 81, 7, 2.20%, 0, 0, 4, 29.31
1570706563, 0, 54, 94, 80, 17, 2.20%, 0, 0, 4, 28.03
1570706650, 0, 54, 95, 81, 17, 2.20%, 0, 0, 4, 26.22
1570706670, 0, 57, 95, 80, 16, 2.20%, 0, 0, 4, 27.87
1570706812, 0, 62, 96, 80, 15, 2.20%, 0, 0, 5, 29.39
1570706848, 0, 62, 97, 81, 15, 2.21%, 0, 0, 5, 28.74
1570706884, 0, 62, 98, 82, 15, 2.21%, 0, 0, 5, 28.59
1570706910, 0, 63, 98, 81, 16, 2.21%, 0, 0, 5, 27.38
1570706920, 0, 63, 99, 82, 16, 2.21%, 0, 0, 5, 28.73
1570706987, 0, 63, 100, 83, 16, 2.22%, 0, 0, 5, 29.07
1570706992, 0, 63, 101, 84, 16, 2.22%, 0, 0, 5, 28.36
1570707023, 0, 63, 102, 85, 16, 2.22%, 0, 0, 5, 32.95
1570707048, 0, 63, 103, 86, 16, 2.22%, 0, 0, 5, 28.63
1570707089, 0, 63, 104, 87, 16, 2.22%, 0, 0, 5, 27.47
1570707160, 0, 63, 105, 88, 16, 2.22%, 0, 0, 5, 32.92
1570707201, 0, 64, 105, 87, 18, 2.22%, 0, 0, 5, 29.47
1570707252, 0, 64, 106, 88, 18, 2.22%, 0, 0, 5, 30.64
1570707278, 0, 65, 106, 87, 17, 2.22%, 0, 0, 5, 31.11
1570707620, 0, 66, 106, 86, 16, 2.22%, 0, 0, 5, 29.91
1570707966, 0, 68, 106, 85, 15, 2.22%, 0, 0, 5, 27.84
1570708231, 0, 68, 107, 86, 15, 2.23%, 0, 0, 5, 27.70
1570708251, 0, 68, 108, 87, 15, 2.23%, 0, 0, 5, 26.95
1570708312, 0, 70, 108, 86, 14, 2.23%, 0, 0, 5, 30.88
1570708338, 0, 70, 109, 87, 14, 2.23%, 0, 0, 5, 29.62
1570708364, 0, 70, 110, 88, 14, 2.23%, 0, 0, 5, 29.77
1570708379, 0, 70, 111, 89, 14, 2.23%, 0, 0, 5, 28.96
1570708507, 0, 70, 112, 90, 14, 2.23%, 0, 0, 5, 28.39
1570708523, 0, 70, 113, 91, 14, 2.23%, 0, 0, 5, 29.84
1570708600, 0, 71, 113, 90, 14, 2.23%, 0, 0, 5, 31.36
1570708763, 0, 71, 114, 91, 14, 2.23%, 0, 0, 5, 31.14
1570708946, 0, 72, 114, 90, 13, 2.23%, 0, 0, 5, 27.23
1570708951, 0, 72, 115, 91, 13, 2.24%, 0, 0, 5, 27.59
1570708956, 0, 72, 116, 92, 13, 2.24%, 0, 0, 5, 28.33
1570709002, 0, 72, 117, 93, 13, 2.24%, 0, 0, 5, 25.51
1570709247, 0, 72, 118, 94, 13, 2.24%, 0, 0, 5, 26.59
1570709298, 0, 72, 119, 95, 13, 2.24%, 0, 0, 5, 27.78
1570709324, 0, 73, 119, 94, 14, 2.24%, 0, 0, 5, 27.20
1570709544, 0, 73, 120, 95, 14, 2.25%, 0, 0, 5, 23.06
1570709672, 0, 73, 121, 96, 14, 2.25%, 0, 0, 5, 28.78
1570709677, 0, 73, 122, 97, 14, 2.25%, 0, 0, 5, 29.89
1570709687, 0, 73, 123, 98, 14, 2.26%, 0, 0, 5, 30.36
1570709708, 0, 73, 124, 99, 14, 2.26%, 0, 0, 5, 30.80
1570709846, 0, 73, 125, 100, 14, 2.27%, 0, 0, 5, 28.18
1570709897, 0, 74, 125, 99, 14, 2.27%, 0, 0, 5, 28.68
1570709938, 0, 74, 126, 100, 14, 2.27%, 0, 0, 5, 29.53
1570710020, 0, 74, 127, 101, 14, 2.27%, 0, 0, 5, 29.63
1570710041, 0, 74, 128, 102, 14, 2.27%, 0, 0, 5, 31.90
1570710164, 0, 75, 128, 101, 16, 2.27%, 0, 0, 5, 29.36
1570710271, 0, 75, 129, 102, 16, 2.28%, 0, 0, 5, 28.73
1570710282, 0, 75, 130, 103, 16, 2.28%, 0, 0, 5, 30.12
1570710353, 0, 75, 131, 104, 16, 2.28%, 0, 0, 5, 29.52
1570710476, 0, 76, 131, 103, 17, 2.28%, 0, 0, 5, 30.90
1570710527, 0, 76, 132, 104, 17, 2.28%, 0, 0, 5, 29.03
1570710562, 0, 76, 133, 105, 17, 2.29%, 0, 0, 5, 29.97
1570710567, 0, 76, 134, 106, 17, 2.29%, 0, 0, 5, 30.88
1570710660, 0, 76, 135, 107, 17, 2.29%, 0, 0, 5, 28.77
1570710665, 0, 76, 136, 108, 17, 2.30%, 0, 0, 5, 29.50
1570710680, 0, 76, 137, 109, 17, 2.30%, 0, 0, 5, 29.69
1570710787, 0, 80, 137, 108, 18, 2.30%, 0, 0, 5, 26.68
1570710873, 0, 80, 138, 109, 18, 2.30%, 0, 0, 5, 25.54
1570710975, 0, 82, 138, 108, 18, 2.30%, 0, 0, 5, 27.31
1570711047, 0, 82, 139, 109, 18, 2.30%, 0, 0, 5, 28.18
1570711093, 0, 82, 140, 110, 18, 2.30%, 0, 0, 5, 28.89
1570711196, 0, 82, 141, 111, 18, 2.31%, 0, 0, 5, 31.39
1570711211, 0, 95, 142, 111, 17, 2.31%, 0, 0, 6, 30.49
1570711258, 0, 95, 143, 112, 17, 2.32%, 0, 0, 6, 31.11
1570711294, 0, 97, 143, 111, 18, 2.32%, 0, 0, 6, 30.41
1570711360, 0, 99, 143, 110, 17, 2.32%, 0, 0, 6, 30.86
1570711446, 0, 99, 144, 111, 17, 2.32%, 0, 0, 6, 28.59
1570711462, 0, 99, 145, 112, 17, 2.32%, 0, 0, 6, 29.43
1570711513, 0, 102, 145, 111, 17, 2.32%, 0, 0, 6, 31.06
1570711534, 0, 104, 145, 110, 16, 2.32%, 0, 0, 6, 31.93
1570711554, 0, 104, 146, 111, 16, 2.32%, 0, 0, 6, 29.96
1570711642, 0, 109, 146, 110, 15, 2.32%, 0, 0, 6, 29.53
1570711863, 0, 109, 147, 111, 15, 2.32%, 0, 0, 6, 32.26
1570711868, 0, 109, 148, 112, 15, 2.33%, 0, 0, 6, 32.90
1570711929, 0, 110, 148, 111, 15, 2.33%, 0, 0, 6, 31.21
1570711970, 0, 110, 149, 112, 15, 2.33%, 0, 0, 6, 30.52
1570711975, 0, 110, 150, 113, 15, 2.33%, 0, 0, 6, 31.09
1570712220, 0, 114, 150, 112, 14, 2.33%, 0, 0, 6, 26.16
1570712235, 0, 114, 151, 113, 14, 2.33%, 0, 0, 6, 24.50
1570712520, 0, 114, 152, 114, 14, 2.33%, 0, 0, 6, 25.04
1570712530, 0, 114, 153, 115, 14, 2.33%, 0, 0, 6, 24.08
1570712561, 0, 114, 154, 116, 14, 2.33%, 0, 0, 6, 25.40
1570712581, 0, 115, 154, 115, 14, 2.33%, 0, 0, 6, 28.73
1570712591, 0, 115, 155, 116, 14, 2.33%, 0, 0, 6, 25.81
1570712622, 0, 115, 156, 117, 14, 2.33%, 0, 0, 6, 24.25
1570712760, 0, 115, 157, 118, 14, 2.34%, 0, 0, 6, 24.92
1570712964, 0, 123, 157, 117, 13, 2.34%, 0, 0, 6, 28.05
1570713020, 0, 126, 157, 116, 12, 2.34%, 0, 0, 6, 29.60
1570713240, 0, 126, 158, 117, 12, 2.34%, 0, 0, 6, 27.97
1570713292, 0, 127, 158, 116, 11, 2.34%, 0, 0, 6, 27.49
1570713369, 0, 127, 159, 117, 11, 2.34%, 0, 0, 6, 25.18
1570713603, 0, 129, 159, 116, 10, 2.34%, 0, 0, 6, 29.14
1570713859, 0, 129, 160, 117, 10, 2.35%, 0, 0, 6, 28.86
1570713925, 0, 130, 160, 116, 9, 2.35%, 0, 0, 6, 25.97
1570713941, 0, 130, 161, 117, 9, 2.35%, 0, 0, 6, 25.68
1570713981, 0, 130, 162, 118, 9, 2.35%, 0, 0, 6, 27.36
1570714292, 0, 134, 162, 117, 9, 2.35%, 0, 0, 6, 25.83
1570714312, 0, 134, 163, 118, 9, 2.35%, 0, 0, 6, 25.12
1570714353, 0, 134, 164, 119, 9, 2.36%, 0, 0, 6, 26.02
1570714491, 0, 134, 165, 120, 9, 2.37%, 0, 0, 6, 24.49
1570714516, 0, 134, 166, 121, 9, 2.37%, 0, 0, 6, 27.97
1570714674, 0, 135, 166, 120, 9, 2.37%, 0, 0, 6, 27.27
1570714730, 0, 135, 168, 122, 9, 2.37%, 0, 0, 6, 28.86
1570714766, 0, 135, 169, 123, 9, 2.37%, 0, 0, 6, 28.45
1570714914, 0, 135, 170, 124, 9, 2.37%, 0, 0, 6, 27.37
1570714990, 0, 135, 171, 125, 9, 2.37%, 0, 0, 6, 28.12
1570715021, 0, 141, 171, 124, 10, 2.37%, 0, 0, 6, 25.88
1570715107, 0, 141, 172, 125, 10, 2.38%, 0, 0, 7, 29.33
1570715128, 0, 142, 172, 124, 9, 2.38%, 0, 0, 7, 29.68
1570715133, 0, 142, 174, 126, 9, 2.40%, 0, 0, 7, 29.24
1570715220, 0, 144, 174, 125, 10, 2.40%, 0, 0, 7, 28.37
1570715323, 0, 144, 175, 126, 10, 2.40%, 0, 0, 7, 30.14
1570715338, 0, 144, 176, 127, 10, 2.40%, 0, 0, 7, 32.72
1570715374, 0, 147, 176, 126, 9, 2.40%, 0, 0, 7, 30.51
1570715379, 0, 147, 177, 127, 9, 2.40%, 0, 0, 7, 29.17
1570715399, 0, 147, 178, 128, 9, 2.40%, 0, 0, 7, 26.96
1570715568, 0, 147, 179, 129, 9, 2.40%, 0, 0, 7, 28.41
1570715583, 0, 147, 180, 130, 9, 2.40%, 0, 0, 7, 29.69
1570715645, 0, 147, 181, 131, 9, 2.40%, 0, 0, 7, 32.20
1570715685, 0, 150, 181, 130, 9, 2.40%, 0, 0, 7, 29.27
1570715844, 0, 150, 182, 131, 9, 2.40%, 0, 0, 7, 14.74
1570716134, 0, 150, 182, 131, 9, 2.40%, 1, 0, 7, 17.78
1570716190, 0, 160, 182, 130, 8, 2.40%, 1, 0, 7, 28.12
1570716512, 0, 162, 182, 129, 7, 2.40%, 1, 0, 7, 28.86
1570716604, 0, 162, 183, 130, 7, 2.40%, 1, 0, 7, 28.85
1570716819, 0, 162, 184, 131, 7, 2.41%, 1, 0, 7, 30.61
1570716845, 0, 166, 184, 130, 6, 2.41%, 1, 0, 7, 29.31
1570716886, 0, 166, 185, 131, 6, 2.41%, 1, 0, 7, 28.34
1570716911, 0, 166, 186, 132, 6, 2.41%, 1, 0, 7, 30.53
1570716967, 0, 166, 187, 133, 6, 2.41%, 1, 0, 7, 29.27
1570717171, 0, 166, 188, 134, 6, 2.42%, 1, 0, 7, 27.91
1570717197, 0, 167, 188, 133, 5, 2.42%, 1, 0, 7, 29.62
1570717315, 0, 167, 189, 134, 5, 2.42%, 1, 0, 7, 26.29
1570717406, 0, 167, 190, 135, 5, 2.42%, 1, 0, 7, 31.41
1570717529, 0, 172, 191, 135, 5, 2.43%, 1, 0, 8, 30.62
1570717596, 0, 172, 192, 136, 5, 2.44%, 1, 0, 8, 30.30
1570717611, 0, 173, 192, 135, 6, 2.44%, 1, 0, 8, 29.52
1570717622, 0, 173, 193, 136, 6, 2.44%, 1, 0, 8, 30.59
1570717663, 0, 173, 194, 137, 6, 2.44%, 1, 0, 8, 32.35
1570717668, 0, 173, 195, 138, 6, 2.44%, 1, 0, 8, 31.46
1570717699, 0, 180, 195, 137, 8, 2.44%, 1, 0, 8, 31.86
1570717724, 0, 180, 196, 138, 8, 2.45%, 1, 0, 8, 30.19
1570717801, 0, 180, 197, 139, 8, 2.45%, 1, 0, 8, 28.57
1570718006, 0, 189, 197, 138, 8, 2.45%, 1, 0, 8, 30.20
1570718164, 0, 189, 198, 139, 8, 2.45%, 1, 0, 8, 27.55
1570718226, 0, 189, 199, 140, 8, 2.45%, 1, 0, 8, 30.05
1570718236, 0, 189, 200, 141, 8, 2.45%, 1, 0, 8, 30.88
1570718339, 0, 190, 200, 140, 7, 2.45%, 1, 0, 8, 28.52
1570718344, 0, 190, 201, 141, 7, 2.45%, 1, 0, 9, 28.06
1570718354, 0, 190, 202, 142, 7, 2.45%, 1, 0, 9, 27.51
1570718405, 0, 190, 203, 143, 7, 2.46%, 1, 0, 9, 31.19
1570718431, 0, 191, 203, 142, 8, 2.46%, 1, 0, 9, 29.60
1570718451, 0, 191, 204, 143, 8, 2.46%, 1, 0, 9, 29.25
1570718533, 0, 192, 204, 142, 7, 2.46%, 1, 0, 9, 31.00
1570718538, 0, 192, 206, 144, 7, 2.46%, 1, 0, 9, 30.82
1570718553, 0, 192, 207, 145, 7, 2.46%, 1, 0, 9, 29.03
1570718625, 0, 193, 207, 144, 9, 2.46%, 1, 0, 9, 28.90
1570718687, 0, 193, 208, 145, 9, 2.47%, 1, 0, 9, 29.97
1570718722, 0, 194, 208, 144, 9, 2.47%, 1, 0, 9, 29.38
1570718753, 0, 194, 209, 145, 9, 2.47%, 1, 0, 9, 29.69
1570718784, 0, 194, 210, 146, 9, 2.48%, 1, 0, 9, 29.42
1570718820, 0, 196, 210, 145, 9, 2.48%, 1, 0, 9, 29.63
1570718892, 0, 196, 211, 146, 9, 2.48%, 1, 0, 9, 28.84
1570718938, 0, 196, 212, 147, 9, 2.48%, 1, 0, 9, 30.00
1570719031, 0, 196, 213, 148, 9, 2.48%, 1, 0, 9, 30.02
1570719138, 0, 196, 214, 149, 9, 2.48%, 1, 0, 9, 29.27
1570719164, 0, 201, 214, 148, 10, 2.48%, 1, 0, 9, 28.75
1570719256, 0, 202, 214, 147, 9, 2.48%, 1, 0, 9, 29.77
1570719344, 0, 202, 215, 148, 9, 2.49%, 1, 0, 10, 30.24
1570719370, 0, 202, 216, 149, 9, 2.50%, 1, 0, 10, 30.27
1570719416, 0, 202, 217, 150, 9, 2.50%, 1, 0, 10, 29.08
1570719436, 0, 202, 218, 151, 9, 2.51%, 1, 0, 10, 28.94
1570719472, 0, 202, 219, 152, 9, 2.51%, 1, 0, 10, 29.13
1570719503, 0, 204, 219, 151, 12, 2.51%, 1, 0, 10, 29.71
1570719595, 0, 205, 219, 150, 11, 2.51%, 1, 0, 10, 29.15
1570719687, 0, 206, 219, 149, 10, 2.51%, 1, 0, 10, 29.61
1570719748, 0, 206, 220, 150, 10, 2.53%, 1, 0, 10, 29.01
1570719784, 0, 207, 220, 149, 10, 2.53%, 1, 0, 10, 30.13
1570719871, 0, 207, 221, 150, 10, 2.53%, 1, 0, 10, 29.33
1570719912, 0, 209, 221, 149, 9, 2.53%, 1, 0, 10, 29.42
1570720014, 0, 212, 221, 148, 8, 2.53%, 1, 0, 10, 31.22
1570720337, 0, 213, 221, 147, 7, 2.53%, 1, 0, 10, 29.32
1570720363, 0, 214, 221, 146, 6, 2.53%, 1, 0, 10, 29.44
1570720373, 0, 214, 222, 147, 6, 2.54%, 1, 0, 11, 28.21
1570720481, 0, 214, 223, 148, 6, 2.54%, 1, 0, 11, 28.30
1570720501, 0, 215, 223, 147, 7, 2.54%, 1, 0, 11, 28.91
1570720506, 0, 215, 225, 149, 7, 2.55%, 1, 0, 11, 29.08
1570720553, 0, 215, 226, 150, 7, 2.55%, 1, 0, 11, 28.85
1570720614, 0, 215, 227, 151, 7, 2.55%, 1, 0, 11, 33.33
1570720681, 0, 216, 227, 150, 7, 2.55%, 1, 0, 11, 29.42
1570720809, 0, 217, 227, 149, 6, 2.55%, 1, 0, 11, 30.22
1570720814, 0, 217, 228, 150, 6, 2.56%, 1, 0, 11, 29.34
1570720942, 0, 217, 229, 151, 6, 2.56%, 1, 0, 11, 29.85
1570720998, 0, 219, 229, 150, 6, 2.56%, 1, 0, 11, 31.16
1570721004, 0, 219, 232, 153, 6, 2.58%, 1, 0, 11, 29.90
1570721009, 0, 219, 234, 155, 6, 2.59%, 1, 0, 11, 29.46
1570721014, 0, 219, 236, 157, 6, 2.60%, 1, 0, 11, 29.69
1570721029, 0, 219, 237, 158, 6, 2.60%, 1, 0, 11, 31.68
1570721034, 0, 219, 242, 163, 6, 2.63%, 1, 0, 11, 30.97
1570721040, 0, 219, 248, 169, 6, 2.64%, 1, 0, 11, 30.71
1570721065, 0, 219, 249, 170, 6, 2.64%, 1, 0, 11, 31.19
1570721106, 0, 223, 249, 169, 24, 2.64%, 1, 0, 11, 29.51
1570721152, 0, 223, 250, 170, 24, 2.65%, 1, 0, 12, 34.36
1570721286, 0, 224, 250, 169, 24, 2.65%, 1, 0, 12, 27.80
1570721465, 0, 226, 250, 168, 23, 2.65%, 1, 0, 12, 29.38
1570721650, 0, 227, 250, 167, 22, 2.65%, 1, 0, 12, 28.30
1570721727, 0, 227, 251, 168, 22, 2.65%, 1, 0, 12, 33.06
1570721820, 0, 229, 251, 167, 21, 2.65%, 1, 0, 12, 30.47
1570721922, 0, 230, 251, 166, 20, 2.65%, 1, 0, 12, 29.32
1570721952, 0, 230, 252, 167, 20, 2.66%, 1, 0, 12, 33.65
1570721983, 0, 230, 253, 168, 20, 2.66%, 1, 0, 12, 27.27
1570722024, 0, 231, 253, 167, 21, 2.66%, 1, 0, 12, 27.00
1570722091, 0, 231, 254, 168, 21, 2.67%, 1, 0, 12, 27.43
1570722131, 0, 232, 254, 167, 21, 2.67%, 1, 0, 12, 27.48
1570722142, 0, 232, 255, 168, 21, 2.67%, 1, 0, 12, 28.16
1570722162, 0, 232, 261, 174, 21, 2.68%, 1, 0, 12, 28.87
1570722233, 0, 233, 261, 173, 27, 2.68%, 1, 0, 12, 28.65
1570722295, 0, 233, 262, 174, 27, 2.68%, 1, 0, 12, 30.07
1570722336, 0, 234, 262, 173, 27, 2.68%, 1, 0, 12, 28.15
1570722433, 0, 235, 262, 172, 26, 2.68%, 1, 0, 12, 29.18
1570722530, 0, 236, 262, 171, 25, 2.68%, 1, 0, 12, 30.70
1570722535, 0, 236, 263, 172, 25, 2.68%, 1, 0, 12, 28.29
1570722617, 0, 236, 264, 173, 25, 2.68%, 1, 0, 12, 30.50
1570722653, 0, 237, 264, 172, 25, 2.68%, 1, 0, 12, 30.47
1570722750, 0, 239, 265, 172, 24, 2.68%, 1, 0, 12, 30.34
1570722756, 0, 239, 266, 173, 24, 2.69%, 1, 0, 12, 31.55
1570722781, 0, 239, 268, 175, 24, 2.69%, 1, 0, 12, 28.57
1570722802, 0, 239, 269, 176, 24, 2.69%, 1, 0, 12, 27.67
1570722807, 0, 239, 272, 179, 24, 2.69%, 1, 0, 12, 29.60
1570722812, 0, 239, 273, 180, 24, 2.69%, 1, 0, 12, 28.71
1570722853, 0, 240, 273, 179, 28, 2.69%, 1, 0, 12, 29.06
1570722950, 0, 241, 273, 178, 27, 2.69%, 1, 0, 12, 29.34
1570723048, 0, 241, 274, 179, 27, 2.69%, 1, 0, 12, 29.53
1570723073, 0, 242, 274, 178, 27, 2.69%, 1, 0, 12, 28.44
1570723170, 0, 243, 274, 177, 26, 2.69%, 1, 0, 12, 28.74
1570723273, 0, 244, 274, 176, 25, 2.69%, 1, 0, 12, 28.67
1570723289, 0, 244, 275, 177, 25, 2.70%, 1, 0, 12, 29.37
1570723376, 0, 245, 275, 176, 24, 2.70%, 1, 0, 12, 29.62
1570723407, 0, 245, 276, 177, 24, 2.70%, 1, 0, 12, 30.64
1570723432, 0, 245, 277, 178, 24, 2.70%, 1, 0, 12, 27.40
1570723474, 0, 246, 277, 177, 23, 2.70%, 1, 0, 12, 28.99
1570723545, 0, 246, 278, 178, 23, 2.70%, 1, 0, 12, 28.01
1570723581, 0, 247, 278, 177, 22, 2.70%, 1, 0, 12, 27.76
1570723647, 0, 247, 279, 178, 22, 2.70%, 1, 0, 12, 27.58
1570723682, 0, 248, 279, 177, 21, 2.70%, 1, 0, 12, 28.78
1570723687, 0, 248, 280, 178, 21, 2.71%, 1, 0, 12, 27.99
1570723693, 0, 248, 282, 180, 21, 2.71%, 1, 0, 12, 26.44
1570723794, 0, 249, 282, 179, 22, 2.71%, 1, 0, 12, 27.22
1570723978, 0, 251, 282, 178, 21, 2.71%, 1, 0, 12, 28.20
1570724075, 0, 252, 282, 177, 20, 2.71%, 1, 0, 12, 28.62
1570724178, 0, 253, 282, 176, 19, 2.71%, 1, 0, 12, 28.78
1570724280, 0, 254, 282, 175, 18, 2.71%, 1, 0, 12, 29.13
1570724347, 0, 254, 283, 176, 18, 2.71%, 1, 0, 13, 28.10
1570724383, 0, 255, 283, 175, 18, 2.71%, 1, 0, 13, 28.51
1570724388, 0, 255, 284, 176, 18, 2.71%, 1, 0, 13, 28.65
1570724485, 0, 256, 284, 175, 18, 2.71%, 1, 0, 13, 27.91
1570724551, 0, 256, 285, 176, 18, 2.72%, 1, 0, 13, 25.53
1570724596, 0, 257, 285, 175, 18, 2.72%, 1, 0, 13, 26.93
1570724663, 0, 257, 286, 176, 18, 2.72%, 1, 0, 13, 27.17
1570724703, 0, 258, 286, 175, 18, 2.72%, 1, 0, 13, 27.14
1570724806, 0, 259, 287, 175, 17, 2.72%, 1, 0, 13, 28.98
1570724857, 0, 259, 288, 176, 17, 2.72%, 1, 0, 13, 29.82
1570724867, 0, 259, 289, 177, 17, 2.72%, 1, 0, 13, 29.98
1570724903, 0, 260, 290, 177, 18, 2.72%, 1, 0, 13, 29.22
1570724914, 0, 260, 291, 178, 18, 2.73%, 1, 0, 13, 28.54
1570724970, 0, 260, 292, 179, 18, 2.73%, 1, 0, 13, 29.58
1570725006, 0, 261, 292, 178, 19, 2.73%, 1, 0, 13, 31.08
1570725108, 0, 263, 292, 177, 18, 2.73%, 1, 0, 13, 25.29
1570725113, 0, 263, 293, 178, 18, 2.73%, 1, 0, 13, 27.84
1570725394, 0, 264, 293, 177, 17, 2.73%, 1, 0, 13, 28.23
1570725425, 0, 264, 294, 178, 17, 2.73%, 1, 0, 13, 27.86
1570725476, 0, 264, 295, 179, 17, 2.73%, 1, 0, 13, 28.30
1570725501, 0, 265, 295, 178, 17, 2.73%, 1, 0, 13, 27.95
1570725506, 0, 265, 296, 179, 17, 2.73%, 1, 0, 13, 28.13
1570725532, 0, 265, 297, 180, 17, 2.73%, 1, 0, 13, 29.50
1570725604, 0, 266, 297, 179, 17, 2.73%, 1, 0, 13, 27.40
1570725660, 0, 266, 298, 180, 17, 2.73%, 1, 0, 13, 28.60
1570725706, 0, 267, 298, 179, 17, 2.73%, 1, 0, 13, 28.66
1570725809, 0, 268, 298, 178, 16, 2.73%, 1, 0, 13, 31.16
1570725906, 0, 269, 298, 177, 15, 2.73%, 1, 0, 13, 29.70
1570726004, 0, 273, 298, 176, 14, 2.73%, 1, 0, 13, 29.50
1570726060, 0, 273, 299, 177, 14, 2.73%, 1, 0, 13, 29.75
1570726256, 0, 279, 299, 176, 13, 2.73%, 1, 0, 13, 32.02
1570726353, 0, 280, 299, 175, 12, 2.73%, 1, 0, 13, 28.39
1570726389, 0, 280, 300, 176, 12, 2.75%, 1, 0, 13, 24.61
1570726456, 0, 282, 300, 175, 12, 2.75%, 1, 0, 13, 29.51
1570726532, 0, 282, 301, 176, 12, 2.75%, 1, 0, 14, 30.68
1570726553, 0, 283, 301, 175, 11, 2.75%, 1, 0, 14, 31.15
1570726645, 0, 284, 301, 174, 10, 2.75%, 1, 0, 14, 31.75
1570726738, 0, 285, 301, 173, 9, 2.75%, 1, 0, 14, 32.63
1570726835, 0, 286, 301, 172, 8, 2.75%, 1, 0, 14, 31.70
1570726871, 0, 286, 302, 173, 8, 2.75%, 1, 0, 14, 32.03
1570726927, 0, 288, 302, 172, 7, 2.75%, 1, 0, 14, 28.47
1570726963, 0, 288, 303, 173, 7, 2.75%, 1, 0, 14, 29.83
1570727030, 0, 289, 303, 172, 6, 2.75%, 1, 0, 14, 28.81
1570727127, 0, 291, 303, 171, 5, 2.75%, 1, 0, 14, 28.98
1570727132, 0, 291, 304, 172, 5, 2.75%, 1, 0, 14, 27.79
1570727230, 0, 296, 304, 171, 4, 2.75%, 1, 0, 14, 29.17
1570727327, 0, 297, 304, 170, 3, 2.75%, 1, 0, 14, 30.88
1570727394, 0, 297, 305, 171, 3, 2.75%, 1, 0, 14, 33.03
1570727420, 0, 299, 305, 170, 2, 2.75%, 1, 0, 14, 33.37
1570727430, 0, 299, 306, 171, 2, 2.75%, 2, 0, 14, 28.66
1570727517, 0, 305, 306, 170, 2, 2.75%, 2, 0, 14, 30.74
1570727620, 1, 47, 306, 169, 1, 2.75%, 2, 0, 14, 28.12
1570727640, 1, 53, 306, 168, 0, 2.75%, 2, 0, 14, 28.52
1570727748, 1, 54, 306, 167, 0, 2.75%, 2, 0, 14, 26.22
1570727753, 1, 56, 306, 167, 0, 2.75%, 2, 0, 14, 26.00
1570727835, 1, 58, 306, 166, 0, 2.75%, 2, 0, 14, 27.26
1570727896, 1, 63, 306, 165, 0, 2.75%, 2, 0, 14, 32.44
1570727901, 1, 65, 306, 165, 0, 2.75%, 2, 0, 14, 33.87
1570727906, 1, 66, 306, 165, 0, 2.75%, 2, 0, 14, 31.57
1570727911, 1, 71, 306, 165, 0, 2.75%, 2, 0, 14, 30.74
1570727916, 1, 73, 306, 165, 0, 2.75%, 2, 0, 14, 30.95
1570727921, 1, 75, 307, 166, 0, 2.75%, 2, 0, 14, 29.91
1570727926, 1, 81, 307, 166, 0, 2.75%, 2, 0, 14, 28.36
1570728482, 1, 83, 307, 165, 0, 2.75%, 2, 0, 14, 31.02
1570729382, 1, 84, 307, 164, 0, 2.75%, 2, 0, 14, 28.54
1570729531, 1, 85, 307, 163, 0, 2.75%, 2, 0, 14, 28.81
1570729679, 1, 85, 308, 164, 0, 2.76%, 2, 0, 14, 31.03
1570729685, 1, 85, 309, 165, 0, 2.76%, 2, 0, 14, 30.50
1570729690, 1, 85, 310, 166, 0, 2.76%, 2, 0, 14, 29.49
1570729946, 1, 91, 310, 165, 0, 2.76%, 2, 0, 14, 29.73
1570729987, 1, 92, 310, 164, 0, 2.76%, 2, 0, 14, 31.30
1570730023, 1, 92, 311, 165, 0, 2.76%, 2, 0, 14, 31.15
1570730655, 1, 92, 312, 166, 0, 2.76%, 2, 0, 14, 30.76
1570730680, 1, 95, 312, 165, 0, 2.76%, 2, 0, 14, 30.85
1570730685, 1, 104, 312, 165, 0, 2.76%, 2, 0, 14, 31.21
1570730690, 1, 105, 312, 165, 0, 2.76%, 2, 0, 14, 31.79
1570730777, 1, 107, 312, 164, 0, 2.76%, 2, 0, 14, 27.64
1570730910, 1, 107, 313, 165, 0, 2.76%, 2, 0, 14, 25.01
1570731145, 1, 108, 313, 164, 0, 2.76%, 2, 0, 14, 31.17
1570731366, 1, 108, 314, 165, 0, 2.76%, 2, 0, 14, 28.33
1570731458, 1, 111, 314, 164, 0, 2.76%, 2, 0, 14, 27.80
1570731765, 1, 112, 314, 163, 0, 2.76%, 2, 0, 14, 31.96
1570732057, 1, 119, 314, 162, 0, 2.76%, 2, 0, 14, 27.97
1570732433, 1, 121, 314, 161, 0, 2.76%, 2, 0, 14, 28.54
1570732633, 1, 121, 315, 162, 0, 2.76%, 2, 0, 14, 30.52
1570732772, 1, 121, 316, 163, 0, 2.76%, 2, 0, 14, 30.04
1570732797, 1, 123, 316, 162, 0, 2.76%, 2, 0, 14, 30.01
1570732803, 1, 127, 316, 162, 0, 2.76%, 2, 0, 14, 30.96
1570732808, 1, 128, 316, 162, 0, 2.76%, 2, 0, 14, 30.56
1570733064, 1, 128, 317, 163, 0, 2.77%, 2, 0, 14, 31.84
1570733121, 1, 164, 317, 162, 1, 2.77%, 2, 0, 14, 31.38
1570733208, 1, 164, 318, 163, 1, 2.77%, 2, 0, 14, 24.61
1570733492, 1, 208, 318, 162, 1, 2.77%, 2, 0, 14, 28.80
1570733595, 1, 316, 318, 161, 1, 2.77%, 2, 0, 14, 30.95
1570733918, 2, 3, 318, 160, 0, 2.77%, 2, 0, 14, 33.49
1570733943, 2, 4, 318, 159, 0, 2.77%, 2, 0, 14, 33.42
1570733969, 2, 5, 318, 158, 0, 2.77%, 2, 0, 14, 30.44
1570733989, 2, 7, 318, 157, 0, 2.77%, 2, 0, 14, 31.83
1570734015, 2, 11, 318, 156, 0, 2.77%, 2, 0, 14, 32.71
1570734036, 2, 15, 318, 155, 0, 2.77%, 2, 0, 14, 30.79
1570734046, 2, 17, 318, 154, 0, 2.77%, 2, 0, 14, 31.97
1570734051, 2, 18, 318, 154, 0, 2.77%, 2, 0, 14, 31.60
1570734072, 2, 22, 318, 153, 0, 2.77%, 2, 0, 14, 30.97
1570734082, 2, 23, 318, 152, 0, 2.77%, 2, 0, 14, 31.79
1570734144, 2, 32, 318, 151, 0, 2.77%, 2, 0, 14, 30.20
1570734169, 2, 33, 318, 150, 0, 2.77%, 2, 0, 14, 34.18
1570734174, 2, 37, 318, 150, 0, 2.77%, 2, 0, 14, 31.40
1570734195, 2, 39, 318, 149, 0, 2.77%, 2, 0, 14, 31.59
1570734220, 2, 41, 318, 148, 0, 2.77%, 2, 0, 14, 28.69
1570734236, 2, 48, 318, 147, 0, 2.77%, 2, 0, 14, 31.23
1570734251, 2, 49, 318, 146, 0, 2.77%, 2, 0, 14, 29.10
1570734292, 2, 58, 318, 145, 0, 2.77%, 2, 0, 14, 28.31
1570734297, 2, 61, 318, 145, 0, 2.77%, 2, 0, 14, 27.90
1570734379, 2, 63, 318, 144, 0, 2.77%, 2, 0, 14, 29.94
1570734384, 2, 64, 318, 144, 0, 2.77%, 2, 0, 14, 28.78
1570734389, 2, 66, 318, 144, 0, 2.77%, 2, 0, 14, 28.71
1570734394, 2, 68, 318, 144, 0, 2.77%, 2, 0, 14, 27.60
1570734400, 2, 71, 318, 144, 0, 2.77%, 2, 0, 14, 28.10
1570734405, 2, 75, 318, 144, 0, 2.77%, 2, 0, 14, 28.90
1570734410, 2, 79, 318, 144, 0, 2.77%, 2, 0, 14, 27.02
1570734899, 2, 89, 318, 143, 0, 2.77%, 2, 0, 14, 31.83
1570735271, 2, 90, 318, 142, 0, 2.77%, 2, 0, 14, 27.59
1570735291, 2, 94, 318, 141, 0, 2.77%, 2, 0, 14, 25.84
1570735383, 2, 94, 319, 142, 0, 2.77%, 2, 0, 14, 25.53
1570735429, 2, 95, 319, 141, 0, 2.77%, 2, 0, 14, 28.44
1570735434, 2, 99, 319, 141, 0, 2.77%, 2, 0, 14, 28.65
1570735439, 2, 104, 319, 141, 0, 2.77%, 2, 0, 14, 28.59
1570735444, 2, 111, 319, 141, 0, 2.77%, 2, 0, 14, 28.60
1570735449, 2, 123, 319, 141, 0, 2.77%, 2, 0, 14, 28.82
1570735454, 2, 126, 319, 141, 0, 2.77%, 2, 0, 14, 29.73
1570735460, 2, 131, 319, 141, 0, 2.77%, 2, 0, 14, 28.59
1570735772, 2, 133, 319, 140, 0, 2.77%, 2, 0, 14, 30.79
1570736094, 2, 140, 319, 139, 0, 2.77%, 2, 0, 14, 29.36
1570736115, 2, 142, 319, 138, 0, 2.77%, 2, 0, 14, 30.55
1570736120, 2, 143, 319, 138, 0, 2.77%, 2, 0, 14, 31.29
1570736274, 2, 145, 319, 137, 0, 2.77%, 2, 0, 14, 30.07
1570736381, 2, 148, 319, 136, 0, 2.77%, 2, 0, 14, 30.14
1570736677, 2, 153, 319, 135, 0, 2.77%, 2, 0, 14, 31.17
1570737071, 2, 154, 319, 134, 0, 2.77%, 2, 0, 14, 26.55
1570737438, 2, 154, 321, 136, 0, 2.77%, 2, 0, 14, 28.59
1570737469, 2, 154, 322, 137, 0, 2.77%, 2, 0, 14, 28.14
1570737546, 2, 155, 322, 136, 0, 2.77%, 2, 0, 14, 27.40
1570737929, 2, 156, 322, 135, 0, 2.77%, 2, 0, 14, 28.28
1570738256, 2, 160, 322, 134, 0, 2.77%, 2, 0, 14, 27.78
1570738261, 2, 162, 322, 134, 0, 2.77%, 2, 0, 14, 27.10
1570738266, 2, 163, 322, 134, 0, 2.77%, 2, 0, 14, 28.31
1570738585, 2, 170, 322, 133, 0, 2.77%, 2, 0, 14, 32.91
1570738907, 2, 172, 322, 132, 0, 2.77%, 2, 0, 14, 31.78
1570738912, 2, 176, 322, 132, 0, 2.77%, 2, 0, 14, 32.03
1570739215, 2, 177, 322, 131, 0, 2.77%, 2, 0, 14, 31.16
1570739241, 2, 177, 323, 132, 0, 2.78%, 2, 0, 14, 30.10
1570739261, 2, 177, 324, 133, 0, 2.78%, 2, 0, 14, 31.69
1570739517, 2, 178, 324, 132, 0, 2.78%, 2, 0, 14, 31.05
1570739829, 2, 191, 324, 131, 0, 2.78%, 2, 0, 14, 32.13
1570739834, 2, 192, 324, 131, 0, 2.78%, 2, 0, 14, 28.16
1570739839, 2, 193, 324, 131, 0, 2.78%, 2, 0, 14, 28.28
1570739845, 2, 194, 324, 131, 0, 2.78%, 2, 0, 14, 28.15
1570739850, 2, 196, 324, 131, 0, 2.78%, 2, 0, 14, 28.72
1570739855, 2, 199, 324, 131, 0, 2.78%, 2, 0, 14, 27.95
1570739983, 2, 199, 325, 132, 0, 2.78%, 2, 0, 14, 28.82
1570740189, 2, 200, 325, 131, 0, 2.78%, 2, 0, 14, 31.01
1570740276, 2, 200, 326, 132, 0, 2.78%, 2, 0, 14, 31.34
1570740302, 2, 201, 326, 131, 0, 2.78%, 2, 0, 14, 30.29
1570740307, 2, 204, 326, 131, 0, 2.78%, 2, 0, 14, 30.16
1570740312, 2, 205, 326, 131, 0, 2.78%, 2, 0, 14, 28.55
1570740317, 2, 206, 326, 131, 0, 2.78%, 2, 0, 14, 28.50
1570740322, 2, 207, 326, 131, 0, 2.78%, 2, 0, 14, 29.40
1570740327, 2, 209, 326, 131, 0, 2.78%, 2, 0, 14, 28.64
1570740332, 2, 212, 326, 131, 0, 2.78%, 2, 0, 14, 28.96
1570740338, 2, 213, 326, 131, 0, 2.78%, 2, 0, 14, 29.00
1570740348, 2, 214, 326, 131, 0, 2.78%, 2, 0, 14, 29.55
1570740353, 2, 216, 326, 131, 0, 2.78%, 2, 0, 14, 30.19
1570740358, 2, 217, 326, 131, 0, 2.78%, 2, 0, 14, 30.42
1570740363, 2, 220, 326, 131, 0, 2.78%, 2, 0, 14, 29.53
1570740404, 2, 220, 327, 132, 0, 2.79%, 2, 0, 14, 29.09
1570740435, 2, 222, 327, 131, 0, 2.79%, 2, 0, 14, 28.09
1570740563, 2, 224, 327, 130, 0, 2.79%, 2, 0, 14, 31.12
1570740568, 2, 226, 327, 130, 0, 2.79%, 2, 0, 14, 32.67
1570740573, 2, 227, 327, 130, 0, 2.79%, 2, 0, 14, 31.48
1570740578, 2, 229, 327, 130, 0, 2.79%, 2, 0, 14, 32.08
1570740583, 2, 230, 327, 130, 0, 2.79%, 2, 0, 14, 31.54
1570740588, 2, 231, 327, 130, 0, 2.79%, 2, 0, 14, 31.70
1570740593, 2, 232, 327, 130, 0, 2.79%, 2, 0, 14, 33.37
1570740599, 2, 233, 327, 130, 0, 2.79%, 2, 0, 14, 32.84
1570740604, 2, 234, 327, 130, 0, 2.79%, 2, 0, 14, 30.35
1570740609, 2, 235, 327, 130, 0, 2.79%, 2, 0, 14, 31.37
1570740614, 2, 236, 327, 130, 0, 2.79%, 2, 0, 14, 31.02
1570740619, 2, 239, 327, 130, 0, 2.79%, 2, 0, 14, 30.83
1570740624, 2, 240, 327, 130, 0, 2.79%, 2, 0, 14, 29.56
1570740629, 2, 241, 327, 130, 0, 2.79%, 2, 0, 14, 29.88
1570740640, 2, 243, 327, 130, 0, 2.79%, 2, 0, 14, 29.84
1570740650, 2, 245, 327, 130, 0, 2.79%, 2, 0, 14, 29.91
1570740655, 2, 246, 327, 130, 0, 2.79%, 2, 0, 14, 29.68
1570740660, 2, 247, 327, 130, 0, 2.79%, 2, 0, 14, 30.97
1570740665, 2, 248, 327, 130, 0, 2.79%, 2, 0, 14, 30.47
1570740670, 2, 249, 327, 130, 0, 2.79%, 2, 0, 14, 31.17
1570740675, 2, 251, 327, 130, 0, 2.79%, 2, 0, 14, 30.78
1570740680, 2, 253, 327, 130, 0, 2.79%, 2, 0, 14, 30.66
1570740686, 2, 254, 327, 130, 0, 2.79%, 2, 0, 14, 31.67
1570740691, 2, 256, 327, 130, 0, 2.79%, 2, 0, 14, 29.63
1570740696, 2, 257, 327, 130, 0, 2.79%, 2, 0, 14, 29.87
1570740701, 2, 258, 327, 130, 0, 2.79%, 2, 0, 14, 31.59
1570740706, 2, 261, 327, 130, 0, 2.79%, 2, 0, 14, 30.74
1570740712, 2, 261, 328, 131, 0, 2.79%, 2, 0, 14, 30.82
1570740717, 2, 263, 328, 131, 0, 2.79%, 2, 0, 14, 29.82
1570740722, 2, 265, 328, 131, 0, 2.79%, 2, 0, 14, 29.50
1570740727, 2, 266, 328, 131, 0, 2.79%, 2, 0, 14, 30.78
1570740732, 2, 267, 328, 131, 0, 2.79%, 2, 0, 14, 29.58
1570740737, 2, 268, 328, 131, 0, 2.79%, 2, 0, 14, 28.76
1570740747, 2, 269, 328, 131, 0, 2.79%, 2, 0, 14, 29.53
1570740753, 2, 273, 328, 131, 0, 2.79%, 2, 0, 14, 29.09
1570740758, 2, 279, 328, 131, 0, 2.79%, 2, 0, 14, 28.87
1570740763, 2, 282, 328, 131, 0, 2.79%, 2, 0, 14, 28.42
1570740768, 2, 283, 328, 131, 0, 2.79%, 2, 0, 14, 31.20
1570740773, 2, 284, 329, 132, 0, 2.79%, 2, 0, 14, 30.44
1570740783, 2, 285, 329, 132, 0, 2.79%, 2, 0, 14, 29.67
1570740788, 2, 286, 329, 132, 0, 2.79%, 2, 0, 14, 30.17
1570740793, 2, 288, 329, 132, 0, 2.79%, 2, 0, 14, 31.01
1570740799, 2, 289, 329, 132, 0, 2.79%, 2, 0, 14, 30.45
1570740804, 2, 290, 329, 132, 0, 2.79%, 2, 0, 14, 29.90
1570740901, 2, 291, 329, 131, 0, 2.79%, 2, 0, 14, 29.76
1570740906, 2, 292, 329, 131, 0, 2.79%, 2, 0, 14, 29.10
1570741184, 2, 296, 329, 130, 0, 2.79%, 2, 0, 14, 30.23
1570741189, 2, 297, 329, 130, 0, 2.79%, 2, 0, 14, 30.68
1570741194, 2, 298, 329, 130, 0, 2.79%, 2, 0, 14, 30.75
1570741451, 2, 299, 329, 129, 0, 2.79%, 2, 0, 14, 30.97
1570741456, 2, 302, 329, 129, 0, 2.79%, 2, 0, 14, 30.52
1570741558, 2, 303, 329, 128, 0, 2.79%, 2, 0, 14, 30.07
1570741650, 2, 303, 330, 129, 0, 2.79%, 2, 0, 15, 29.55
1570741701, 2, 304, 330, 128, 0, 2.79%, 2, 0, 15, 30.69
1570741742, 2, 304, 331, 129, 0, 2.79%, 2, 0, 15, 28.26
1570741813, 2, 304, 332, 130, 0, 2.79%, 2, 0, 15, 29.77
1570741844, 2, 331, 332, 129, 1, 2.79%, 2, 0, 15, 30.47
1570741900, 3, 8, 332, 128, 0, 2.79%, 2, 0, 15, 29.73
1570741906, 3, 20, 332, 128, 0, 2.79%, 2, 0, 15, 30.96
1570741911, 3, 25, 332, 128, 0, 2.79%, 2, 0, 15, 29.76
1570742074, 3, 29, 332, 127, 0, 2.79%, 2, 0, 15, 31.11
1570742105, 3, 33, 332, 126, 0, 2.79%, 2, 0, 15, 29.60
1570742110, 3, 35, 332, 126, 0, 2.79%, 2, 0, 15, 29.36
1570742131, 3, 37, 332, 125, 0, 2.79%, 2, 0, 15, 30.81
1570742136, 3, 59, 332, 125, 0, 2.79%, 2, 0, 15, 31.91
1570742239, 3, 63, 332, 124, 0, 2.79%, 2, 0, 15, 30.57
1570742244, 3, 64, 332, 124, 0, 2.79%, 2, 0, 15, 29.71
1570742249, 3, 66, 332, 124, 0, 2.79%, 2, 0, 15, 28.50
1570742254, 3, 68, 332, 124, 0, 2.79%, 2, 0, 15, 28.88
1570742259, 3, 73, 332, 124, 0, 2.79%, 2, 0, 15, 29.36
1570742264, 3, 75, 332, 124, 0, 2.79%, 2, 0, 15, 28.10
1570742269, 3, 82, 332, 124, 0, 2.79%, 2, 0, 15, 29.20
1570742275, 3, 96, 332, 124, 0, 2.79%, 2, 0, 15, 29.19
1570742357, 3, 97, 332, 123, 0, 2.79%, 2, 0, 15, 30.07
1570742362, 3, 100, 332, 123, 0, 2.79%, 2, 0, 15, 32.13
1570742454, 3, 104, 332, 122, 0, 2.79%, 2, 0, 15, 29.30
1570742459, 3, 113, 332, 122, 0, 2.79%, 2, 0, 15, 29.89
1570742782, 3, 115, 332, 121, 0, 2.79%, 2, 0, 15, 29.45
1570742788, 3, 118, 332, 121, 0, 2.79%, 2, 0, 15, 33.11
1570742998, 3, 123, 332, 120, 0, 2.79%, 2, 0, 15, 29.97
1570743004, 3, 125, 332, 120, 0, 2.79%, 2, 0, 15, 29.13
1570743274, 3, 126, 332, 119, 0, 2.79%, 2, 0, 15, 29.61
1570743280, 3, 140, 332, 119, 0, 2.79%, 2, 0, 15, 30.19
1570743285, 3, 141, 332, 119, 0, 2.79%, 2, 0, 15, 29.45
1570743290, 3, 144, 332, 119, 0, 2.79%, 2, 0, 15, 29.27
1570743295, 3, 152, 332, 119, 0, 2.79%, 2, 0, 15, 28.51
1570743683, 3, 155, 332, 118, 0, 2.79%, 2, 0, 15, 31.06
1570743688, 3, 157, 332, 118, 0, 2.79%, 2, 0, 15, 32.13
1570743960, 3, 159, 332, 117, 0, 2.79%, 2, 0, 15, 29.24
1570744289, 3, 160, 332, 116, 0, 2.79%, 2, 0, 15, 29.54
1570744295, 3, 162, 332, 116, 0, 2.79%, 2, 0, 15, 29.43
1570744300, 3, 172, 332, 116, 0, 2.79%, 2, 0, 15, 31.35
1570744305, 3, 174, 332, 116, 0, 2.79%, 2, 0, 15, 30.88
1570744459, 3, 175, 332, 115, 0, 2.79%, 2, 0, 15, 31.80
1570744618, 3, 179, 332, 114, 0, 2.79%, 2, 0, 15, 32.34
1570744916, 3, 182, 332, 113, 0, 2.79%, 2, 0, 15, 31.02
1570745234, 3, 189, 332, 112, 0, 2.79%, 2, 0, 15, 29.64
1570745239, 3, 191, 332, 112, 0, 2.79%, 2, 0, 15, 28.52
1570745244, 3, 192, 332, 112, 0, 2.79%, 2, 0, 15, 28.51
1570745250, 3, 193, 332, 112, 0, 2.79%, 2, 0, 15, 28.75
1570745255, 3, 194, 332, 112, 0, 2.79%, 2, 0, 15, 28.53
1570745260, 3, 196, 333, 113, 0, 2.79%, 2, 0, 15, 28.14
1570745270, 3, 201, 333, 113, 0, 2.79%, 2, 0, 15, 28.84
1570745275, 3, 203, 333, 113, 0, 2.79%, 2, 0, 15, 28.91
1570745377, 3, 204, 333, 112, 0, 2.79%, 2, 0, 15, 26.98
1570745382, 3, 205, 333, 112, 0, 2.79%, 2, 0, 15, 27.18
1570745387, 3, 206, 333, 112, 0, 2.79%, 2, 0, 15, 27.99
1570745393, 3, 207, 333, 112, 0, 2.79%, 2, 0, 15, 27.14
1570745398, 3, 209, 333, 112, 0, 2.79%, 2, 0, 15, 27.54
1570745403, 3, 210, 333, 112, 0, 2.79%, 2, 0, 15, 26.34
1570745740, 3, 212, 333, 111, 0, 2.79%, 2, 0, 15, 31.61
1570745745, 3, 214, 333, 111, 0, 2.79%, 2, 0, 15, 31.00
1570745750, 3, 215, 333, 111, 0, 2.79%, 2, 0, 15, 30.44
1570745756, 3, 216, 333, 111, 0, 2.79%, 2, 0, 15, 31.42
1570745761, 3, 217, 333, 111, 0, 2.79%, 2, 0, 15, 31.39
1570745766, 3, 224, 333, 111, 0, 2.79%, 2, 0, 15, 30.77
1570745771, 3, 226, 333, 111, 0, 2.79%, 2, 0, 15, 30.91
1570745776, 3, 227, 333, 111, 0, 2.79%, 2, 0, 15, 30.14
1570745781, 3, 229, 333, 111, 0, 2.79%, 2, 0, 15, 30.62
1570745786, 3, 230, 333, 111, 0, 2.79%, 2, 0, 15, 30.86
1570745792, 3, 231, 333, 111, 0, 2.79%, 2, 0, 15, 30.92
1570745797, 3, 232, 333, 111, 0, 2.79%, 2, 0, 15, 31.25
1570745802, 3, 234, 333, 111, 0, 2.79%, 2, 0, 15, 31.00
1570745807, 3, 235, 333, 111, 0, 2.79%, 2, 0, 15, 31.41
1570745812, 3, 236, 333, 111, 0, 2.79%, 2, 0, 15, 31.05
1570745817, 3, 237, 333, 111, 0, 2.79%, 2, 0, 15, 31.40
1570745822, 3, 239, 333, 111, 0, 2.79%, 2, 0, 15, 31.28
1570745828, 3, 240, 333, 111, 0, 2.79%, 2, 0, 15, 30.84
1570745833, 3, 241, 333, 111, 0, 2.79%, 2, 0, 15, 30.97
1570745838, 3, 242, 333, 111, 0, 2.79%, 2, 0, 15, 31.29
1570745843, 3, 243, 333, 111, 0, 2.79%, 2, 0, 15, 31.48
1570745848, 3, 244, 333, 111, 0, 2.79%, 2, 0, 15, 31.66
1570745853, 3, 245, 333, 111, 0, 2.79%, 2, 0, 15, 32.13
1570745858, 3, 246, 333, 111, 0, 2.79%, 2, 0, 15, 32.50
1570745863, 3, 247, 333, 111, 0, 2.79%, 2, 0, 15, 32.27
1570745868, 3, 248, 333, 111, 0, 2.79%, 2, 0, 15, 31.88
1570745874, 3, 249, 333, 111, 0, 2.79%, 2, 0, 15, 32.29
1570745879, 3, 251, 333, 111, 0, 2.79%, 2, 0, 15, 31.73
1570745884, 3, 253, 333, 111, 0, 2.79%, 2, 0, 15, 31.85
1570745889, 3, 256, 333, 111, 0, 2.79%, 2, 0, 15, 31.84
1570745894, 3, 257, 333, 111, 0, 2.79%, 2, 0, 15, 31.59
1570745899, 3, 258, 333, 111, 0, 2.79%, 2, 0, 15, 31.43
1570745904, 3, 261, 333, 111, 0, 2.79%, 2, 0, 15, 32.68
1570745909, 3, 262, 333, 111, 0, 2.79%, 2, 0, 15, 31.94
1570746007, 3, 263, 333, 110, 0, 2.79%, 2, 0, 15, 31.80
1570746012, 3, 266, 333, 110, 0, 2.79%, 2, 0, 15, 32.91
1570746017, 3, 267, 333, 110, 0, 2.79%, 2, 0, 15, 33.03
1570746022, 3, 268, 333, 110, 0, 2.79%, 2, 0, 15, 34.02
1570746027, 3, 269, 333, 110, 0, 2.79%, 2, 0, 15, 33.60
1570746033, 3, 270, 333, 110, 0, 2.79%, 2, 0, 15, 32.70
1570746130, 3, 273, 333, 109, 0, 2.79%, 2, 0, 15, 30.55
1570746135, 3, 279, 333, 109, 0, 2.79%, 2, 0, 15, 32.54
1570746140, 3, 281, 333, 109, 0, 2.79%, 2, 0, 15, 30.37
1570746238, 3, 282, 333, 108, 0, 2.79%, 2, 0, 15, 29.67
1570746243, 3, 283, 333, 108, 0, 2.79%, 2, 0, 15, 28.85
1570746248, 3, 284, 333, 108, 0, 2.79%, 2, 0, 15, 31.23
1570746253, 3, 285, 333, 108, 0, 2.79%, 2, 0, 15, 34.04
1570746258, 3, 286, 333, 108, 0, 2.79%, 2, 0, 15, 32.47
1570746264, 3, 288, 333, 108, 0, 2.79%, 2, 0, 15, 32.22
1570746269, 3, 289, 333, 108, 0, 2.79%, 2, 0, 15, 30.52
1570746274, 3, 291, 333, 108, 0, 2.79%, 2, 0, 15, 29.40
1570746279, 3, 296, 333, 108, 0, 2.79%, 2, 0, 15, 28.28
1570746284, 3, 297, 333, 108, 0, 2.79%, 2, 0, 15, 27.40
1570746289, 3, 299, 333, 108, 0, 2.79%, 2, 0, 15, 27.74
1570746294, 3, 305, 333, 108, 0, 2.79%, 2, 0, 15, 26.99
1570746299, 3, 307, 333, 108, 0, 2.79%, 2, 0, 15, 29.53
1570746715, 3, 311, 333, 107, 0, 2.79%, 2, 0, 15, 28.50
1570747238, 3, 320, 333, 106, 0, 2.79%, 2, 0, 15, 28.76
1570747248, 3, 320, 336, 109, 0, 2.79%, 2, 0, 15, 26.20
1570747320, 3, 320, 337, 110, 0, 2.80%, 2, 0, 15, 27.76
1570747431, 3, 320, 338, 111, 0, 2.80%, 2, 0, 15, 26.35
1570747457, 3, 320, 339, 112, 0, 2.80%, 2, 0, 15, 27.84
1570747947, 3, 320, 340, 113, 0, 2.80%, 2, 0, 15, 28.41
1570747988, 3, 320, 341, 114, 0, 2.80%, 2, 0, 15, 29.74
1570747999, 3, 320, 342, 115, 0, 2.80%, 2, 0, 15, 30.11
1570748167, 3, 323, 342, 114, 0, 2.80%, 2, 0, 15, 28.30
1570748259, 3, 323, 343, 115, 0, 2.80%, 2, 0, 15, 28.03
1570748515, 3, 331, 343, 114, 0, 2.80%, 2, 0, 15, 29.71
1570748526, 3, 332, 343, 114, 0, 2.80%, 2, 0, 15, 29.78
1570748916, 3, 332, 344, 115, 0, 2.80%, 2, 0, 15, 30.55
1570749014, 3, 332, 345, 116, 0, 2.80%, 2, 0, 15, 31.18
1570749188, 3, 341, 345, 115, 0, 2.80%, 2, 0, 15, 30.39
1570749203, 3, 341, 346, 116, 0, 2.80%, 2, 0, 15, 31.70
1570749229, 3, 341, 347, 117, 0, 2.81%, 2, 0, 15, 29.43
1570749367, 3, 342, 347, 116, 0, 2.81%, 2, 0, 15, 31.77
1570749571, 3, 342, 348, 117, 0, 2.81%, 2, 0, 15, 30.99
1570749679, 4, 16, 348, 116, 0, 2.81%, 2, 0, 15, 34.07
1570749684, 4, 24, 348, 116, 0, 2.81%, 2, 0, 15, 34.69
1570749705, 4, 40, 348, 115, 0, 2.81%, 2, 0, 15, 30.74
1570749730, 4, 43, 348, 114, 0, 2.81%, 2, 0, 15, 32.58
1570749740, 4, 47, 348, 113, 0, 2.81%, 2, 0, 15, 31.69
1570749746, 4, 60, 348, 113, 0, 2.81%, 2, 0, 15, 31.41
1570749756, 4, 63, 348, 112, 0, 2.81%, 2, 0, 15, 31.71
1570749761, 4, 65, 348, 112, 0, 2.81%, 2, 0, 15, 31.80
1570749766, 4, 67, 348, 112, 0, 2.81%, 2, 0, 15, 30.34
1570750089, 4, 69, 348, 111, 0, 2.81%, 2, 0, 15, 29.87
1570750452, 4, 71, 348, 110, 0, 2.81%, 2, 0, 15, 29.71
1570750457, 4, 73, 348, 110, 0, 2.81%, 2, 0, 15, 28.14
1570750462, 4, 82, 348, 110, 0, 2.81%, 2, 0, 15, 28.19
1570750468, 4, 95, 348, 110, 0, 2.81%, 2, 0, 15, 30.07
1570750473, 4, 104, 348, 110, 0, 2.81%, 2, 0, 15, 30.88
1570750478, 4, 115, 348, 110, 0, 2.81%, 2, 0, 15, 29.45
1570750483, 4, 117, 348, 110, 0, 2.81%, 2, 0, 15, 27.91
1570750869, 4, 123, 348, 109, 0, 2.81%, 2, 0, 15, 29.21
1570750874, 4, 127, 348, 109, 0, 2.81%, 2, 0, 15, 29.82
1570750880, 4, 137, 348, 109, 0, 2.81%, 2, 0, 15, 32.38
1570751043, 4, 141, 348, 108, 0, 2.81%, 2, 0, 15, 30.11
1570751048, 4, 142, 348, 108, 0, 2.81%, 2, 0, 15, 29.63
1570751053, 4, 146, 348, 108, 0, 2.81%, 2, 0, 15, 29.71
1570751361, 4, 150, 348, 107, 0, 2.81%, 2, 0, 15, 31.78
1570751366, 4, 161, 348, 107, 0, 2.81%, 2, 0, 15, 30.87
1570751690, 4, 164, 348, 106, 0, 2.81%, 2, 0, 15, 32.72
1570751695, 4, 166, 348, 106, 0, 2.81%, 2, 0, 15, 32.69
1570751700, 4, 169, 348, 106, 0, 2.81%, 2, 0, 15, 31.54
1570752018, 4, 187, 348, 105, 0, 2.81%, 2, 0, 15, 30.17
1570752156, 4, 188, 348, 104, 0, 2.81%, 2, 0, 15, 31.79
1570752464, 4, 191, 348, 103, 0, 2.81%, 2, 0, 15, 31.98
1570752470, 4, 192, 348, 103, 0, 2.81%, 2, 0, 15, 32.51
1570752475, 4, 193, 348, 103, 0, 2.81%, 2, 0, 15, 34.50
1570752480, 4, 194, 348, 103, 0, 2.81%, 2, 0, 15, 34.27
1570752485, 4, 196, 348, 103, 0, 2.81%, 2, 0, 15, 32.24
1570752490, 4, 201, 348, 103, 0, 2.81%, 2, 0, 15, 32.08
1570752495, 4, 204, 348, 103, 0, 2.81%, 2, 0, 15, 31.58
1570752501, 4, 205, 348, 103, 0, 2.81%, 2, 0, 15, 32.00
1570752506, 4, 207, 348, 103, 0, 2.81%, 2, 0, 15, 32.48
1570752511, 4, 209, 348, 103, 0, 2.81%, 2, 0, 15, 31.16
1570752516, 4, 212, 348, 103, 0, 2.81%, 2, 0, 15, 30.63
1570752521, 4, 214, 348, 103, 0, 2.81%, 2, 0, 15, 31.47
1570752526, 4, 215, 348, 103, 0, 2.81%, 2, 0, 15, 31.40
1570752531, 4, 216, 348, 103, 0, 2.81%, 2, 0, 15, 31.37
1570752537, 4, 217, 348, 103, 0, 2.81%, 2, 0, 15, 31.64
1570752542, 4, 224, 348, 103, 0, 2.81%, 2, 0, 15, 30.46
1570752547, 4, 226, 348, 103, 0, 2.81%, 2, 0, 15, 29.98
1570752552, 4, 227, 348, 103, 0, 2.81%, 2, 0, 15, 31.72
1570752557, 4, 229, 348, 103, 0, 2.81%, 2, 0, 15, 30.94
1570752562, 4, 230, 348, 103, 0, 2.81%, 2, 0, 15, 31.00
1570752567, 4, 231, 348, 103, 0, 2.81%, 2, 0, 15, 31.72
1570752572, 4, 232, 348, 103, 0, 2.81%, 2, 0, 15, 31.84
1570752577, 4, 233, 348, 103, 0, 2.81%, 2, 0, 15, 32.00
1570752582, 4, 234, 348, 103, 0, 2.81%, 2, 0, 15, 31.75
1570752588, 4, 235, 348, 103, 0, 2.81%, 2, 0, 15, 32.27
1570752593, 4, 236, 348, 103, 0, 2.81%, 2, 0, 15, 31.08
1570752598, 4, 237, 348, 103, 0, 2.81%, 2, 0, 15, 31.26
1570752603, 4, 239, 348, 103, 0, 2.81%, 2, 0, 15, 31.94
1570752608, 4, 240, 348, 103, 0, 2.81%, 2, 0, 15, 30.45
1570752613, 4, 241, 348, 103, 0, 2.81%, 2, 0, 15, 29.73
1570752618, 4, 242, 348, 103, 0, 2.81%, 2, 0, 15, 31.59
1570752623, 4, 243, 348, 103, 0, 2.81%, 2, 0, 15, 30.28
1570752628, 4, 245, 348, 103, 0, 2.81%, 2, 0, 15, 32.50
1570752634, 4, 246, 348, 103, 0, 2.81%, 2, 0, 15, 31.34
1570752639, 4, 247, 348, 103, 0, 2.81%, 2, 0, 15, 31.92
1570752644, 4, 248, 348, 103, 0, 2.81%, 2, 0, 15, 33.20
1570752649, 4, 249, 348, 103, 0, 2.81%, 2, 0, 15, 32.85
1570752654, 4, 251, 348, 103, 0, 2.81%, 2, 0, 15, 31.35
1570752659, 4, 253, 348, 103, 0, 2.81%, 2, 0, 15, 30.61
1570752664, 4, 254, 348, 103, 0, 2.81%, 2, 0, 15, 30.97
1570752669, 4, 256, 348, 103, 0, 2.81%, 2, 0, 15, 31.08
1570752674, 4, 257, 348, 103, 0, 2.81%, 2, 0, 15, 30.71
1570752680, 4, 258, 348, 103, 0, 2.81%, 2, 0, 15, 29.95
1570752685, 4, 261, 348, 103, 0, 2.81%, 2, 0, 15, 30.02
1570752690, 4, 263, 348, 103, 0, 2.81%, 2, 0, 15, 30.51
1570752695, 4, 265, 348, 103, 0, 2.81%, 2, 0, 15, 30.52
1570752700, 4, 266, 348, 103, 0, 2.81%, 2, 0, 15, 30.26
1570752705, 4, 267, 348, 103, 0, 2.81%, 2, 0, 15, 30.65
1570752710, 4, 268, 348, 103, 0, 2.81%, 2, 0, 15, 30.91
1570752715, 4, 269, 348, 103, 0, 2.81%, 2, 0, 15, 30.78
1570752720, 4, 271, 348, 103, 0, 2.81%, 2, 0, 15, 30.27
1570752817, 4, 273, 348, 102, 0, 2.81%, 2, 0, 15, 30.12
1570752822, 4, 277, 348, 102, 0, 2.81%, 2, 0, 15, 30.34
1570752925, 4, 278, 348, 101, 0, 2.81%, 2, 0, 15, 29.67
1570752992, 4, 278, 349, 102, 0, 2.81%, 2, 0, 15, 31.82
1570753023, 4, 279, 349, 101, 0, 2.81%, 2, 0, 15, 33.10
1570753028, 4, 282, 349, 101, 0, 2.81%, 2, 0, 15, 33.86
1570753033, 4, 283, 349, 101, 0, 2.81%, 2, 0, 15, 31.90
1570753038, 4, 284, 349, 101, 0, 2.81%, 2, 0, 15, 31.22
1570753043, 4, 285, 349, 101, 0, 2.81%, 2, 0, 15, 32.31
1570753048, 4, 286, 349, 101, 0, 2.81%, 2, 0, 15, 32.50
1570753053, 4, 288, 349, 101, 0, 2.81%, 2, 0, 15, 34.59
1570753058, 4, 289, 349, 101, 0, 2.81%, 2, 0, 15, 31.11
1570753064, 4, 291, 349, 101, 0, 2.81%, 2, 0, 15, 31.36
1570753069, 4, 296, 349, 101, 0, 2.81%, 2, 0, 15, 31.02
1570753074, 4, 297, 349, 101, 0, 2.81%, 2, 0, 15, 29.30
1570753079, 4, 305, 349, 101, 0, 2.81%, 2, 0, 15, 29.51
1570753089, 4, 308, 349, 101, 0, 2.81%, 2, 0, 15, 30.33
1570753485, 4, 308, 350, 102, 0, 2.81%, 2, 0, 15, 32.43
1570753525, 4, 309, 350, 101, 0, 2.81%, 2, 0, 15, 31.80
1570753930, 4, 317, 350, 100, 0, 2.81%, 2, 0, 15, 30.01
1570754313, 4, 324, 350, 99, 0, 2.81%, 2, 0, 15, 30.42
1570754667, 4, 329, 350, 98, 0, 2.81%, 2, 0, 15, 30.11
1570754703, 4, 329, 351, 99, 0, 2.82%, 2, 0, 16, 29.11
1570755016, 4, 329, 352, 100, 0, 2.82%, 2, 0, 16, 30.89
1570755853, 4, 329, 353, 101, 0, 2.82%, 2, 0, 16, 30.46
1570756228, 4, 329, 354, 102, 0, 2.82%, 2, 0, 16, 30.27
1570756458, 4, 329, 355, 103, 0, 2.82%, 2, 0, 16, 31.12
1570756873, 4, 329, 356, 104, 0, 2.82%, 2, 0, 16, 28.24
1570758000, 4, 329, 357, 105, 0, 2.83%, 2, 0, 16, 28.45
1570758686, 4, 329, 358, 106, 0, 2.83%, 2, 0, 16, 28.93
1570761605, 4, 331, 358, 105, 0, 2.83%, 2, 0, 16, 30.34
1570761610, 4, 343, 358, 105, 0, 2.83%, 2, 0, 16, 30.17
1570761661, 4, 343, 359, 106, 0, 2.83%, 2, 0, 16, 31.29
1570761799, 4, 343, 360, 107, 0, 2.83%, 2, 0, 16, 28.59
1570762211, 4, 343, 361, 108, 0, 2.83%, 2, 0, 16, 30.09
1570762246, 4, 343, 362, 109, 0, 2.83%, 2, 0, 16, 29.46
1570762360, 4, 353, 362, 108, 0, 2.83%, 2, 0, 16, 29.61
1570764654, 4, 353, 363, 109, 0, 2.84%, 2, 0, 17, 26.95
1570764987, 4, 353, 364, 110, 0, 2.84%, 2, 0, 17, 28.64
1570765431, 4, 353, 365, 111, 0, 2.84%, 2, 0, 17, 26.69
1570765682, 4, 353, 366, 112, 0, 2.84%, 2, 0, 17, 30.79
1570765764, 4, 353, 367, 113, 0, 2.84%, 2, 0, 17, 31.62
1570766895, 4, 353, 368, 114, 0, 2.85%, 2, 0, 17, 32.30
1570767814, 4, 353, 369, 115, 0, 2.85%, 2, 0, 17, 29.43
1570768142, 4, 353, 370, 116, 0, 2.85%, 2, 0, 17, 31.43
1570768353, 4, 353, 371, 117, 0, 2.85%, 2, 0, 17, 32.38
1570769214, 4, 353, 372, 118, 0, 2.85%, 2, 0, 17, 31.64
1570769337, 4, 364, 372, 117, 1, 2.85%, 2, 0, 17, 30.08
1570771295, 4, 364, 373, 118, 1, 2.85%, 2, 0, 18, 31.47
1570771557, 4, 364, 374, 119, 1, 2.85%, 2, 0, 18, 33.55
1570772183, 4, 364, 375, 120, 1, 2.86%, 2, 0, 18, 31.16
1570773501, 4, 364, 376, 121, 1, 2.86%, 2, 0, 18, 27.47
1570774239, 4, 364, 377, 122, 1, 2.86%, 2, 0, 18, 32.89
1570774434, 4, 364, 378, 123, 1, 2.86%, 2, 0, 18, 24.84
1570774449, 4, 364, 379, 124, 1, 2.87%, 2, 0, 18, 27.05
1570775492, 4, 364, 380, 125, 1, 2.87%, 2, 0, 18, 14.38
1570775645, 4, 364, 381, 126, 1, 2.87%, 2, 0, 18, 15.36
1570776143, 4, 364, 382, 127, 1, 2.87%, 2, 0, 18, 16.35
1570776531, 4, 364, 383, 128, 1, 2.87%, 2, 0, 18, 17.51
1570777120, 4, 364, 384, 129, 1, 2.87%, 2, 0, 18, 16.62
1570777304, 4, 364, 385, 130, 1, 2.87%, 2, 0, 18, 16.07
1570777699, 4, 367, 385, 129, 2, 2.87%, 2, 0, 18, 17.22
1570778462, 4, 367, 386, 130, 2, 2.88%, 2, 0, 18, 15.36
1570779409, 4, 367, 387, 131, 2, 2.88%, 2, 0, 18, 18.73
1570780981, 4, 367, 388, 132, 2, 2.88%, 2, 0, 18, 17.23
1570781058, 4, 367, 389, 133, 2, 2.88%, 2, 0, 18, 17.79
1570783912, 4, 367, 390, 134, 2, 2.88%, 2, 0, 18, 17.32
1570784097, 4, 367, 391, 135, 2, 2.88%, 2, 0, 18, 18.40
1570785147, 4, 367, 392, 136, 2, 2.89%, 2, 0, 18, 16.63
1570785751, 4, 367, 393, 137, 2, 2.89%, 2, 0, 18, 16.61
1570787513, 4, 367, 394, 138, 2, 2.89%, 2, 0, 18, 16.41
1570790056, 4, 378, 394, 137, 2, 2.89%, 2, 0, 18, 17.60
1570790933, 4, 378, 395, 138, 2, 2.89%, 2, 0, 19, 16.86
1570791460, 4, 378, 396, 139, 2, 2.89%, 2, 0, 19, 18.07
1570792689, 4, 378, 397, 140, 2, 2.89%, 2, 0, 19, 16.73
1570793289, 4, 378, 398, 141, 2, 2.90%, 2, 0, 19, 16.80
1570797326, 4, 378, 399, 142, 2, 2.90%, 2, 0, 19, 14.56
1570799081, 4, 378, 400, 143, 2, 2.90%, 2, 0, 19, 14.50
1570801001, 4, 378, 401, 144, 2, 2.90%, 2, 0, 19, 13.99
1570801205, 4, 378, 402, 145, 2, 2.91%, 2, 0, 19, 14.60
1570801327, 4, 378, 403, 146, 2, 2.91%, 2, 0, 19, 14.16
1570801818, 4, 378, 404, 147, 2, 2.91%, 2, 0, 19, 15.56
1570802596, 4, 378, 405, 148, 2, 2.91%, 2, 0, 19, 15.51
1570803972, 4, 384, 405, 147, 2, 2.91%, 2, 0, 19, 14.93
1570806363, 4, 384, 406, 148, 2, 2.91%, 2, 0, 19, 15.01
1570807922, 4, 384, 407, 149, 2, 2.91%, 2, 0, 19, 14.70
1570808577, 4, 384, 408, 150, 2, 2.92%, 2, 0, 19, 15.13
1570809501, 4, 384, 409, 151, 2, 2.92%, 2, 0, 19, 14.33
1570810053, 4, 384, 410, 152, 2, 2.92%, 2, 0, 19, 13.83
1570815511, 4, 384, 411, 153, 2, 2.92%, 2, 0, 19, 14.08
1570816411, 4, 396, 411, 152, 1, 2.92%, 2, 0, 19, 14.90
1570816585, 4, 396, 412, 153, 1, 2.92%, 2, 0, 20, 15.00
1570817009, 4, 396, 413, 154, 1, 2.93%, 2, 0, 20, 13.97
1570817937, 4, 396, 414, 155, 1, 2.93%, 2, 0, 20, 14.19
1570819800, 4, 396, 415, 156, 1, 2.93%, 2, 0, 20, 14.98
1570822279, 4, 396, 416, 157, 1, 2.93%, 2, 0, 20, 15.07
1570825127, 4, 396, 417, 158, 1, 2.93%, 2, 0, 20, 14.59
1570826064, 4, 396, 418, 159, 1, 2.93%, 2, 0, 20, 15.15
1570829078, 4, 396, 419, 160, 1, 2.94%, 2, 0, 20, 14.77
1570830141, 4, 396, 420, 161, 1, 2.94%, 2, 0, 20, 15.15
1570830955, 4, 401, 420, 160, 1, 2.94%, 2, 0, 20, 15.03
1570831784, 4, 401, 421, 161, 1, 2.94%, 2, 0, 20, 14.24
1570832136, 4, 401, 422, 162, 1, 2.94%, 2, 0, 20, 14.66
1570836636, 4, 401, 423, 163, 1, 2.94%, 2, 0, 20, 14.74
1570839791, 4, 401, 424, 164, 1, 2.94%, 2, 0, 20, 14.97
1570841141, 4, 401, 425, 165, 1, 2.94%, 2, 0, 20, 14.23
