# unix_time, cycles_done, cur_path, paths_total, pending_total, pending_favs, map_size, unique_crashes, unique_hangs, max_depth, execs_per_sec
1571481993, 0, 0, 1, 1, 1, 0.46%, 0, 0, 1, 47.62
1571482003, 0, 0, 2, 2, 1, 0.47%, 0, 0, 2, 49.69
1571482019, 0, 1, 2, 1, 1, 0.47%, 0, 1, 2, 49.55
1571482024, 0, 1, 2, 1, 1, 0.47%, 0, 2, 2, 49.42
1571482034, 0, 1, 2, 1, 1, 0.47%, 0, 4, 2, 19.02
1571482045, 0, 1, 3, 2, 1, 0.49%, 0, 4, 3, 46.00
1571482055, 0, 2, 3, 1, 1, 0.49%, 0, 4, 3, 48.72
1571482060, 0, 2, 4, 2, 1, 0.49%, 0, 5, 4, 49.38
1571482097, 0, 3, 5, 2, 1, 0.50%, 0, 6, 5, 1.88
1571482148, 0, 4, 6, 2, 1, 0.50%, 0, 7, 6, 6.76
1571482153, 0, 4, 7, 3, 1, 0.52%, 0, 8, 6, 42.44
1571482164, 0, 4, 8, 4, 1, 0.52%, 0, 8, 6, 30.98
