# unix_time, cycles_done, cur_path, paths_total, pending_total, pending_favs, map_size, unique_crashes, unique_hangs, max_depth, execs_per_sec
1569123304, 0, 0, 4, 4, 1, 0.30%, 0, 0, 1, 196.72
1569123309, 0, 2, 13, 13, 1, 0.33%, 0, 0, 2, 215.42
1569123314, 0, 2, 14, 14, 1, 0.33%, 0, 0, 2, 220.93
1569123329, 0, 2, 16, 16, 1, 0.34%, 0, 0, 2, 226.24
1569123339, 0, 2, 17, 17, 1, 0.34%, 0, 0, 2, 227.24
1569123344, 0, 2, 19, 19, 1, 0.35%, 0, 0, 2, 226.19
1569123359, 0, 2, 21, 21, 1, 0.35%, 0, 0, 2, 227.88
1569123370, 0, 2, 22, 22, 1, 0.35%, 0, 0, 2, 190.39
1569123395, 0, 2, 24, 24, 1, 0.36%, 0, 0, 2, 231.98
1569123400, 0, 2, 25, 25, 1, 0.36%, 0, 0, 2, 231.40
1569123416, 0, 2, 26, 26, 1, 0.36%, 0, 0, 2, 231.71
1569123437, 0, 2, 28, 28, 1, 0.37%, 0, 0, 2, 231.76
1569123447, 0, 2, 29, 29, 1, 0.37%, 0, 0, 2, 232.50
1569123452, 0, 2, 31, 31, 1, 0.38%, 0, 0, 2, 232.74
1569123457, 0, 7, 31, 30, 7, 0.38%, 0, 0, 2, 231.92
1569123462, 0, 7, 33, 32, 7, 0.38%, 0, 0, 3, 232.02
1569123468, 0, 7, 34, 33, 7, 0.39%, 0, 0, 3, 231.42
1569123478, 0, 13, 34, 32, 5, 0.39%, 0, 0, 3, 233.55
1569123483, 0, 13, 35, 33, 5, 0.39%, 0, 0, 3, 230.16
1569123488, 0, 13, 36, 34, 5, 0.39%, 0, 0, 3, 232.13
1569123498, 0, 18, 36, 33, 5, 0.39%, 0, 0, 3, 232.82
1569123504, 0, 18, 37, 34, 5, 0.40%, 0, 0, 3, 232.57
1569123509, 0, 22, 37, 33, 4, 0.40%, 0, 0, 3, 232.54
1569123514, 0, 24, 37, 32, 3, 0.40%, 0, 0, 3, 231.15
1569123519, 0, 24, 38, 33, 3, 0.40%, 0, 0, 3, 226.57
1569123524, 0, 24, 39, 34, 3, 0.40%, 0, 0, 3, 223.94
1569123534, 0, 32, 39, 33, 2, 0.40%, 0, 0, 3, 222.75
1569123539, 0, 35, 39, 32, 1, 0.40%, 0, 0, 3, 222.30
1569123544, 1, 3, 39, 31, 0, 0.40%, 0, 0, 3, 219.59
1569123555, 1, 4, 39, 30, 0, 0.40%, 0, 0, 3, 222.10
1569123565, 1, 11, 39, 29, 0, 0.40%, 0, 0, 3, 230.22
1569123570, 1, 21, 39, 28, 0, 0.40%, 0, 0, 3, 230.38
1569123590, 1, 21, 40, 29, 0, 0.40%, 0, 0, 3, 230.67
1569123606, 1, 21, 41, 30, 0, 0.41%, 0, 0, 3, 229.47
1569123626, 1, 29, 41, 29, 0, 0.41%, 0, 0, 3, 227.95
1569123637, 1, 30, 41, 28, 0, 0.41%, 0, 0, 3, 203.72
1569123642, 2, 0, 41, 27, 0, 0.41%, 0, 0, 3, 222.21
1569123652, 2, 6, 41, 26, 0, 0.41%, 0, 0, 3, 227.13
1569123657, 2, 7, 41, 25, 0, 0.41%, 0, 0, 3, 228.13
1569123662, 2, 12, 41, 25, 0, 0.41%, 0, 0, 3, 228.02
1569123667, 2, 14, 42, 25, 0, 0.41%, 0, 0, 3, 227.65
1569123677, 2, 20, 42, 24, 0, 0.41%, 0, 0, 3, 229.18
1569123682, 2, 31, 42, 23, 0, 0.41%, 0, 0, 3, 222.27
1569123692, 2, 34, 42, 22, 0, 0.41%, 0, 0, 3, 229.23
1569123697, 3, 1, 42, 21, 0, 0.41%, 0, 0, 3, 229.22
1569123702, 3, 5, 42, 20, 0, 0.41%, 0, 0, 3, 227.59
1569123707, 3, 5, 43, 21, 0, 0.41%, 0, 0, 3, 226.59
1569123712, 3, 7, 43, 20, 0, 0.41%, 0, 0, 3, 198.45
1569123717, 3, 8, 43, 20, 0, 0.41%, 0, 0, 3, 223.79
1569123722, 3, 24, 43, 19, 0, 0.41%, 0, 0, 3, 227.63
1569123727, 3, 25, 43, 19, 0, 0.41%, 0, 0, 3, 228.81
1569123732, 3, 26, 43, 18, 0, 0.41%, 0, 0, 3, 229.60
1569123737, 3, 27, 43, 17, 0, 0.41%, 0, 0, 3, 224.56
1569123742, 3, 28, 43, 16, 0, 0.41%, 0, 0, 3, 226.04
1569123748, 3, 33, 43, 15, 0, 0.41%, 0, 0, 3, 231.98
1569123753, 3, 33, 44, 16, 0, 0.42%, 0, 0, 4, 233.25
1569123758, 4, 7, 44, 15, 0, 0.42%, 0, 0, 4, 227.68
1569123763, 4, 9, 45, 16, 0, 0.42%, 0, 0, 4, 227.44
1569123768, 4, 16, 45, 15, 0, 0.42%, 0, 0, 4, 227.29
1569123773, 4, 17, 45, 14, 0, 0.42%, 0, 0, 4, 224.35
1569123788, 4, 32, 45, 13, 0, 0.42%, 0, 0, 4, 233.00
1569123793, 4, 37, 45, 13, 0, 0.42%, 0, 0, 4, 232.38
1569123798, 4, 37, 46, 14, 0, 0.42%, 0, 0, 4, 231.32
1569123814, 4, 40, 47, 14, 0, 0.42%, 0, 0, 4, 227.51
1569123834, 4, 40, 48, 15, 0, 0.43%, 0, 0, 4, 226.62
1569123844, 4, 40, 49, 16, 0, 0.43%, 0, 0, 4, 227.59
1569123865, 4, 40, 50, 17, 0, 0.43%, 0, 0, 4, 217.27
1569123875, 4, 41, 50, 16, 0, 0.43%, 0, 0, 4, 226.31
1569123880, 4, 41, 51, 17, 0, 0.43%, 0, 0, 4, 229.52
1569123895, 4, 50, 51, 16, 1, 0.43%, 0, 0, 4, 228.79
1569123915, 4, 50, 52, 17, 1, 0.44%, 0, 0, 5, 227.21
1569123966, 5, 19, 52, 16, 0, 0.44%, 0, 0, 5, 225.00
1569123971, 5, 19, 53, 17, 0, 0.44%, 0, 0, 5, 225.52
1569123976, 5, 22, 53, 16, 0, 0.44%, 0, 0, 5, 226.91
1569123981, 5, 49, 53, 16, 0, 0.44%, 0, 0, 5, 224.86
1569123996, 5, 49, 54, 17, 0, 0.44%, 0, 0, 5, 228.43
1569124073, 5, 50, 54, 16, 0, 0.44%, 0, 0, 5, 229.81
1569124078, 5, 51, 54, 16, 0, 0.44%, 0, 0, 5, 227.42
1569124190, 5, 51, 55, 17, 0, 0.45%, 0, 0, 6, 229.66
1569124211, 5, 51, 56, 18, 0, 0.45%, 0, 0, 6, 222.35
1569124246, 5, 51, 57, 19, 0, 0.45%, 0, 0, 6, 225.01
1569124353, 5, 51, 58, 20, 0, 0.45%, 0, 0, 6, 227.48
1569124394, 5, 51, 59, 21, 0, 0.45%, 0, 0, 6, 230.26
1569124584, 5, 51, 60, 22, 0, 0.45%, 0, 0, 6, 229.80
1569124870, 5, 51, 61, 23, 0, 0.46%, 0, 0, 6, 225.91
1569124890, 5, 51, 62, 24, 0, 0.46%, 0, 0, 6, 226.92
1569124977, 5, 51, 63, 25, 0, 0.46%, 0, 0, 6, 225.63
1569125029, 5, 51, 64, 26, 0, 0.46%, 0, 0, 6, 233.54
1569125090, 5, 51, 65, 27, 0, 0.47%, 0, 0, 6, 234.92
1569125131, 5, 51, 66, 28, 0, 0.47%, 0, 0, 6, 231.08
1569125202, 5, 51, 67, 29, 0, 0.47%, 0, 0, 6, 219.42
1569125435, 5, 51, 68, 30, 0, 0.47%, 0, 0, 6, 230.36
1569125481, 5, 51, 69, 31, 0, 0.48%, 0, 0, 6, 236.13
1569125853, 5, 51, 70, 32, 0, 0.48%, 0, 0, 6, 225.07
1569126015, 5, 51, 71, 33, 0, 0.48%, 0, 0, 6, 235.01
1569126127, 5, 51, 72, 34, 0, 0.49%, 0, 0, 6, 232.65
1569126169, 5, 53, 72, 33, 0, 0.49%, 0, 0, 6, 232.38
1569126205, 5, 53, 73, 34, 0, 0.49%, 0, 0, 6, 233.56
1569126261, 5, 55, 73, 33, 0, 0.49%, 0, 0, 6, 228.61
1569126286, 5, 55, 74, 34, 0, 0.49%, 0, 0, 7, 228.45
1569126511, 5, 55, 75, 35, 0, 0.49%, 0, 0, 7, 230.20
1569126842, 5, 55, 76, 36, 0, 0.49%, 0, 0, 7, 223.49
1569127143, 5, 55, 77, 37, 0, 0.50%, 0, 0, 7, 230.92
1569127603, 5, 55, 78, 38, 0, 0.50%, 0, 0, 7, 229.31
1569128026, 5, 55, 79, 39, 0, 0.50%, 0, 0, 7, 231.85
1569128036, 5, 55, 80, 40, 0, 0.50%, 0, 0, 7, 231.47
1569128333, 5, 55, 81, 41, 0, 0.51%, 0, 0, 7, 224.21
1569128460, 5, 64, 81, 40, 0, 0.51%, 0, 0, 7, 225.67
1569128491, 5, 64, 82, 41, 0, 0.51%, 0, 0, 7, 222.13
1569129486, 5, 64, 83, 42, 0, 0.51%, 0, 0, 7, 226.87
1569130052, 5, 64, 84, 43, 0, 0.51%, 0, 0, 7, 228.78
1569130190, 5, 64, 85, 44, 0, 0.52%, 0, 0, 7, 231.16
1569130731, 5, 66, 85, 43, 0, 0.52%, 0, 0, 7, 233.92
1569130766, 5, 66, 86, 44, 0, 0.52%, 0, 0, 7, 228.72
1569130903, 5, 66, 87, 45, 0, 0.52%, 0, 0, 7, 235.88
1569130970, 5, 66, 88, 46, 0, 0.52%, 0, 0, 7, 225.00
1569131276, 5, 66, 89, 47, 0, 0.53%, 0, 0, 7, 226.97
1569131540, 5, 66, 90, 48, 0, 0.53%, 0, 0, 7, 225.86
1569131616, 5, 66, 91, 49, 0, 0.53%, 0, 0, 7, 232.92
1569131799, 5, 66, 92, 50, 0, 0.53%, 0, 0, 7, 233.11
1569132192, 5, 66, 93, 51, 0, 0.54%, 0, 0, 7, 230.43
1569133007, 5, 67, 93, 50, 0, 0.54%, 0, 0, 7, 229.19
1569133476, 5, 67, 94, 51, 0, 0.54%, 0, 0, 7, 230.95
1569133558, 5, 67, 95, 52, 0, 0.54%, 0, 0, 7, 230.93
1569133654, 5, 67, 96, 53, 0, 0.54%, 0, 0, 7, 231.72
1569134323, 5, 67, 97, 54, 0, 0.54%, 0, 0, 7, 226.56
1569134522, 5, 67, 98, 55, 0, 0.55%, 0, 0, 7, 229.40
1569134613, 5, 67, 99, 56, 0, 0.55%, 0, 0, 7, 230.42
1569135063, 5, 67, 100, 57, 0, 0.55%, 0, 0, 7, 234.85
1569135292, 5, 68, 100, 56, 0, 0.55%, 0, 0, 7, 227.12
1569136081, 5, 68, 101, 57, 0, 0.55%, 0, 0, 7, 229.54
1569136341, 5, 68, 102, 58, 0, 0.55%, 0, 0, 7, 225.12
1569136713, 5, 68, 103, 59, 0, 0.56%, 0, 0, 7, 236.73
1569136728, 5, 68, 104, 60, 0, 0.56%, 0, 0, 7, 237.24
1569136906, 5, 68, 105, 61, 0, 0.56%, 0, 0, 7, 228.08
1569137038, 5, 68, 106, 62, 0, 0.56%, 0, 0, 7, 234.62
1569137568, 5, 72, 106, 61, 0, 0.56%, 0, 0, 7, 228.17
1569137665, 5, 73, 106, 60, 0, 0.56%, 0, 0, 7, 230.85
1569138420, 5, 73, 107, 61, 0, 0.57%, 0, 0, 8, 231.25
1569139950, 5, 75, 107, 60, 0, 0.57%, 0, 0, 8, 226.31
1569140792, 5, 75, 108, 61, 0, 0.57%, 0, 0, 8, 230.17
1569141482, 5, 75, 109, 62, 0, 0.57%, 0, 0, 8, 218.30
1569141650, 5, 75, 110, 63, 0, 0.57%, 0, 0, 8, 222.81
1569142238, 5, 79, 110, 62, 0, 0.57%, 0, 0, 8, 232.95
1569142898, 5, 79, 111, 63, 0, 0.58%, 0, 0, 8, 224.61
1569143991, 5, 79, 112, 64, 0, 0.58%, 0, 0, 8, 234.44
1569144520, 5, 85, 112, 63, 0, 0.58%, 0, 0, 8, 227.21
1569146813, 5, 86, 112, 62, 0, 0.58%, 0, 0, 8, 227.35
1569148619, 5, 86, 113, 63, 0, 0.58%, 0, 0, 8, 232.32
1569149089, 5, 87, 113, 62, 0, 0.58%, 0, 0, 8, 226.92
1569151754, 5, 89, 113, 61, 0, 0.58%, 0, 0, 8, 153.74
1569151841, 5, 89, 114, 62, 0, 0.58%, 0, 0, 8, 159.78
1569152642, 5, 89, 115, 63, 0, 0.58%, 0, 0, 8, 181.80
1569152882, 5, 89, 116, 64, 0, 0.59%, 0, 0, 8, 232.10
1569153321, 5, 89, 117, 65, 0, 0.59%, 0, 0, 8, 229.11
1569154297, 5, 93, 117, 64, 0, 0.59%, 0, 0, 8, 165.02
1569154551, 5, 93, 118, 65, 0, 0.59%, 0, 0, 8, 228.78
1569156654, 5, 95, 118, 64, 0, 0.59%, 0, 0, 8, 224.72
1569158965, 5, 98, 118, 63, 0, 0.59%, 0, 0, 8, 230.48
1569159995, 5, 98, 119, 64, 0, 0.59%, 0, 0, 8, 223.60
1569161254, 5, 99, 119, 63, 0, 0.59%, 0, 0, 8, 174.33
1569161917, 5, 99, 120, 64, 0, 0.59%, 0, 0, 8, 196.94
1569163563, 5, 100, 120, 63, 0, 0.59%, 0, 0, 8, 207.22
1569165881, 5, 101, 120, 62, 0, 0.59%, 0, 0, 8, 222.05
1569166930, 5, 101, 121, 63, 0, 0.60%, 0, 0, 8, 228.12
1569167343, 5, 101, 122, 64, 0, 0.60%, 0, 0, 8, 228.25
1569168165, 5, 102, 122, 63, 0, 0.60%, 0, 0, 8, 220.66
1569170303, 5, 102, 123, 64, 0, 0.60%, 0, 0, 8, 235.66
1569170451, 5, 109, 123, 63, 0, 0.60%, 0, 0, 8, 229.82
1569172542, 5, 109, 124, 64, 0, 0.61%, 0, 0, 9, 235.38
1569172747, 5, 123, 124, 63, 1, 0.61%, 0, 0, 9, 227.89
1569175047, 6, 10, 124, 62, 0, 0.61%, 0, 0, 9, 230.23
1569175104, 6, 22, 124, 61, 0, 0.61%, 0, 0, 9, 232.22
1569175109, 6, 35, 124, 61, 0, 0.61%, 0, 0, 9, 234.88
1569175114, 6, 39, 124, 61, 0, 0.61%, 0, 0, 9, 236.07
1569175181, 6, 47, 124, 60, 0, 0.61%, 0, 0, 9, 222.24
1569175282, 6, 48, 124, 59, 0, 0.61%, 0, 0, 9, 231.70
1569175380, 6, 54, 124, 58, 0, 0.61%, 0, 0, 9, 232.85
1569176925, 6, 54, 125, 59, 0, 0.61%, 0, 0, 9, 228.57
1569177665, 6, 58, 125, 58, 0, 0.61%, 0, 0, 9, 226.88
1569179938, 6, 59, 125, 57, 0, 0.61%, 0, 0, 9, 229.75
1569182217, 6, 62, 125, 56, 0, 0.61%, 0, 0, 9, 233.27
1569183668, 6, 62, 126, 57, 0, 0.61%, 0, 0, 9, 234.13
1569184491, 6, 65, 126, 56, 0, 0.61%, 0, 0, 9, 229.06
