# unix_time, cycles_done, cur_path, paths_total, pending_total, pending_favs, map_size, unique_crashes, unique_hangs, max_depth, execs_per_sec
1570704134, 0, 0, 2, 2, 1, 0.50%, 0, 0, 1, 52.81
1570704144, 0, 0, 3, 3, 1, 0.51%, 0, 0, 2, 50.88
1570704155, 0, 2, 3, 2, 1, 0.51%, 0, 0, 2, 51.23
1570704160, 0, 2, 3, 2, 1, 0.51%, 0, 1, 2, 54.00
1570704170, 0, 2, 3, 2, 1, 0.51%, 0, 2, 2, 50.01
1570704180, 1, 0, 3, 1, 0, 0.51%, 0, 2, 2, 51.10
1570704185, 1, 1, 3, 1, 0, 0.51%, 0, 2, 2, 51.31
1570704200, 1, 2, 3, 0, 0, 0.51%, 0, 2, 2, 51.25
1570704206, 2, 0, 3, 0, 0, 0.51%, 0, 2, 2, 51.20
1570704211, 2, 1, 3, 0, 0, 0.51%, 0, 2, 2, 51.02
1570704216, 2, 2, 3, 0, 0, 0.51%, 0, 2, 2, 50.99
1570704221, 3, 0, 3, 0, 0, 0.51%, 0, 2, 2, 51.61
1570704226, 3, 1, 3, 0, 0, 0.51%, 0, 2, 2, 51.53
1570704236, 4, 0, 3, 0, 0, 0.51%, 0, 2, 2, 50.01
1570704241, 4, 1, 3, 0, 0, 0.51%, 0, 2, 2, 49.41
1570704251, 4, 2, 3, 0, 0, 0.51%, 0, 2, 2, 50.55
1570704256, 5, 0, 3, 0, 0, 0.51%, 0, 2, 2, 50.22
1570704261, 5, 1, 3, 0, 0, 0.51%, 0, 2, 2, 50.68
1570704266, 5, 2, 3, 0, 0, 0.51%, 0, 2, 2, 51.17
1570704271, 6, 0, 3, 0, 0, 0.51%, 0, 2, 2, 48.77
1570704276, 6, 1, 3, 0, 0, 0.51%, 0, 2, 2, 50.78
1570704281, 6, 2, 3, 0, 0, 0.51%, 0, 2, 2, 51.43
1570704287, 6, 2, 3, 0, 0, 0.51%, 0, 3, 2, 51.20
1570704292, 7, 0, 3, 0, 0, 0.51%, 0, 3, 2, 51.45
1570704297, 7, 1, 3, 0, 0, 0.51%, 0, 3, 2, 50.73
1570704302, 7, 2, 3, 0, 0, 0.51%, 0, 3, 2, 49.21
1570704307, 8, 0, 3, 0, 0, 0.51%, 0, 3, 2, 51.20
1570704312, 8, 1, 3, 0, 0, 0.51%, 0, 3, 2, 51.44
1570704322, 9, 0, 3, 0, 0, 0.51%, 0, 3, 2, 50.46
1570704327, 9, 1, 3, 0, 0, 0.51%, 0, 3, 2, 50.63
1570704337, 9, 2, 3, 0, 0, 0.51%, 0, 3, 2, 50.54
1570704342, 10, 0, 3, 0, 0, 0.51%, 0, 3, 2, 50.86
1570704347, 10, 1, 3, 0, 0, 0.51%, 0, 3, 2, 51.57
1570704352, 10, 2, 3, 0, 0, 0.51%, 0, 3, 2, 51.42
1570704358, 11, 0, 3, 0, 0, 0.51%, 0, 3, 2, 51.11
1570704363, 11, 1, 3, 0, 0, 0.51%, 0, 3, 2, 50.90
1570704368, 11, 2, 3, 0, 0, 0.51%, 0, 3, 2, 51.08
1570704373, 11, 3, 4, 1, 1, 0.53%, 0, 3, 3, 49.78
1570704378, 11, 3, 5, 2, 1, 0.53%, 0, 4, 4, 50.71
1570704444, 11, 3, 5, 2, 1, 0.53%, 0, 5, 4, 51.91
1570704459, 11, 4, 5, 1, 1, 0.53%, 0, 5, 4, 49.43
1570704601, 12, 0, 5, 0, 0, 0.53%, 0, 5, 4, 50.96
1570704606, 12, 1, 5, 0, 0, 0.53%, 0, 5, 4, 50.99
1570704616, 12, 2, 5, 0, 0, 0.53%, 0, 5, 4, 49.88
1570704621, 12, 3, 5, 0, 0, 0.53%, 0, 5, 4, 49.63
1570704652, 12, 4, 5, 0, 0, 0.53%, 0, 5, 4, 48.52
1570704713, 13, 0, 5, 0, 0, 0.53%, 0, 5, 4, 49.66
1570704718, 13, 1, 5, 0, 0, 0.53%, 0, 5, 4, 50.54
1570704723, 13, 2, 5, 0, 0, 0.53%, 0, 5, 4, 51.24
1570704733, 13, 3, 5, 0, 0, 0.53%, 0, 5, 4, 49.73
1570704748, 13, 4, 5, 0, 0, 0.53%, 0, 5, 4, 48.72
1570704773, 14, 0, 5, 0, 0, 0.53%, 0, 5, 4, 48.85
1570704784, 14, 1, 5, 0, 0, 0.53%, 0, 5, 4, 50.98
1570704789, 14, 2, 5, 0, 0, 0.53%, 0, 5, 4, 51.50
1570704794, 14, 3, 5, 0, 0, 0.53%, 0, 5, 4, 50.75
1570704809, 14, 4, 5, 0, 0, 0.53%, 0, 5, 4, 49.23
1570704839, 15, 0, 5, 0, 0, 0.53%, 0, 5, 4, 50.97
1570704849, 15, 1, 5, 0, 0, 0.53%, 0, 5, 4, 49.72
1570704854, 15, 2, 5, 0, 0, 0.53%, 0, 5, 4, 50.24
1570704859, 15, 3, 5, 0, 0, 0.53%, 0, 5, 4, 50.00
1570704875, 15, 4, 5, 0, 0, 0.53%, 0, 5, 4, 48.07
1570704905, 16, 0, 5, 0, 0, 0.53%, 0, 5, 4, 45.32
1570704915, 16, 1, 5, 0, 0, 0.53%, 0, 5, 4, 45.88
1570704920, 16, 2, 5, 0, 0, 0.53%, 0, 5, 4, 46.68
1570704930, 16, 3, 5, 0, 0, 0.53%, 0, 5, 4, 46.01
1570704936, 16, 4, 5, 0, 0, 0.53%, 0, 5, 4, 44.76
1570704956, 17, 0, 5, 0, 0, 0.53%, 0, 5, 4, 41.44
1570704966, 17, 1, 5, 0, 0, 0.53%, 0, 5, 4, 44.39
1570704971, 17, 2, 5, 0, 0, 0.53%, 0, 5, 4, 42.73
1570704981, 17, 3, 5, 0, 0, 0.53%, 0, 5, 4, 39.87
1570704986, 17, 4, 5, 0, 0, 0.53%, 0, 5, 4, 36.88
1570705007, 18, 0, 5, 0, 0, 0.53%, 0, 5, 4, 38.17
1570705017, 18, 1, 5, 0, 0, 0.53%, 0, 5, 4, 40.53
1570705022, 18, 2, 5, 0, 0, 0.53%, 0, 5, 4, 38.35
1570705033, 18, 3, 5, 0, 0, 0.53%, 0, 5, 4, 34.76
1570705043, 18, 4, 5, 0, 0, 0.53%, 0, 5, 4, 36.13
1570705063, 19, 0, 5, 0, 0, 0.53%, 0, 5, 4, 33.34
1570705074, 19, 1, 5, 0, 0, 0.53%, 0, 5, 4, 32.72
1570705084, 19, 2, 5, 0, 0, 0.53%, 0, 5, 4, 32.19
1570705094, 19, 3, 5, 0, 0, 0.53%, 0, 5, 4, 31.68
1570705110, 19, 4, 5, 0, 0, 0.53%, 0, 5, 4, 32.18
1570705130, 20, 0, 5, 0, 0, 0.53%, 0, 5, 4, 33.34
1570705140, 20, 1, 5, 0, 0, 0.53%, 0, 5, 4, 34.33
1570705151, 20, 2, 5, 0, 0, 0.53%, 0, 5, 4, 31.42
1570705161, 20, 3, 5, 0, 0, 0.53%, 0, 5, 4, 32.78
1570705171, 20, 4, 5, 0, 0, 0.53%, 0, 5, 4, 32.33
1570705197, 21, 0, 5, 0, 0, 0.53%, 0, 5, 4, 34.78
1570705202, 21, 1, 5, 0, 0, 0.53%, 0, 5, 4, 33.28
1570705212, 21, 2, 5, 0, 0, 0.53%, 0, 5, 4, 34.22
1570705222, 21, 3, 5, 0, 0, 0.53%, 0, 5, 4, 31.48
1570705238, 21, 4, 5, 0, 0, 0.53%, 0, 5, 4, 32.93
1570705258, 22, 0, 5, 0, 0, 0.53%, 0, 5, 4, 32.12
1570705268, 22, 1, 5, 0, 0, 0.53%, 0, 5, 4, 34.91
1570705278, 22, 2, 5, 0, 0, 0.53%, 0, 5, 4, 31.53
1570705289, 22, 3, 5, 0, 0, 0.53%, 0, 5, 4, 30.49
1570705304, 22, 4, 5, 0, 0, 0.53%, 0, 5, 4, 30.94
1570705325, 23, 0, 5, 0, 0, 0.53%, 0, 5, 4, 32.70
1570705335, 23, 1, 5, 0, 0, 0.53%, 0, 5, 4, 32.86
1570705346, 23, 2, 5, 0, 0, 0.53%, 0, 5, 4, 33.24
1570705356, 23, 3, 5, 0, 0, 0.53%, 0, 5, 4, 30.61
1570705366, 23, 4, 5, 0, 0, 0.53%, 0, 5, 4, 31.46
1570705387, 24, 0, 5, 0, 0, 0.53%, 0, 5, 4, 32.56
1570705397, 24, 1, 5, 0, 0, 0.53%, 0, 5, 4, 32.13
1570705407, 24, 2, 5, 0, 0, 0.53%, 0, 5, 4, 33.00
1570705417, 24, 3, 5, 0, 0, 0.53%, 0, 5, 4, 32.70
1570705427, 24, 4, 5, 0, 0, 0.53%, 0, 5, 4, 33.83
1570705453, 25, 0, 5, 0, 0, 0.53%, 0, 5, 4, 31.45
1570705463, 25, 1, 5, 0, 0, 0.53%, 0, 5, 4, 31.73
1570705474, 25, 2, 5, 0, 0, 0.53%, 0, 5, 4, 31.75
1570705484, 25, 3, 5, 0, 0, 0.53%, 0, 5, 4, 32.84
1570705494, 25, 4, 5, 0, 0, 0.53%, 0, 5, 4, 30.59
1570705520, 26, 0, 5, 0, 0, 0.53%, 0, 5, 4, 32.57
1570705530, 26, 1, 5, 0, 0, 0.53%, 0, 5, 4, 30.89
1570705541, 26, 2, 5, 0, 0, 0.53%, 0, 5, 4, 29.09
1570705551, 26, 3, 5, 0, 0, 0.53%, 0, 5, 4, 29.24
1570705566, 26, 4, 5, 0, 0, 0.53%, 0, 5, 4, 28.96
1570705587, 27, 0, 5, 0, 0, 0.53%, 0, 5, 4, 28.98
1570705602, 27, 1, 5, 0, 0, 0.53%, 0, 5, 4, 29.94
1570705613, 27, 2, 5, 0, 0, 0.53%, 0, 5, 4, 29.48
1570705623, 27, 3, 5, 0, 0, 0.53%, 0, 5, 4, 30.17
1570705638, 27, 4, 5, 0, 0, 0.53%, 0, 5, 4, 29.11
1570705659, 28, 0, 5, 0, 0, 0.53%, 0, 5, 4, 30.29
1570705669, 28, 1, 5, 0, 0, 0.53%, 0, 5, 4, 29.43
1570705685, 28, 2, 5, 0, 0, 0.53%, 0, 5, 4, 29.50
1570705690, 28, 3, 5, 0, 0, 0.53%, 0, 5, 4, 29.97
1570705705, 28, 4, 5, 0, 0, 0.53%, 0, 5, 4, 30.23
1570705731, 29, 0, 5, 0, 0, 0.53%, 0, 5, 4, 30.93
1570705741, 29, 1, 5, 0, 0, 0.53%, 0, 5, 4, 31.15
1570705751, 29, 2, 5, 0, 0, 0.53%, 0, 5, 4, 30.42
1570705761, 29, 3, 5, 0, 0, 0.53%, 0, 5, 4, 30.77
1570705771, 29, 4, 5, 0, 0, 0.53%, 0, 5, 4, 33.71
1570705792, 30, 0, 5, 0, 0, 0.53%, 0, 5, 4, 34.89
1570705802, 30, 1, 5, 0, 0, 0.53%, 0, 5, 4, 31.29
1570705812, 30, 2, 5, 0, 0, 0.53%, 0, 5, 4, 31.18
1570705823, 30, 3, 5, 0, 0, 0.53%, 0, 5, 4, 31.76
1570705833, 30, 4, 5, 0, 0, 0.53%, 0, 5, 4, 29.56
1570705859, 31, 0, 5, 0, 0, 0.53%, 0, 5, 4, 31.34
1570705869, 31, 1, 5, 0, 0, 0.53%, 0, 5, 4, 30.89
1570705879, 31, 2, 5, 0, 0, 0.53%, 0, 5, 4, 31.07
1570705890, 31, 3, 5, 0, 0, 0.53%, 0, 5, 4, 30.21
1570705900, 31, 4, 5, 0, 0, 0.53%, 0, 5, 4, 30.92
1570705926, 32, 0, 5, 0, 0, 0.53%, 0, 5, 4, 32.92
1570705936, 32, 1, 5, 0, 0, 0.53%, 0, 5, 4, 33.29
1570705946, 32, 2, 5, 0, 0, 0.53%, 0, 5, 4, 32.98
1570705956, 32, 3, 5, 0, 0, 0.53%, 0, 5, 4, 32.66
1570705967, 32, 4, 5, 0, 0, 0.53%, 0, 5, 4, 33.07
1570705987, 33, 0, 5, 0, 0, 0.53%, 0, 5, 4, 34.16
1570705997, 33, 1, 5, 0, 0, 0.53%, 0, 5, 4, 34.08
1570706008, 33, 2, 5, 0, 0, 0.53%, 0, 5, 4, 33.39
1570706018, 33, 3, 5, 0, 0, 0.53%, 0, 5, 4, 34.53
1570706028, 33, 4, 5, 0, 0, 0.53%, 0, 5, 4, 33.31
1570706049, 34, 0, 5, 0, 0, 0.53%, 0, 5, 4, 34.82
1570706059, 34, 1, 5, 0, 0, 0.53%, 0, 5, 4, 33.62
1570706069, 34, 2, 5, 0, 0, 0.53%, 0, 5, 4, 32.58
1570706080, 34, 3, 5, 0, 0, 0.53%, 0, 5, 4, 35.21
1570706090, 34, 4, 5, 0, 0, 0.53%, 0, 5, 4, 34.92
1570706110, 35, 0, 5, 0, 0, 0.53%, 0, 5, 4, 36.38
1570706115, 35, 1, 5, 0, 0, 0.53%, 0, 5, 4, 36.44
1570706126, 35, 2, 5, 0, 0, 0.53%, 0, 5, 4, 34.57
1570706136, 35, 3, 5, 0, 0, 0.53%, 0, 5, 4, 37.53
1570706146, 35, 4, 5, 0, 0, 0.53%, 0, 5, 4, 33.28
1570706166, 36, 0, 5, 0, 0, 0.53%, 0, 5, 4, 33.11
1570706177, 36, 1, 5, 0, 0, 0.53%, 0, 5, 4, 34.19
1570706187, 36, 2, 5, 0, 0, 0.53%, 0, 5, 4, 32.72
1570706197, 36, 3, 5, 0, 0, 0.53%, 0, 5, 4, 33.26
1570706207, 36, 4, 5, 0, 0, 0.53%, 0, 5, 4, 32.15
1570706228, 37, 0, 5, 0, 0, 0.53%, 0, 5, 4, 33.40
1570706238, 37, 1, 5, 0, 0, 0.53%, 0, 5, 4, 32.23
1570706254, 37, 2, 5, 0, 0, 0.53%, 0, 5, 4, 36.36
1570706259, 37, 3, 5, 0, 0, 0.53%, 0, 5, 4, 36.21
1570706269, 37, 4, 5, 0, 0, 0.53%, 0, 5, 4, 32.23
1570706295, 38, 0, 5, 0, 0, 0.53%, 0, 5, 4, 32.79
1570706305, 38, 1, 5, 0, 0, 0.53%, 0, 5, 4, 32.85
1570706315, 38, 2, 5, 0, 0, 0.53%, 0, 5, 4, 33.39
1570706326, 38, 3, 5, 0, 0, 0.53%, 0, 5, 4, 32.20
1570706336, 38, 4, 5, 0, 0, 0.53%, 0, 5, 4, 31.58
1570706362, 39, 0, 5, 0, 0, 0.53%, 0, 5, 4, 32.53
1570706367, 39, 1, 5, 0, 0, 0.53%, 0, 5, 4, 32.03
1570706382, 39, 2, 5, 0, 0, 0.53%, 0, 5, 4, 32.30
1570706393, 39, 3, 5, 0, 0, 0.53%, 0, 5, 4, 31.30
1570706403, 39, 4, 5, 0, 0, 0.53%, 0, 5, 4, 31.26
1570706423, 40, 0, 5, 0, 0, 0.53%, 0, 5, 4, 32.68
1570706433, 40, 1, 5, 0, 0, 0.53%, 0, 5, 4, 31.95
1570706444, 40, 2, 5, 0, 0, 0.53%, 0, 5, 4, 33.90
1570706454, 40, 3, 5, 0, 0, 0.53%, 0, 5, 4, 31.73
1570706464, 40, 4, 5, 0, 0, 0.53%, 0, 5, 4, 33.71
1570706490, 41, 0, 5, 0, 0, 0.53%, 0, 5, 4, 33.39
1570706500, 41, 1, 5, 0, 0, 0.53%, 0, 5, 4, 33.29
1570706510, 41, 2, 5, 0, 0, 0.53%, 0, 5, 4, 32.81
1570706521, 41, 3, 5, 0, 0, 0.53%, 0, 5, 4, 33.26
1570706531, 41, 4, 5, 0, 0, 0.53%, 0, 5, 4, 35.36
1570706551, 42, 0, 5, 0, 0, 0.53%, 0, 5, 4, 34.69
1570706562, 42, 1, 5, 0, 0, 0.53%, 0, 5, 4, 35.04
1570706572, 42, 2, 5, 0, 0, 0.53%, 0, 5, 4, 34.41
1570706582, 42, 3, 5, 0, 0, 0.53%, 0, 5, 4, 33.50
1570706593, 42, 4, 5, 0, 0, 0.53%, 0, 5, 4, 34.78
1570706613, 43, 0, 5, 0, 0, 0.53%, 0, 5, 4, 35.06
1570706623, 43, 1, 5, 0, 0, 0.53%, 0, 5, 4, 34.62
1570706633, 43, 2, 5, 0, 0, 0.53%, 0, 5, 4, 34.56
1570706644, 43, 3, 5, 0, 0, 0.53%, 0, 5, 4, 33.70
1570706654, 43, 4, 5, 0, 0, 0.53%, 0, 5, 4, 32.85
1570706674, 44, 0, 5, 0, 0, 0.53%, 0, 5, 4, 34.05
1570706685, 44, 1, 5, 0, 0, 0.53%, 0, 5, 4, 35.07
1570706695, 44, 2, 5, 0, 0, 0.53%, 0, 5, 4, 34.14
1570706705, 44, 3, 5, 0, 0, 0.53%, 0, 5, 4, 36.31
1570706715, 44, 4, 5, 0, 0, 0.53%, 0, 5, 4, 34.55
1570706736, 45, 0, 5, 0, 0, 0.53%, 0, 5, 4, 32.21
1570706746, 45, 1, 5, 0, 0, 0.53%, 0, 5, 4, 34.14
1570706756, 45, 2, 5, 0, 0, 0.53%, 0, 5, 4, 34.72
1570706767, 45, 3, 5, 0, 0, 0.53%, 0, 5, 4, 34.68
1570706777, 45, 4, 5, 0, 0, 0.53%, 0, 5, 4, 32.46
1570706798, 46, 0, 5, 0, 0, 0.53%, 0, 5, 4, 32.31
1570706808, 46, 1, 5, 0, 0, 0.53%, 0, 5, 4, 32.06
1570706818, 46, 2, 5, 0, 0, 0.53%, 0, 5, 4, 33.23
1570706828, 46, 3, 5, 0, 0, 0.53%, 0, 5, 4, 32.08
1570706839, 46, 4, 5, 0, 0, 0.53%, 0, 5, 4, 31.91
1570706859, 47, 0, 5, 0, 0, 0.53%, 0, 5, 4, 32.55
1570706869, 47, 1, 5, 0, 0, 0.53%, 0, 5, 4, 31.32
1570706884, 47, 2, 5, 0, 0, 0.53%, 0, 5, 4, 31.30
1570706895, 47, 3, 5, 0, 0, 0.53%, 0, 5, 4, 31.25
1570706905, 47, 4, 5, 0, 0, 0.53%, 0, 5, 4, 30.85
1570706931, 48, 0, 5, 0, 0, 0.53%, 0, 5, 4, 32.65
1570706936, 48, 1, 5, 0, 0, 0.53%, 0, 5, 4, 32.70
1570706951, 48, 2, 5, 0, 0, 0.53%, 0, 5, 4, 32.83
1570706962, 48, 3, 5, 0, 0, 0.53%, 0, 5, 4, 31.55
1570706972, 48, 4, 5, 0, 0, 0.53%, 0, 5, 4, 30.45
1570706997, 49, 0, 5, 0, 0, 0.53%, 0, 5, 4, 30.93
1570707008, 49, 1, 5, 0, 0, 0.53%, 0, 5, 4, 32.26
1570707018, 49, 2, 5, 0, 0, 0.53%, 0, 5, 4, 33.80
1570707028, 49, 3, 5, 0, 0, 0.53%, 0, 5, 4, 31.32
1570707038, 49, 4, 5, 0, 0, 0.53%, 0, 5, 4, 31.16
1570707059, 50, 0, 5, 0, 0, 0.53%, 0, 5, 4, 30.80
1570707069, 50, 1, 5, 0, 0, 0.53%, 0, 5, 4, 31.95
1570707079, 50, 2, 5, 0, 0, 0.53%, 0, 5, 4, 31.39
1570707089, 50, 3, 5, 0, 0, 0.53%, 0, 5, 4, 31.12
1570707105, 50, 4, 5, 0, 0, 0.53%, 0, 5, 4, 29.70
1570707125, 51, 0, 5, 0, 0, 0.53%, 0, 5, 4, 31.59
1570707135, 51, 1, 5, 0, 0, 0.53%, 0, 5, 4, 33.62
1570707146, 51, 2, 5, 0, 0, 0.53%, 0, 5, 4, 34.45
1570707156, 51, 3, 5, 0, 0, 0.53%, 0, 5, 4, 33.49
1570707166, 51, 4, 5, 0, 0, 0.53%, 0, 5, 4, 35.21
1570707187, 52, 0, 5, 0, 0, 0.53%, 0, 5, 4, 33.91
1570707197, 52, 1, 5, 0, 0, 0.53%, 0, 5, 4, 34.33
1570707207, 52, 2, 5, 0, 0, 0.53%, 0, 5, 4, 39.15
1570707217, 52, 3, 5, 0, 0, 0.53%, 0, 5, 4, 36.52
1570707227, 52, 4, 5, 0, 0, 0.53%, 0, 5, 4, 38.24
1570707248, 53, 0, 5, 0, 0, 0.53%, 0, 5, 4, 36.97
1570707258, 53, 1, 5, 0, 0, 0.53%, 0, 5, 4, 35.09
1570707268, 53, 2, 5, 0, 0, 0.53%, 0, 5, 4, 34.36
1570707274, 53, 3, 5, 0, 0, 0.53%, 0, 5, 4, 34.16
1570707284, 53, 4, 5, 0, 0, 0.53%, 0, 5, 4, 35.65
1570707304, 54, 0, 5, 0, 0, 0.53%, 0, 5, 4, 36.14
1570707314, 54, 1, 5, 0, 0, 0.53%, 0, 5, 4, 35.54
1570707325, 54, 2, 5, 0, 0, 0.53%, 0, 5, 4, 34.91
1570707335, 54, 3, 5, 0, 0, 0.53%, 0, 5, 4, 35.58
1570707345, 54, 4, 5, 0, 0, 0.53%, 0, 5, 4, 33.30
1570707366, 55, 0, 5, 0, 0, 0.53%, 0, 5, 4, 34.01
1570707376, 55, 1, 5, 0, 0, 0.53%, 0, 5, 4, 33.48
1570707386, 55, 2, 5, 0, 0, 0.53%, 0, 5, 4, 34.37
1570707396, 55, 3, 5, 0, 0, 0.53%, 0, 5, 4, 33.57
1570707401, 55, 3, 5, 0, 0, 0.53%, 0, 6, 4, 34.19
1570707412, 55, 4, 5, 0, 0, 0.53%, 0, 6, 4, 33.68
1570707432, 56, 0, 5, 0, 0, 0.53%, 0, 6, 4, 33.35
1570707442, 56, 1, 5, 0, 0, 0.53%, 0, 6, 4, 33.42
1570707453, 56, 2, 5, 0, 0, 0.53%, 0, 6, 4, 34.77
1570707463, 56, 3, 5, 0, 0, 0.53%, 0, 6, 4, 33.33
1570707473, 56, 4, 5, 0, 0, 0.53%, 0, 6, 4, 35.21
1570707494, 57, 0, 5, 0, 0, 0.53%, 0, 6, 4, 35.59
1570707504, 57, 1, 5, 0, 0, 0.53%, 0, 6, 4, 33.69
1570707514, 57, 2, 5, 0, 0, 0.53%, 0, 6, 4, 35.17
1570707524, 57, 3, 5, 0, 0, 0.53%, 0, 6, 4, 34.05
1570707535, 57, 4, 5, 0, 0, 0.53%, 0, 6, 4, 32.54
1570707555, 58, 0, 5, 0, 0, 0.53%, 0, 6, 4, 35.22
1570707566, 58, 1, 5, 0, 0, 0.53%, 0, 6, 4, 36.63
1570707576, 58, 2, 5, 0, 0, 0.53%, 0, 6, 4, 36.68
1570707586, 58, 3, 5, 0, 0, 0.53%, 0, 6, 4, 35.60
1570707596, 58, 4, 5, 0, 0, 0.53%, 0, 6, 4, 34.61
1570707617, 59, 0, 5, 0, 0, 0.53%, 0, 6, 4, 34.34
1570707627, 59, 1, 5, 0, 0, 0.53%, 0, 6, 4, 36.51
1570707637, 59, 2, 5, 0, 0, 0.53%, 0, 6, 4, 34.97
1570707642, 59, 3, 5, 0, 0, 0.53%, 0, 6, 4, 34.35
1570707658, 59, 4, 5, 0, 0, 0.53%, 0, 6, 4, 33.74
1570707678, 60, 0, 5, 0, 0, 0.53%, 0, 6, 4, 34.49
1570707684, 60, 1, 5, 0, 0, 0.53%, 0, 6, 4, 34.29
1570707694, 60, 2, 5, 0, 0, 0.53%, 0, 6, 4, 34.73
1570707704, 60, 3, 5, 0, 0, 0.53%, 0, 6, 4, 33.53
1570707715, 60, 4, 5, 0, 0, 0.53%, 0, 6, 4, 34.86
1570707735, 61, 0, 5, 0, 0, 0.53%, 0, 6, 4, 34.60
1570707745, 61, 1, 5, 0, 0, 0.53%, 0, 6, 4, 34.90
1570707756, 61, 2, 5, 0, 0, 0.53%, 0, 6, 4, 33.89
1570707766, 61, 3, 5, 0, 0, 0.53%, 0, 6, 4, 34.12
1570707776, 61, 4, 5, 0, 0, 0.53%, 0, 6, 4, 33.67
1570707797, 62, 0, 5, 0, 0, 0.53%, 0, 6, 4, 36.40
1570707807, 62, 1, 5, 0, 0, 0.53%, 0, 6, 4, 35.23
1570707817, 62, 2, 5, 0, 0, 0.53%, 0, 6, 4, 34.73
1570707822, 62, 3, 5, 0, 0, 0.53%, 0, 6, 4, 34.18
1570707833, 62, 4, 5, 0, 0, 0.53%, 0, 6, 4, 35.37
1570707853, 63, 0, 5, 0, 0, 0.53%, 0, 6, 4, 34.29
1570707863, 63, 1, 5, 0, 0, 0.53%, 0, 6, 4, 34.74
1570707873, 63, 2, 5, 0, 0, 0.53%, 0, 6, 4, 36.37
1570707884, 63, 3, 5, 0, 0, 0.53%, 0, 6, 4, 35.24
1570707894, 63, 4, 5, 0, 0, 0.53%, 0, 6, 4, 35.86
1570707915, 64, 0, 5, 0, 0, 0.53%, 0, 6, 4, 34.84
1570707925, 64, 1, 5, 0, 0, 0.53%, 0, 6, 4, 35.76
1570707935, 64, 2, 5, 0, 0, 0.53%, 0, 6, 4, 35.19
1570707945, 64, 3, 5, 0, 0, 0.53%, 0, 6, 4, 34.89
1570707956, 64, 4, 5, 0, 0, 0.53%, 0, 6, 4, 33.55
1570707976, 65, 0, 5, 0, 0, 0.53%, 0, 6, 4, 37.51
1570707981, 65, 1, 5, 0, 0, 0.53%, 0, 6, 4, 37.21
1570707992, 65, 2, 5, 0, 0, 0.53%, 0, 6, 4, 35.20
1570708002, 65, 3, 5, 0, 0, 0.53%, 0, 6, 4, 34.23
1570708012, 65, 4, 5, 0, 0, 0.53%, 0, 6, 4, 34.38
1570708033, 66, 0, 5, 0, 0, 0.53%, 0, 6, 4, 35.29
1570708043, 66, 1, 5, 0, 0, 0.53%, 0, 6, 4, 34.25
1570708053, 66, 2, 5, 0, 0, 0.53%, 0, 6, 4, 33.59
1570708064, 66, 3, 5, 0, 0, 0.53%, 0, 6, 4, 34.42
1570708074, 66, 4, 5, 0, 0, 0.53%, 0, 6, 4, 34.13
1570708094, 67, 0, 5, 0, 0, 0.53%, 0, 6, 4, 34.41
1570708104, 67, 1, 5, 0, 0, 0.53%, 0, 6, 4, 34.61
1570708115, 67, 2, 5, 0, 0, 0.53%, 0, 6, 4, 31.94
1570708125, 67, 3, 5, 0, 0, 0.53%, 0, 6, 4, 32.06
1570708135, 67, 4, 5, 0, 0, 0.53%, 0, 6, 4, 32.09
1570708161, 68, 0, 5, 0, 0, 0.53%, 0, 6, 4, 33.98
1570708171, 68, 1, 5, 0, 0, 0.53%, 0, 6, 4, 33.78
1570708181, 68, 2, 5, 0, 0, 0.53%, 0, 6, 4, 33.16
1570708192, 68, 3, 5, 0, 0, 0.53%, 0, 6, 4, 31.92
1570708202, 68, 4, 5, 0, 0, 0.53%, 0, 6, 4, 31.68
1570708222, 69, 0, 5, 0, 0, 0.53%, 0, 6, 4, 34.54
1570708232, 69, 1, 5, 0, 0, 0.53%, 0, 6, 4, 35.79
1570708243, 69, 2, 5, 0, 0, 0.53%, 0, 6, 4, 35.93
1570708253, 69, 3, 5, 0, 0, 0.53%, 0, 6, 4, 36.93
1570708263, 69, 4, 5, 0, 0, 0.53%, 0, 6, 4, 34.62
1570708284, 70, 0, 5, 0, 0, 0.53%, 0, 6, 4, 35.85
1570708294, 70, 1, 5, 0, 0, 0.53%, 0, 6, 4, 36.92
1570708304, 70, 2, 5, 0, 0, 0.53%, 0, 6, 4, 35.03
1570708314, 70, 3, 5, 0, 0, 0.53%, 0, 6, 4, 34.87
1570708325, 70, 4, 5, 0, 0, 0.53%, 0, 6, 4, 34.34
1570708345, 71, 0, 5, 0, 0, 0.53%, 0, 6, 4, 32.55
1570708355, 71, 1, 5, 0, 0, 0.53%, 0, 6, 4, 31.72
1570708365, 71, 2, 5, 0, 0, 0.53%, 0, 6, 4, 32.36
1570708376, 71, 3, 5, 0, 0, 0.53%, 0, 6, 4, 31.21
1570708386, 71, 4, 5, 0, 0, 0.53%, 0, 6, 4, 31.36
1570708412, 72, 0, 5, 0, 0, 0.53%, 0, 6, 4, 32.07
1570708422, 72, 1, 5, 0, 0, 0.53%, 0, 6, 4, 33.11
1570708432, 72, 2, 5, 0, 0, 0.53%, 0, 6, 4, 33.01
1570708442, 72, 3, 5, 0, 0, 0.53%, 0, 6, 4, 31.71
1570708453, 72, 4, 5, 0, 0, 0.53%, 0, 6, 4, 31.20
1570708473, 73, 0, 5, 0, 0, 0.53%, 0, 6, 4, 32.84
1570708484, 73, 1, 5, 0, 0, 0.53%, 0, 6, 4, 32.95
1570708494, 73, 2, 5, 0, 0, 0.53%, 0, 6, 4, 32.90
1570708504, 73, 3, 5, 0, 0, 0.53%, 0, 6, 4, 31.85
1570708515, 73, 4, 5, 0, 0, 0.53%, 0, 6, 4, 31.29
1570708535, 74, 0, 5, 0, 0, 0.53%, 0, 6, 4, 31.97
1570708545, 74, 1, 5, 0, 0, 0.53%, 0, 6, 4, 32.58
1570708556, 74, 2, 5, 0, 0, 0.53%, 0, 6, 4, 34.43
1570708566, 74, 3, 5, 0, 0, 0.53%, 0, 6, 4, 31.77
1570708581, 74, 4, 5, 0, 0, 0.53%, 0, 6, 4, 33.57
1570708602, 75, 0, 5, 0, 0, 0.53%, 0, 6, 4, 35.07
1570708612, 75, 1, 5, 0, 0, 0.53%, 0, 6, 4, 37.49
1570708617, 75, 2, 5, 0, 0, 0.53%, 0, 6, 4, 38.67
1570708627, 75, 3, 5, 0, 0, 0.53%, 0, 6, 4, 37.48
1570708638, 75, 4, 5, 0, 0, 0.53%, 0, 6, 4, 36.94
1570708658, 76, 0, 5, 0, 0, 0.53%, 0, 6, 4, 36.18
1570708668, 76, 1, 5, 0, 0, 0.53%, 0, 6, 4, 35.73
1570708679, 76, 2, 5, 0, 0, 0.53%, 0, 6, 4, 34.28
1570708684, 76, 3, 5, 0, 0, 0.53%, 0, 6, 4, 34.23
1570708694, 76, 4, 5, 0, 0, 0.53%, 0, 6, 4, 35.65
1570708720, 77, 0, 5, 0, 0, 0.53%, 0, 6, 4, 34.91
1570708730, 77, 1, 5, 0, 0, 0.53%, 0, 6, 4, 34.36
1570708740, 77, 2, 5, 0, 0, 0.53%, 0, 6, 4, 35.08
1570708745, 77, 3, 5, 0, 0, 0.53%, 0, 6, 4, 35.48
1570708761, 77, 4, 5, 0, 0, 0.53%, 0, 6, 4, 34.47
1570708781, 78, 0, 5, 0, 0, 0.53%, 0, 6, 4, 34.24
1570708786, 78, 1, 5, 0, 0, 0.53%, 0, 6, 4, 35.77
1570708802, 78, 2, 5, 0, 0, 0.53%, 0, 6, 4, 32.31
1570708807, 78, 3, 5, 0, 0, 0.53%, 0, 6, 4, 33.12
1570708817, 78, 4, 5, 0, 0, 0.53%, 0, 6, 4, 32.67
1570708843, 79, 0, 5, 0, 0, 0.53%, 0, 6, 4, 33.82
1570708848, 79, 1, 5, 0, 0, 0.53%, 0, 6, 4, 33.89
1570708858, 79, 2, 5, 0, 0, 0.53%, 0, 6, 4, 33.31
1570708868, 79, 3, 5, 0, 0, 0.53%, 0, 6, 4, 33.87
1570708873, 79, 3, 6, 1, 0, 0.67%, 0, 6, 4, 32.68
1570708884, 79, 3, 7, 2, 0, 0.70%, 0, 7, 4, 31.34
1570708889, 79, 5, 9, 4, 4, 0.73%, 0, 7, 4, 29.88
1570708894, 79, 5, 10, 5, 4, 0.73%, 0, 7, 5, 30.01
1570708899, 79, 5, 10, 5, 4, 0.73%, 0, 8, 5, 31.72
1570709001, 79, 5, 11, 6, 4, 0.73%, 0, 8, 5, 32.94
1570709016, 79, 5, 12, 7, 4, 0.73%, 0, 8, 5, 30.78
1570709026, 79, 5, 12, 7, 4, 0.73%, 0, 9, 5, 34.71
1570709052, 79, 5, 13, 8, 4, 0.74%, 0, 9, 5, 33.04
1570709093, 79, 5, 14, 9, 4, 0.74%, 0, 9, 5, 31.03
1570709098, 79, 5, 14, 9, 4, 0.74%, 0, 10, 5, 32.64
1570709113, 79, 5, 14, 9, 4, 0.74%, 0, 11, 5, 29.24
1570709123, 79, 5, 15, 10, 4, 0.74%, 0, 11, 5, 31.80
1570709134, 79, 5, 15, 10, 4, 0.74%, 0, 12, 5, 32.05
1570709144, 79, 5, 16, 11, 4, 0.74%, 0, 12, 5, 31.66
1570709165, 79, 5, 16, 11, 4, 0.74%, 0, 13, 5, 35.29
1570709277, 79, 5, 17, 12, 4, 0.75%, 0, 13, 5, 31.40
1570709437, 79, 5, 17, 12, 4, 0.75%, 0, 14, 5, 4.34
1570709478, 79, 5, 18, 13, 4, 0.75%, 0, 14, 5, 33.20
1570709483, 79, 5, 19, 14, 4, 0.75%, 0, 14, 5, 33.64
1570709493, 79, 5, 22, 17, 4, 0.75%, 0, 14, 5, 33.27
1570709504, 79, 5, 23, 18, 4, 0.75%, 0, 14, 5, 35.18
1570709524, 79, 5, 23, 18, 4, 0.75%, 0, 15, 5, 36.13
1570709545, 79, 6, 23, 17, 8, 0.75%, 0, 15, 5, 28.43
1570709550, 79, 6, 24, 18, 8, 0.76%, 0, 15, 5, 33.60
1570709560, 79, 6, 26, 20, 8, 0.76%, 0, 16, 5, 33.53
1570709862, 79, 6, 27, 21, 8, 0.76%, 0, 16, 5, 30.46
1570709965, 79, 6, 28, 22, 8, 0.76%, 0, 16, 5, 32.11
1570709985, 79, 6, 29, 23, 8, 0.78%, 0, 16, 5, 31.68
1570710354, 79, 9, 29, 22, 12, 0.78%, 0, 16, 5, 30.72
1570710507, 79, 9, 30, 23, 12, 0.78%, 0, 16, 6, 32.50
1570710738, 79, 12, 30, 22, 11, 0.78%, 0, 16, 6, 30.80
1570710763, 79, 12, 30, 22, 11, 0.78%, 0, 17, 6, 6.66
1570710901, 79, 12, 31, 23, 11, 0.78%, 0, 17, 6, 31.49
1570710912, 79, 12, 32, 24, 11, 0.78%, 0, 17, 6, 31.77
1570711316, 79, 12, 33, 25, 11, 0.78%, 0, 17, 6, 33.02
1570711398, 79, 12, 33, 25, 11, 0.78%, 0, 18, 6, 34.76
1570711403, 79, 12, 36, 28, 11, 0.78%, 0, 19, 6, 33.41
1570711439, 79, 13, 36, 27, 12, 0.78%, 0, 19, 6, 30.06
1570711496, 79, 13, 37, 28, 12, 0.78%, 0, 19, 6, 31.80
1570711664, 79, 13, 38, 29, 12, 0.78%, 0, 19, 6, 30.74
1570711762, 79, 13, 39, 30, 12, 0.78%, 0, 19, 6, 32.52
1570712227, 79, 15, 39, 29, 12, 0.78%, 0, 19, 6, 28.50
1570712694, 79, 16, 39, 28, 11, 0.78%, 0, 19, 6, 25.18
1570713134, 79, 16, 41, 30, 11, 0.78%, 0, 19, 6, 28.40
1570713139, 79, 16, 42, 31, 11, 0.78%, 0, 19, 6, 29.00
1570713144, 79, 16, 43, 32, 11, 0.78%, 0, 19, 6, 27.84
1570713216, 79, 18, 43, 31, 10, 0.78%, 0, 19, 6, 28.32
1570713461, 79, 18, 44, 32, 10, 0.78%, 0, 19, 6, 30.88
1570713722, 79, 18, 47, 35, 10, 0.81%, 0, 19, 6, 28.85
1570713757, 79, 18, 49, 37, 10, 0.82%, 0, 19, 6, 30.46
1570713762, 79, 18, 50, 38, 10, 0.82%, 0, 19, 6, 31.11
1570713788, 79, 23, 50, 37, 9, 0.82%, 0, 19, 6, 32.12
1570714141, 79, 23, 51, 38, 9, 0.82%, 0, 19, 6, 32.08
1570714366, 79, 24, 51, 37, 8, 0.82%, 0, 19, 6, 31.60
1570714371, 79, 24, 51, 37, 8, 0.82%, 0, 20, 6, 29.05
1570714484, 79, 24, 52, 38, 8, 0.82%, 0, 20, 6, 32.51
1570714576, 79, 24, 52, 38, 8, 0.82%, 0, 21, 6, 32.84
1570714734, 79, 24, 53, 39, 8, 0.82%, 0, 21, 6, 31.91
1570714760, 79, 24, 54, 40, 8, 0.82%, 0, 21, 6, 30.79
1570714801, 79, 25, 54, 39, 8, 0.82%, 0, 21, 6, 29.02
1570715180, 79, 25, 55, 40, 8, 0.82%, 0, 21, 6, 30.89
1570715235, 79, 25, 56, 41, 8, 0.82%, 0, 21, 6, 29.67
1570715655, 79, 32, 56, 40, 7, 0.82%, 0, 21, 6, 35.41
1570715665, 79, 32, 57, 41, 7, 0.82%, 0, 21, 7, 28.53
1570715670, 79, 32, 57, 41, 7, 0.82%, 0, 23, 7, 18.93
1570715742, 79, 32, 57, 41, 7, 0.82%, 0, 24, 7, 16.61
1570715972, 79, 34, 57, 40, 6, 0.82%, 0, 24, 7, 30.22
1570716258, 79, 36, 57, 39, 5, 0.82%, 0, 24, 7, 33.27
1570716315, 79, 36, 57, 39, 5, 0.82%, 0, 25, 7, 4.29
1570716540, 79, 39, 57, 38, 4, 0.82%, 0, 25, 7, 31.44
1570716632, 79, 39, 57, 38, 4, 0.82%, 0, 26, 7, 33.85
1570716658, 79, 41, 57, 37, 3, 0.82%, 0, 26, 7, 17.78
1570717088, 79, 41, 58, 38, 3, 0.82%, 0, 26, 7, 29.79
1570717139, 79, 44, 58, 37, 3, 0.82%, 0, 26, 7, 30.61
1570717549, 79, 48, 58, 36, 2, 0.82%, 0, 26, 7, 31.63
1570717878, 79, 52, 58, 35, 1, 0.82%, 0, 26, 7, 30.80
1570718159, 79, 53, 58, 34, 0, 0.82%, 0, 26, 7, 30.33
1570718436, 79, 54, 58, 33, 0, 0.82%, 0, 26, 7, 31.19
1570718898, 79, 54, 59, 34, 0, 0.82%, 0, 26, 7, 31.61
1570718980, 79, 54, 60, 35, 0, 0.82%, 0, 26, 7, 33.41
1570719456, 79, 55, 60, 34, 0, 0.82%, 0, 26, 7, 23.62
1570719989, 79, 56, 60, 33, 0, 0.82%, 0, 26, 7, 29.93
1570720296, 80, 2, 60, 32, 0, 0.82%, 0, 26, 7, 31.67
1570720306, 80, 3, 60, 32, 0, 0.82%, 0, 26, 7, 31.75
1570720316, 80, 6, 60, 32, 0, 0.82%, 0, 26, 7, 30.86
1570720409, 80, 9, 60, 32, 0, 0.82%, 0, 26, 7, 31.20
1570720496, 80, 12, 60, 32, 0, 0.82%, 0, 26, 7, 32.46
1570720568, 80, 12, 61, 33, 0, 0.83%, 0, 26, 7, 31.56
1570720594, 80, 60, 62, 34, 1, 0.83%, 0, 26, 7, 33.09
1570720599, 80, 60, 63, 35, 1, 0.85%, 0, 27, 7, 31.70
1570720609, 80, 60, 64, 36, 1, 0.85%, 0, 27, 7, 25.28
1570720789, 80, 60, 65, 37, 1, 0.85%, 0, 27, 7, 32.53
1570720830, 80, 61, 65, 36, 3, 0.85%, 0, 27, 7, 34.20
1570721046, 80, 62, 65, 35, 2, 0.85%, 0, 27, 7, 32.09
1570721051, 80, 62, 66, 36, 2, 0.85%, 0, 27, 8, 30.08
1570721071, 80, 62, 66, 36, 2, 0.85%, 0, 28, 8, 33.20
1570721158, 80, 62, 67, 37, 2, 0.87%, 0, 28, 8, 35.31
1570721303, 80, 62, 68, 38, 2, 0.88%, 0, 28, 8, 31.99
1570721461, 80, 62, 68, 38, 2, 0.88%, 0, 29, 8, 30.36
1570721512, 80, 62, 69, 39, 2, 0.88%, 0, 29, 8, 31.00
1570721574, 80, 62, 69, 39, 2, 0.88%, 0, 30, 8, 29.87
1570721666, 80, 63, 69, 38, 5, 0.88%, 0, 30, 8, 29.27
1570721856, 80, 63, 70, 39, 5, 0.89%, 0, 30, 8, 31.37
1570721881, 80, 63, 71, 40, 5, 0.89%, 0, 30, 8, 29.65
1570721901, 80, 65, 71, 39, 6, 0.89%, 0, 30, 8, 28.63
1570722213, 80, 65, 71, 39, 6, 0.89%, 1, 30, 8, 31.57
1570722219, 80, 65, 72, 40, 6, 0.89%, 1, 30, 9, 33.33
1570722249, 80, 66, 72, 39, 6, 0.89%, 1, 30, 9, 29.30
1570722285, 80, 66, 72, 39, 6, 0.89%, 1, 31, 9, 30.37
1570722388, 80, 66, 73, 40, 6, 0.89%, 1, 31, 9, 32.20
1570722803, 80, 67, 73, 39, 5, 0.89%, 1, 31, 9, 31.59
1570722808, 80, 67, 74, 40, 5, 0.89%, 1, 33, 9, 2.71
1570722942, 80, 67, 75, 41, 5, 0.89%, 1, 33, 9, 32.67
1570723044, 80, 67, 76, 42, 5, 0.89%, 1, 33, 9, 30.92
1570723206, 80, 67, 77, 43, 5, 0.89%, 1, 33, 9, 30.68
1570723396, 80, 68, 77, 42, 5, 0.89%, 1, 33, 9, 30.94
1570723770, 80, 69, 77, 41, 4, 0.89%, 1, 33, 9, 30.33
1570723882, 80, 69, 77, 41, 4, 0.89%, 1, 34, 9, 30.21
1570723903, 80, 69, 78, 42, 4, 0.89%, 1, 34, 9, 30.92
1570724093, 80, 69, 79, 43, 4, 0.90%, 1, 34, 9, 32.21
1570724149, 80, 69, 80, 44, 4, 0.90%, 1, 34, 9, 31.45
1570724282, 80, 69, 81, 45, 4, 0.91%, 1, 34, 9, 31.31
1570724298, 80, 69, 81, 45, 4, 0.91%, 1, 35, 9, 31.39
1570724369, 80, 70, 81, 44, 6, 0.91%, 1, 35, 9, 28.00
1570724656, 80, 70, 81, 44, 6, 0.91%, 1, 36, 9, 31.12
1570724779, 80, 73, 81, 43, 5, 0.91%, 1, 36, 9, 29.40
1570725168, 80, 75, 81, 42, 4, 0.91%, 1, 36, 9, 31.57
1570725174, 80, 75, 81, 42, 4, 0.91%, 2, 36, 9, 29.26
1570725522, 80, 75, 82, 43, 4, 0.91%, 2, 36, 10, 30.96
1570725823, 80, 78, 82, 42, 3, 0.91%, 2, 36, 10, 33.53
1570726150, 80, 78, 82, 42, 3, 0.91%, 3, 36, 10, 33.05
1570726232, 80, 79, 82, 41, 2, 0.91%, 3, 36, 10, 30.32
1570726468, 80, 79, 83, 42, 2, 0.91%, 3, 36, 10, 33.84
1570726699, 80, 79, 84, 43, 2, 0.91%, 3, 36, 10, 35.30
1570726745, 80, 79, 85, 44, 2, 0.91%, 3, 36, 10, 33.89
1570726842, 80, 80, 85, 43, 1, 0.91%, 3, 36, 10, 33.00
1570727247, 81, 2, 85, 42, 0, 0.91%, 3, 36, 10, 31.91
1570727257, 81, 3, 85, 42, 0, 0.91%, 3, 36, 10, 32.07
1570727268, 81, 6, 85, 42, 0, 0.91%, 3, 36, 10, 31.38
1570727364, 81, 9, 85, 42, 0, 0.91%, 3, 36, 10, 33.48
1570727447, 81, 12, 85, 42, 0, 0.91%, 3, 36, 10, 33.07
1570727534, 81, 15, 85, 42, 0, 0.91%, 3, 36, 10, 32.52
1570727631, 81, 16, 85, 42, 0, 0.91%, 3, 36, 10, 29.30
1570727738, 81, 19, 85, 42, 0, 0.91%, 3, 36, 10, 27.83
1570728313, 81, 20, 85, 41, 0, 0.91%, 3, 36, 10, 31.95
1570729091, 81, 21, 85, 40, 0, 0.91%, 3, 36, 10, 24.31
1570729362, 81, 21, 86, 41, 0, 0.91%, 3, 36, 10, 33.27
1570729613, 81, 23, 86, 40, 0, 0.91%, 3, 36, 10, 30.62
1570729705, 81, 24, 86, 40, 0, 0.91%, 3, 36, 10, 31.90
1570729797, 81, 25, 86, 40, 0, 0.91%, 3, 36, 10, 32.14
1570729889, 81, 28, 86, 40, 0, 0.91%, 3, 36, 10, 31.09
1570730376, 81, 32, 86, 39, 0, 0.91%, 3, 36, 10, 33.21
1570730463, 81, 34, 86, 39, 0, 0.91%, 3, 36, 10, 31.31
1570730556, 81, 35, 86, 39, 0, 0.91%, 3, 36, 10, 32.35
1570730858, 81, 36, 86, 38, 0, 0.91%, 3, 36, 10, 31.66
1570730950, 81, 39, 86, 38, 0, 0.91%, 3, 36, 10, 32.87
1570731043, 81, 43, 86, 38, 0, 0.91%, 3, 36, 10, 32.02
1570731657, 81, 44, 86, 37, 0, 0.91%, 3, 36, 10, 30.59
1570731754, 81, 46, 86, 37, 0, 0.91%, 3, 36, 10, 30.88
1570732154, 81, 48, 86, 36, 0, 0.91%, 3, 36, 10, 33.66
1570732246, 81, 52, 86, 36, 0, 0.91%, 3, 36, 10, 33.63
1570732338, 81, 58, 86, 36, 0, 0.91%, 3, 36, 10, 32.35
1570732968, 81, 60, 86, 35, 0, 0.91%, 3, 36, 10, 30.56
1570733051, 81, 61, 86, 35, 0, 0.91%, 3, 36, 10, 32.38
1570733138, 81, 63, 86, 35, 0, 0.91%, 3, 36, 10, 32.30
1570733230, 81, 64, 86, 35, 0, 0.91%, 3, 36, 10, 30.13
1570733369, 81, 65, 86, 34, 0, 0.91%, 3, 36, 10, 27.48
1570733431, 81, 65, 87, 35, 0, 0.91%, 3, 36, 10, 33.58
1570733508, 81, 66, 87, 35, 0, 0.91%, 3, 36, 10, 32.89
1570733641, 81, 67, 87, 35, 0, 0.91%, 3, 36, 10, 35.26
1570733723, 81, 67, 88, 36, 0, 0.91%, 3, 36, 10, 32.82
1570733764, 81, 67, 89, 37, 0, 0.91%, 3, 36, 10, 33.46
1570733780, 81, 68, 89, 37, 0, 0.91%, 3, 36, 10, 34.84
1570733913, 81, 69, 89, 37, 0, 0.91%, 3, 36, 10, 33.94
1570734041, 81, 70, 89, 37, 0, 0.91%, 3, 36, 10, 34.97
1570734169, 81, 72, 89, 37, 0, 0.91%, 3, 36, 10, 32.71
1570734579, 81, 73, 89, 36, 0, 0.91%, 3, 36, 10, 34.40
1570734697, 81, 75, 89, 36, 0, 0.91%, 3, 36, 10, 35.03
1570734826, 81, 77, 89, 36, 0, 0.91%, 3, 36, 10, 31.15
1570735174, 81, 78, 89, 35, 0, 0.91%, 3, 36, 10, 33.98
1570735307, 81, 79, 89, 35, 0, 0.91%, 3, 36, 10, 32.42
1570735440, 81, 80, 89, 35, 0, 0.91%, 3, 36, 10, 30.73
1570735532, 81, 80, 90, 36, 0, 0.91%, 3, 36, 10, 33.97
1570735579, 81, 89, 90, 36, 1, 0.91%, 3, 36, 10, 32.54
1570735968, 82, 2, 90, 35, 0, 0.91%, 3, 36, 10, 28.47
1570735983, 82, 3, 90, 35, 0, 0.91%, 3, 36, 10, 32.19
1570735994, 82, 6, 90, 35, 0, 0.91%, 3, 36, 10, 33.32
1570736086, 82, 9, 90, 35, 0, 0.91%, 3, 36, 10, 32.53
1570736178, 82, 12, 90, 35, 0, 0.91%, 3, 36, 10, 33.09
1570736265, 82, 15, 90, 35, 0, 0.91%, 3, 36, 10, 32.51
1570736341, 82, 15, 91, 36, 0, 0.92%, 3, 36, 10, 30.77
1570736362, 82, 42, 91, 36, 1, 0.92%, 3, 36, 10, 27.74
1570737078, 82, 90, 91, 35, 1, 0.92%, 3, 36, 10, 28.80
1570737109, 82, 90, 92, 36, 1, 0.93%, 3, 36, 10, 32.40
1570737633, 82, 91, 92, 35, 1, 0.93%, 3, 36, 10, 32.28
1570737648, 82, 91, 93, 36, 1, 0.93%, 3, 36, 10, 33.37
1570737791, 82, 91, 94, 37, 1, 0.93%, 3, 36, 10, 30.95
1570738067, 82, 91, 95, 38, 1, 0.93%, 3, 36, 10, 29.51
1570738353, 82, 92, 95, 37, 2, 0.93%, 3, 36, 10, 31.22
1570738993, 82, 93, 95, 36, 1, 0.93%, 3, 36, 10, 30.54
1570739260, 82, 93, 96, 37, 1, 0.95%, 3, 36, 10, 32.74
1570739300, 82, 93, 97, 38, 1, 0.95%, 3, 36, 10, 33.11
1570739649, 82, 95, 97, 37, 2, 0.95%, 3, 36, 10, 31.47
1570739664, 82, 95, 102, 42, 2, 0.98%, 3, 36, 10, 29.72
1570739807, 82, 95, 103, 43, 2, 0.99%, 3, 36, 10, 27.31
1570739813, 82, 95, 106, 46, 2, 0.99%, 3, 36, 10, 30.90
1570740305, 82, 96, 106, 45, 10, 0.99%, 3, 36, 10, 32.52
1570740356, 82, 96, 107, 46, 10, 0.99%, 3, 36, 10, 30.97
1570740969, 82, 97, 107, 45, 10, 0.99%, 3, 36, 10, 31.30
1570741645, 82, 98, 107, 44, 9, 0.99%, 3, 36, 10, 29.67
1570742106, 82, 98, 108, 45, 9, 1.01%, 3, 36, 11, 30.70
1570742515, 82, 99, 108, 44, 9, 1.01%, 3, 36, 11, 30.71
1570742673, 82, 99, 110, 46, 9, 1.02%, 3, 36, 11, 30.32
1570742678, 82, 99, 111, 47, 9, 1.02%, 3, 36, 11, 33.19
1570743093, 82, 99, 112, 48, 9, 1.02%, 3, 36, 11, 32.92
1570743380, 82, 100, 112, 47, 12, 1.02%, 3, 36, 11, 32.33
1570744032, 82, 101, 112, 46, 11, 1.02%, 3, 36, 11, 30.16
1570744677, 82, 102, 112, 45, 10, 1.02%, 3, 36, 11, 31.39
1570745333, 82, 103, 112, 44, 9, 1.02%, 3, 36, 11, 32.42
1570745998, 82, 104, 112, 43, 8, 1.02%, 3, 36, 11, 33.38
1570746653, 82, 105, 112, 42, 7, 1.02%, 3, 36, 11, 30.73
1570747294, 82, 106, 112, 41, 6, 1.02%, 3, 36, 11, 32.82
1570747941, 82, 107, 112, 40, 5, 1.02%, 3, 36, 11, 33.78
1570747956, 82, 107, 113, 41, 5, 1.03%, 3, 36, 12, 34.87
1570748592, 82, 108, 113, 40, 5, 1.03%, 3, 36, 12, 31.60
1570749227, 82, 109, 113, 39, 4, 1.03%, 3, 36, 12, 32.62
1570749882, 82, 110, 113, 38, 3, 1.03%, 3, 36, 12, 29.40
1570750507, 82, 111, 113, 37, 2, 1.03%, 3, 36, 12, 32.85
1570751147, 82, 112, 113, 36, 1, 1.03%, 3, 36, 12, 31.69
1570751809, 83, 2, 113, 35, 0, 1.03%, 3, 36, 12, 34.06
1570751819, 83, 3, 113, 35, 0, 1.03%, 3, 36, 12, 35.07
1570751829, 83, 6, 113, 35, 0, 1.03%, 3, 36, 12, 33.15
1570751922, 83, 9, 113, 35, 0, 1.03%, 3, 36, 12, 32.78
1570752009, 83, 12, 113, 35, 0, 1.03%, 3, 36, 12, 33.96
1570752097, 83, 16, 113, 35, 0, 1.03%, 3, 36, 12, 31.19
1570752199, 83, 23, 113, 35, 0, 1.03%, 3, 36, 12, 31.36
1570752281, 83, 24, 113, 35, 0, 1.03%, 3, 36, 12, 32.89
1570752368, 83, 25, 113, 35, 0, 1.03%, 3, 36, 12, 32.14
1570752456, 83, 29, 113, 35, 0, 1.03%, 3, 36, 12, 32.84
1570752779, 83, 30, 113, 34, 0, 1.03%, 3, 36, 12, 32.70
1570753220, 83, 32, 113, 33, 0, 1.03%, 3, 36, 12, 32.59
1570753312, 83, 34, 113, 33, 0, 1.03%, 3, 36, 12, 32.58
1570753404, 83, 36, 113, 33, 0, 1.03%, 3, 36, 12, 30.69
1570753497, 83, 38, 113, 33, 0, 1.03%, 3, 36, 12, 31.96
1570753712, 83, 39, 113, 32, 0, 1.03%, 3, 36, 12, 26.70
1570753758, 83, 39, 114, 33, 0, 1.03%, 3, 36, 12, 30.59
1570753815, 83, 109, 114, 33, 1, 1.03%, 3, 36, 12, 31.60
1570753932, 83, 113, 114, 33, 1, 1.03%, 3, 36, 12, 32.71
1570753943, 83, 113, 114, 33, 1, 1.03%, 3, 37, 12, 30.00
1570753989, 83, 113, 115, 34, 1, 1.03%, 3, 37, 12, 32.49
1570754428, 83, 114, 115, 33, 1, 1.03%, 3, 37, 12, 22.54
1570754433, 83, 114, 115, 33, 1, 1.03%, 3, 38, 12, 28.90
1570754870, 83, 114, 116, 34, 1, 1.03%, 3, 38, 12, 30.07
1570754951, 83, 114, 117, 35, 1, 1.04%, 3, 38, 12, 28.76
1570754962, 83, 114, 118, 36, 1, 1.04%, 3, 38, 12, 30.54
1570755262, 83, 116, 118, 35, 1, 1.04%, 3, 38, 12, 24.41
1570755840, 83, 116, 119, 36, 1, 1.04%, 3, 38, 12, 28.60
1570755866, 83, 118, 119, 35, 1, 1.04%, 3, 38, 12, 29.06
1570756029, 84, 2, 119, 34, 0, 1.04%, 3, 38, 12, 28.64
1570756040, 84, 3, 119, 34, 0, 1.04%, 3, 38, 12, 34.66
1570756050, 84, 6, 119, 34, 0, 1.04%, 3, 38, 12, 32.28
1570756137, 84, 7, 119, 34, 0, 1.04%, 3, 38, 12, 30.34
1570756584, 84, 8, 119, 33, 0, 1.04%, 3, 38, 12, 29.73
1570756984, 84, 9, 119, 32, 0, 1.04%, 3, 38, 12, 32.79
1570757076, 84, 12, 119, 32, 0, 1.04%, 3, 38, 12, 32.16
1570757168, 84, 14, 119, 32, 0, 1.04%, 3, 38, 12, 30.95
1570757501, 84, 16, 119, 31, 0, 1.04%, 3, 38, 12, 31.31
1570757608, 84, 23, 119, 31, 0, 1.04%, 3, 38, 12, 30.98
1570757700, 84, 24, 119, 31, 0, 1.04%, 3, 38, 12, 29.93
1570757793, 84, 25, 119, 31, 0, 1.04%, 3, 38, 12, 31.11
1570757890, 84, 27, 119, 31, 0, 1.04%, 3, 38, 12, 31.52
1570758176, 84, 31, 119, 30, 0, 1.04%, 3, 38, 12, 30.17
1570758591, 84, 32, 119, 29, 0, 1.04%, 3, 38, 12, 32.60
1570758683, 84, 34, 119, 29, 0, 1.04%, 3, 38, 12, 30.38
1570758775, 84, 36, 119, 29, 0, 1.04%, 3, 38, 12, 31.34
1570758872, 84, 44, 119, 29, 0, 1.04%, 3, 38, 12, 33.45
1570758959, 84, 48, 119, 29, 0, 1.04%, 3, 38, 12, 34.88
1570759051, 84, 52, 119, 29, 0, 1.04%, 3, 38, 12, 33.34
1570759143, 84, 58, 119, 29, 0, 1.04%, 3, 38, 12, 28.95
1570759241, 84, 60, 119, 29, 0, 1.04%, 3, 38, 12, 31.81
1570759338, 84, 61, 119, 29, 0, 1.04%, 3, 38, 12, 32.01
1570759431, 84, 63, 119, 29, 0, 1.04%, 3, 38, 12, 32.39
1570759518, 84, 66, 119, 29, 0, 1.04%, 3, 38, 12, 31.08
1570759651, 84, 67, 119, 29, 0, 1.04%, 3, 38, 12, 31.33
1570759785, 84, 68, 119, 29, 0, 1.04%, 3, 38, 12, 31.22
1570759846, 84, 68, 120, 30, 0, 1.04%, 3, 38, 12, 31.86
1570759928, 84, 69, 120, 30, 0, 1.04%, 3, 38, 12, 30.81
1570760071, 84, 70, 120, 30, 0, 1.04%, 3, 38, 12, 32.26
1570760219, 84, 73, 120, 30, 0, 1.04%, 3, 38, 12, 30.12
1570760362, 84, 75, 120, 30, 0, 1.04%, 3, 38, 12, 31.44
1570760499, 84, 78, 120, 30, 0, 1.04%, 3, 38, 12, 30.10
1570760638, 84, 79, 120, 30, 0, 1.04%, 3, 38, 12, 30.11
1570760771, 84, 84, 120, 30, 0, 1.04%, 3, 38, 12, 31.24
1570761257, 84, 88, 120, 29, 0, 1.04%, 3, 38, 12, 28.29
1570761826, 84, 89, 120, 28, 0, 1.04%, 3, 38, 12, 32.15
1570761970, 84, 90, 120, 28, 0, 1.04%, 3, 38, 12, 29.92
1570762062, 84, 91, 120, 28, 0, 1.04%, 3, 38, 12, 32.37
1570762159, 84, 92, 120, 28, 0, 1.04%, 3, 38, 12, 30.88
1570762303, 84, 93, 120, 28, 0, 1.04%, 3, 38, 12, 32.45
1570762440, 84, 95, 120, 28, 0, 1.04%, 3, 38, 12, 29.82
1570762574, 84, 96, 120, 28, 0, 1.04%, 3, 38, 12, 33.15
1570762707, 84, 97, 120, 28, 0, 1.04%, 3, 38, 12, 28.02
1570762859, 84, 98, 120, 28, 0, 1.04%, 3, 38, 12, 29.81
1570763008, 84, 99, 120, 28, 0, 1.04%, 3, 38, 12, 29.16
1570763135, 84, 100, 120, 28, 0, 1.04%, 3, 38, 12, 28.98
1570763258, 84, 101, 120, 28, 0, 1.04%, 3, 38, 12, 30.29
1570763396, 84, 102, 120, 28, 0, 1.04%, 3, 38, 12, 28.96
1570763544, 84, 103, 120, 28, 0, 1.04%, 3, 38, 12, 29.89
1570763682, 84, 104, 120, 28, 0, 1.04%, 3, 38, 12, 29.12
1570763820, 84, 105, 120, 28, 0, 1.04%, 3, 38, 12, 29.10
1570763963, 84, 106, 120, 28, 0, 1.04%, 3, 38, 12, 27.68
1570764102, 84, 107, 120, 28, 0, 1.04%, 3, 38, 12, 33.64
1570764225, 84, 108, 120, 28, 0, 1.04%, 3, 38, 12, 30.46
1570764353, 84, 109, 120, 28, 0, 1.04%, 3, 38, 12, 30.30
1570764491, 84, 110, 120, 28, 0, 1.04%, 3, 38, 12, 30.88
1570764620, 84, 111, 120, 28, 0, 1.04%, 3, 38, 12, 29.92
1570764769, 84, 112, 120, 28, 0, 1.04%, 3, 38, 12, 29.17
1570764917, 84, 113, 120, 28, 0, 1.04%, 3, 38, 12, 27.14
1570765019, 84, 114, 120, 28, 0, 1.04%, 3, 38, 12, 29.37
1570765168, 84, 115, 120, 28, 0, 1.04%, 3, 38, 12, 27.16
1570765623, 84, 115, 121, 29, 0, 1.04%, 3, 38, 12, 30.00
1570765674, 84, 115, 122, 30, 0, 1.04%, 3, 38, 12, 28.70
1570766057, 84, 118, 122, 29, 0, 1.04%, 3, 38, 12, 29.57
1570766210, 84, 119, 122, 29, 0, 1.04%, 3, 38, 12, 29.25
1570766368, 84, 119, 123, 30, 0, 1.04%, 3, 38, 12, 33.39
1570766645, 84, 119, 124, 31, 0, 1.04%, 3, 38, 12, 34.60
1570766733, 84, 119, 125, 32, 0, 1.04%, 3, 38, 12, 32.95
1570766819, 84, 119, 126, 33, 0, 1.04%, 3, 38, 12, 35.14
1570767050, 84, 120, 126, 32, 0, 1.04%, 3, 38, 12, 23.62
1570767664, 84, 124, 126, 31, 0, 1.04%, 3, 38, 12, 33.79
1570768371, 85, 2, 126, 30, 0, 1.04%, 3, 38, 12, 34.22
1570768382, 85, 3, 126, 30, 0, 1.04%, 3, 38, 12, 34.00
1570768392, 85, 7, 126, 30, 0, 1.04%, 3, 38, 12, 32.22
1570768479, 85, 9, 126, 30, 0, 1.04%, 3, 38, 12, 33.82
1570768567, 85, 12, 126, 30, 0, 1.04%, 3, 38, 12, 33.80
1570768654, 85, 23, 126, 30, 0, 1.04%, 3, 38, 12, 32.98
1570768746, 85, 24, 126, 30, 0, 1.04%, 3, 38, 12, 30.75
1570768843, 85, 25, 126, 30, 0, 1.04%, 3, 38, 12, 33.79
1570768936, 85, 27, 126, 30, 0, 1.04%, 3, 38, 12, 31.13
1570769028, 85, 32, 126, 30, 0, 1.04%, 3, 38, 12, 30.55
1570769120, 85, 34, 126, 30, 0, 1.04%, 3, 38, 12, 31.72
1570769213, 85, 36, 126, 30, 0, 1.04%, 3, 38, 12, 31.39
1570769299, 85, 38, 126, 30, 0, 1.04%, 3, 38, 12, 33.00
1570769397, 85, 40, 126, 30, 0, 1.04%, 3, 38, 12, 29.10
1570769545, 85, 41, 126, 29, 0, 1.04%, 3, 38, 12, 20.41
1570769652, 85, 44, 126, 29, 0, 1.04%, 3, 38, 12, 30.28
1570769744, 85, 45, 126, 29, 0, 1.04%, 3, 38, 12, 30.76
1570770226, 85, 47, 126, 28, 0, 1.04%, 3, 38, 12, 30.39
1570770369, 85, 48, 126, 27, 0, 1.04%, 3, 38, 12, 21.37
1570770462, 85, 51, 126, 27, 0, 1.04%, 3, 38, 12, 29.76
1570770846, 85, 52, 126, 26, 0, 1.04%, 3, 38, 12, 33.80
1570770933, 85, 53, 126, 26, 0, 1.04%, 3, 38, 12, 33.79
1570771015, 85, 60, 126, 26, 0, 1.04%, 3, 38, 12, 35.85
1570771102, 85, 61, 126, 26, 0, 1.04%, 3, 38, 12, 34.21
1570771189, 85, 63, 126, 26, 0, 1.04%, 3, 38, 12, 33.52
1570771271, 85, 66, 126, 26, 0, 1.04%, 3, 38, 12, 34.35
1570771384, 85, 67, 126, 26, 0, 1.04%, 3, 38, 12, 35.38
1570771507, 85, 68, 126, 26, 0, 1.04%, 3, 38, 12, 32.82
1570771635, 85, 69, 126, 26, 0, 1.04%, 3, 38, 12, 34.50
1570771763, 85, 70, 126, 26, 0, 1.04%, 3, 38, 12, 34.83
1570771892, 85, 73, 126, 26, 0, 1.04%, 3, 38, 12, 32.17
1570772025, 85, 75, 126, 26, 0, 1.04%, 3, 38, 12, 33.64
1570772154, 85, 78, 126, 26, 0, 1.04%, 3, 38, 12, 33.26
1570772282, 85, 79, 126, 26, 0, 1.04%, 3, 38, 12, 34.21
1570772415, 85, 82, 126, 26, 0, 1.04%, 3, 38, 12, 21.63
1570772851, 85, 86, 126, 25, 0, 1.04%, 3, 38, 12, 32.05
1570773405, 85, 89, 126, 24, 0, 1.04%, 3, 38, 12, 32.41
1570773543, 85, 90, 126, 24, 0, 1.04%, 3, 38, 12, 33.58
1570773635, 85, 91, 126, 24, 0, 1.04%, 3, 38, 12, 32.12
1570773733, 85, 92, 126, 24, 0, 1.04%, 3, 38, 12, 30.87
1570773865, 85, 93, 126, 24, 0, 1.04%, 3, 38, 12, 32.42
1570774008, 85, 94, 126, 24, 0, 1.04%, 3, 38, 12, 31.84
1570775139, 85, 95, 126, 23, 0, 1.04%, 3, 38, 12, 21.72
1570775318, 85, 96, 126, 23, 0, 1.04%, 3, 38, 12, 19.60
1570775517, 85, 97, 126, 23, 0, 1.04%, 3, 38, 12, 20.33
1570775731, 85, 98, 126, 23, 0, 1.04%, 3, 38, 12, 20.01
1570775945, 85, 99, 126, 23, 0, 1.04%, 3, 38, 12, 21.04
1570776146, 85, 100, 126, 23, 0, 1.04%, 3, 38, 12, 21.36
1570776351, 85, 101, 126, 23, 0, 1.04%, 3, 38, 12, 20.23
1570776560, 85, 102, 126, 23, 0, 1.04%, 3, 38, 12, 21.91
1570776766, 85, 103, 126, 23, 0, 1.04%, 3, 38, 12, 21.80
1570776971, 85, 104, 126, 23, 0, 1.04%, 3, 38, 12, 21.45
1570777166, 85, 105, 126, 23, 0, 1.04%, 3, 38, 12, 22.11
1570777365, 85, 106, 126, 23, 0, 1.04%, 3, 38, 12, 20.41
1570777534, 85, 107, 126, 23, 0, 1.04%, 3, 38, 12, 22.00
1570777727, 85, 108, 126, 23, 0, 1.04%, 3, 38, 12, 21.52
1570777902, 85, 109, 126, 23, 0, 1.04%, 3, 38, 12, 20.69
1570778081, 85, 110, 126, 23, 0, 1.04%, 3, 38, 12, 21.77
1570778235, 85, 111, 126, 23, 0, 1.04%, 3, 38, 12, 22.24
1570778445, 85, 112, 126, 23, 0, 1.04%, 3, 38, 12, 21.23
1570778650, 85, 113, 126, 23, 0, 1.04%, 3, 38, 12, 20.36
1570778788, 85, 115, 126, 23, 0, 1.04%, 3, 38, 12, 21.40
1570779003, 85, 118, 126, 23, 0, 1.04%, 3, 38, 12, 21.42
1570779213, 85, 122, 126, 23, 0, 1.04%, 3, 38, 12, 22.01
1570780210, 85, 125, 126, 22, 0, 1.04%, 3, 38, 12, 21.99
1570780240, 85, 125, 127, 23, 0, 1.04%, 3, 38, 12, 20.55
1570780302, 85, 125, 128, 24, 0, 1.04%, 3, 38, 12, 20.29
1570781415, 85, 125, 129, 25, 0, 1.04%, 3, 38, 12, 22.25
1570782014, 85, 128, 129, 24, 0, 1.04%, 3, 38, 12, 22.01
1570782059, 85, 128, 131, 26, 0, 1.04%, 3, 38, 12, 22.28
1570783658, 85, 130, 131, 25, 0, 1.04%, 3, 38, 12, 23.15
1570785222, 86, 2, 131, 24, 0, 1.04%, 3, 38, 12, 23.08
1570785237, 86, 3, 131, 24, 0, 1.04%, 3, 38, 12, 22.61
1570785253, 86, 5, 131, 24, 0, 1.04%, 3, 38, 12, 22.45
1570785380, 86, 7, 131, 24, 0, 1.04%, 3, 38, 12, 21.37
1570785513, 86, 9, 131, 24, 0, 1.04%, 3, 38, 12, 21.88
1570785656, 86, 11, 131, 24, 0, 1.04%, 3, 38, 12, 19.36
1570786375, 86, 12, 131, 23, 0, 1.04%, 3, 38, 12, 21.18
1570786513, 86, 17, 131, 23, 0, 1.04%, 3, 38, 12, 20.36
1570787044, 86, 22, 131, 22, 0, 1.04%, 3, 38, 12, 22.02
1570787802, 86, 23, 131, 21, 0, 1.04%, 3, 38, 12, 21.50
1570787940, 86, 24, 131, 21, 0, 1.04%, 3, 38, 12, 22.07
1570788068, 86, 25, 131, 21, 0, 1.04%, 3, 38, 12, 22.52
1570788202, 86, 27, 131, 21, 0, 1.04%, 3, 38, 12, 22.91
1570788340, 86, 32, 131, 21, 0, 1.04%, 3, 38, 12, 21.43
1570788478, 86, 33, 131, 21, 0, 1.04%, 3, 38, 12, 21.72
1570788883, 86, 34, 131, 20, 0, 1.04%, 3, 38, 12, 21.51
1570789020, 86, 36, 131, 20, 0, 1.04%, 3, 38, 12, 21.20
1570789163, 86, 44, 131, 20, 0, 1.04%, 3, 38, 12, 20.64
1570789301, 86, 47, 131, 20, 0, 1.04%, 3, 38, 12, 21.52
1570789434, 86, 48, 131, 20, 0, 1.04%, 3, 38, 12, 21.79
1570789567, 86, 52, 131, 20, 0, 1.04%, 3, 38, 12, 22.64
1570789700, 86, 57, 131, 20, 0, 1.04%, 3, 38, 12, 20.06
1570790762, 86, 60, 131, 19, 0, 1.04%, 3, 38, 12, 18.82
1570790891, 86, 61, 131, 19, 0, 1.04%, 3, 38, 12, 21.83
1570791023, 86, 63, 131, 19, 0, 1.04%, 3, 38, 12, 21.92
1570791136, 86, 66, 131, 19, 0, 1.04%, 3, 38, 12, 22.44
1570791329, 86, 67, 131, 19, 0, 1.04%, 3, 38, 12, 22.24
1570791514, 86, 68, 131, 19, 0, 1.04%, 3, 38, 12, 22.90
1570791712, 86, 69, 131, 19, 0, 1.04%, 3, 38, 12, 23.15
1570791896, 86, 70, 131, 19, 0, 1.04%, 3, 38, 12, 22.49
1570792096, 86, 71, 131, 19, 0, 1.04%, 3, 38, 12, 22.24
1570792643, 86, 73, 131, 18, 0, 1.04%, 3, 38, 12, 22.83
1570792838, 86, 74, 131, 18, 0, 1.04%, 3, 38, 12, 17.71
1570793570, 86, 78, 131, 17, 0, 1.04%, 3, 38, 12, 22.62
1570793765, 86, 79, 131, 17, 0, 1.04%, 3, 38, 12, 22.37
1570793965, 86, 83, 131, 17, 0, 1.04%, 3, 38, 12, 21.56
1570794743, 86, 89, 131, 16, 0, 1.04%, 3, 38, 12, 22.39
1570794948, 86, 90, 131, 16, 0, 1.04%, 3, 38, 12, 20.81
1570795086, 86, 91, 131, 16, 0, 1.04%, 3, 38, 12, 21.41
1570795235, 86, 92, 131, 16, 0, 1.04%, 3, 38, 12, 15.10
1570795495, 86, 93, 131, 16, 0, 1.04%, 3, 38, 12, 14.91
1570795787, 86, 95, 131, 16, 0, 1.04%, 3, 38, 12, 15.17
1570796068, 86, 96, 131, 16, 0, 1.04%, 3, 38, 12, 15.01
1570796334, 86, 97, 131, 16, 0, 1.04%, 3, 38, 12, 15.17
1570796544, 86, 98, 131, 16, 0, 1.04%, 3, 38, 12, 20.50
1570796738, 86, 99, 131, 16, 0, 1.04%, 3, 38, 12, 18.87
1570796933, 86, 100, 131, 16, 0, 1.04%, 3, 38, 12, 19.23
1570797156, 86, 101, 131, 16, 0, 1.04%, 3, 38, 12, 19.44
1570797382, 86, 102, 131, 16, 0, 1.04%, 3, 38, 12, 20.30
1570797607, 86, 103, 131, 16, 0, 1.04%, 3, 38, 12, 18.94
1570797831, 86, 104, 131, 16, 0, 1.04%, 3, 38, 12, 19.15
1570798036, 86, 105, 131, 16, 0, 1.04%, 3, 38, 12, 19.76
1570798260, 86, 106, 131, 16, 0, 1.04%, 3, 38, 12, 19.12
1570798460, 86, 107, 131, 16, 0, 1.04%, 3, 38, 12, 19.77
1570798673, 86, 108, 131, 16, 0, 1.04%, 3, 38, 12, 20.38
1570798868, 86, 109, 131, 16, 0, 1.04%, 3, 38, 12, 19.73
1570799066, 86, 110, 131, 16, 0, 1.04%, 3, 38, 12, 19.91
1570799281, 86, 111, 131, 16, 0, 1.04%, 3, 38, 12, 20.31
1570799505, 86, 112, 131, 16, 0, 1.04%, 3, 38, 12, 19.72
1570799726, 86, 113, 131, 16, 0, 1.04%, 3, 38, 12, 19.96
1570799869, 86, 115, 131, 16, 0, 1.04%, 3, 38, 12, 19.31
1570800104, 86, 117, 131, 16, 0, 1.04%, 3, 38, 12, 18.82
1570801563, 86, 118, 131, 15, 0, 1.04%, 3, 38, 12, 19.05
1570801604, 86, 118, 132, 16, 0, 1.04%, 3, 38, 12, 19.68
1570801863, 86, 127, 132, 16, 0, 1.04%, 3, 38, 12, 19.82
1570803401, 86, 129, 132, 15, 0, 1.04%, 3, 38, 12, 20.97
1570805058, 87, 2, 132, 14, 0, 1.04%, 3, 38, 12, 20.74
1570805073, 87, 3, 132, 14, 0, 1.04%, 3, 38, 12, 20.33
1570805093, 87, 7, 132, 14, 0, 1.04%, 3, 38, 12, 20.49
1570805236, 87, 9, 132, 14, 0, 1.04%, 3, 38, 12, 19.85
1570805385, 87, 12, 132, 14, 0, 1.04%, 3, 38, 12, 19.92
1570805533, 87, 20, 132, 14, 0, 1.04%, 3, 38, 12, 19.26
1570805687, 87, 23, 132, 14, 0, 1.04%, 3, 38, 12, 19.69
1570805835, 87, 24, 132, 14, 0, 1.04%, 3, 38, 12, 21.18
1570805973, 87, 25, 132, 14, 0, 1.04%, 3, 38, 12, 20.02
1570806121, 87, 27, 132, 14, 0, 1.04%, 3, 38, 12, 20.17
1570806269, 87, 28, 132, 14, 0, 1.04%, 3, 38, 12, 20.14
1570806413, 87, 30, 132, 14, 0, 1.04%, 3, 38, 12, 20.03
1570806561, 87, 32, 132, 14, 0, 1.04%, 3, 38, 12, 20.01
1570806709, 87, 34, 132, 14, 0, 1.04%, 3, 38, 12, 18.86
1570806858, 87, 36, 132, 14, 0, 1.04%, 3, 38, 12, 19.79
1570807006, 87, 44, 132, 14, 0, 1.04%, 3, 38, 12, 19.34
1570807155, 87, 48, 132, 14, 0, 1.04%, 3, 38, 12, 19.61
1570807304, 87, 50, 132, 14, 0, 1.04%, 3, 38, 12, 19.64
1570808423, 87, 52, 132, 13, 0, 1.04%, 3, 38, 12, 19.62
1570808566, 87, 56, 132, 13, 0, 1.04%, 3, 38, 12, 20.39
1570808709, 87, 60, 132, 13, 0, 1.04%, 3, 38, 12, 20.21
1570808858, 87, 61, 132, 13, 0, 1.04%, 3, 38, 12, 19.63
1570809015, 87, 63, 132, 13, 0, 1.04%, 3, 38, 12, 18.77
1570809158, 87, 66, 132, 13, 0, 1.04%, 3, 38, 12, 18.71
1570809367, 87, 67, 132, 13, 0, 1.04%, 3, 38, 12, 19.21
1570809587, 87, 68, 132, 13, 0, 1.04%, 3, 38, 12, 20.39
1570809812, 87, 69, 132, 13, 0, 1.04%, 3, 38, 12, 19.24
1570810037, 87, 70, 132, 13, 0, 1.04%, 3, 38, 12, 19.12
1570810267, 87, 71, 132, 13, 0, 1.04%, 3, 38, 12, 19.68
1570810482, 87, 72, 132, 13, 0, 1.04%, 3, 38, 12, 20.35
1570810702, 87, 73, 132, 13, 0, 1.04%, 3, 38, 12, 19.36
1570810927, 87, 77, 132, 13, 0, 1.04%, 3, 38, 12, 20.42
1570811136, 87, 78, 132, 13, 0, 1.04%, 3, 38, 12, 19.79
1570811360, 87, 79, 132, 13, 0, 1.04%, 3, 38, 12, 19.99
1570811580, 87, 89, 132, 13, 0, 1.04%, 3, 38, 12, 20.20
1570811791, 87, 90, 132, 13, 0, 1.04%, 3, 38, 12, 20.02
1570811939, 87, 91, 132, 13, 0, 1.04%, 3, 38, 12, 19.87
1570812072, 87, 92, 132, 13, 0, 1.04%, 3, 38, 12, 20.30
1570812287, 87, 93, 132, 13, 0, 1.04%, 3, 38, 12, 19.94
1570812507, 87, 95, 132, 13, 0, 1.04%, 3, 38, 12, 20.26
1570812701, 87, 96, 132, 13, 0, 1.04%, 3, 38, 12, 20.05
1570812906, 87, 97, 132, 13, 0, 1.04%, 3, 38, 12, 19.49
1570813122, 87, 98, 132, 13, 0, 1.04%, 3, 38, 12, 19.81
1570813316, 87, 99, 132, 13, 0, 1.04%, 3, 38, 12, 20.61
1570813505, 87, 100, 132, 13, 0, 1.04%, 3, 38, 12, 20.13
1570813699, 87, 101, 132, 13, 0, 1.04%, 3, 38, 12, 20.85
1570813918, 87, 102, 132, 13, 0, 1.04%, 3, 38, 12, 19.99
1570814137, 87, 103, 132, 13, 0, 1.04%, 3, 38, 12, 20.69
1570814326, 87, 104, 132, 13, 0, 1.04%, 3, 38, 12, 19.72
1570814530, 87, 105, 132, 13, 0, 1.04%, 3, 38, 12, 19.60
1570814751, 87, 106, 132, 13, 0, 1.04%, 3, 38, 12, 20.45
1570814940, 87, 107, 132, 13, 0, 1.04%, 3, 38, 12, 19.52
1570815155, 87, 108, 132, 13, 0, 1.04%, 3, 38, 12, 19.45
1570815365, 87, 109, 132, 13, 0, 1.04%, 3, 38, 12, 20.16
1570815589, 87, 110, 132, 13, 0, 1.04%, 3, 38, 12, 19.17
1570815814, 87, 111, 132, 13, 0, 1.04%, 3, 38, 12, 19.92
1570816038, 87, 112, 132, 13, 0, 1.04%, 3, 38, 12, 19.59
1570816247, 87, 113, 132, 13, 0, 1.04%, 3, 38, 12, 19.63
1570816391, 87, 115, 132, 13, 0, 1.04%, 3, 38, 12, 19.85
1570816616, 87, 118, 132, 13, 0, 1.04%, 3, 38, 12, 19.09
1570816847, 87, 121, 132, 13, 0, 1.04%, 3, 38, 12, 17.97
1570818420, 87, 126, 132, 12, 0, 1.04%, 3, 38, 12, 19.73
1570819551, 87, 131, 132, 11, 0, 1.04%, 3, 38, 12, 19.52
1570819806, 88, 2, 132, 10, 0, 1.04%, 3, 38, 12, 18.62
1570819822, 88, 3, 132, 10, 0, 1.04%, 3, 38, 12, 19.57
1570819842, 88, 5, 132, 10, 0, 1.04%, 3, 38, 12, 18.92
1570819980, 88, 7, 132, 10, 0, 1.04%, 3, 38, 12, 20.28
1570820128, 88, 9, 132, 10, 0, 1.04%, 3, 38, 12, 19.25
1570820267, 88, 12, 132, 10, 0, 1.04%, 3, 38, 12, 19.75
1570820420, 88, 23, 132, 10, 0, 1.04%, 3, 38, 12, 19.52
1570820564, 88, 24, 132, 10, 0, 1.04%, 3, 38, 12, 19.42
1570820707, 88, 25, 132, 10, 0, 1.04%, 3, 38, 12, 20.26
1570820855, 88, 26, 132, 10, 0, 1.04%, 3, 38, 12, 20.26
1570822030, 88, 27, 132, 9, 0, 1.04%, 3, 38, 12, 18.93
1570822178, 88, 32, 132, 9, 0, 1.04%, 3, 38, 12, 19.92
1570822326, 88, 34, 132, 9, 0, 1.04%, 3, 38, 12, 19.43
1570822474, 88, 36, 132, 9, 0, 1.04%, 3, 38, 12, 19.59
1570822623, 88, 44, 132, 9, 0, 1.04%, 3, 38, 12, 19.21
1570822772, 88, 48, 132, 9, 0, 1.04%, 3, 38, 12, 19.80
1570822920, 88, 52, 132, 9, 0, 1.04%, 3, 38, 12, 19.40
1570823073, 88, 53, 132, 9, 0, 1.04%, 3, 38, 12, 19.41
1570823217, 88, 60, 132, 9, 0, 1.04%, 3, 38, 12, 20.25
1570823365, 88, 61, 132, 9, 0, 1.04%, 3, 38, 12, 19.95
1570823518, 88, 63, 132, 9, 0, 1.04%, 3, 38, 12, 20.29
1570823641, 88, 66, 132, 9, 0, 1.04%, 3, 38, 12, 20.82
1570823855, 88, 67, 132, 9, 0, 1.04%, 3, 38, 12, 19.53
1570824070, 88, 68, 132, 9, 0, 1.04%, 3, 38, 12, 20.26
1570824290, 88, 69, 132, 9, 0, 1.04%, 3, 38, 12, 20.34
1570824510, 88, 70, 132, 9, 0, 1.04%, 3, 38, 12, 19.89
1570824735, 88, 71, 132, 9, 0, 1.04%, 3, 38, 12, 19.32
1570824955, 88, 73, 132, 9, 0, 1.04%, 3, 38, 12, 20.65
1570825174, 88, 77, 132, 9, 0, 1.04%, 3, 38, 12, 19.92
1570825368, 88, 78, 132, 9, 0, 1.04%, 3, 38, 12, 19.02
1570825589, 88, 79, 132, 9, 0, 1.04%, 3, 38, 12, 19.95
1570825809, 88, 87, 132, 9, 0, 1.04%, 3, 38, 12, 19.19
1570827404, 88, 89, 132, 8, 0, 1.04%, 3, 38, 12, 20.11
1570827623, 88, 90, 132, 8, 0, 1.04%, 3, 38, 12, 20.28
1570827751, 88, 91, 132, 8, 0, 1.04%, 3, 38, 12, 19.76
1570827899, 88, 92, 132, 8, 0, 1.04%, 3, 38, 12, 20.56
1570828114, 88, 93, 132, 8, 0, 1.04%, 3, 38, 12, 19.99
1570828334, 88, 95, 132, 8, 0, 1.04%, 3, 38, 12, 20.83
1570828538, 88, 96, 132, 8, 0, 1.04%, 3, 38, 12, 20.06
1570828738, 88, 97, 132, 8, 0, 1.04%, 3, 38, 12, 19.58
1570828968, 88, 98, 132, 8, 0, 1.04%, 3, 38, 12, 19.16
1570829193, 88, 99, 132, 8, 0, 1.04%, 3, 38, 12, 19.59
1570829417, 88, 100, 132, 8, 0, 1.04%, 3, 38, 12, 19.85
1570829622, 88, 101, 132, 8, 0, 1.04%, 3, 38, 12, 20.24
1570829842, 88, 102, 132, 8, 0, 1.04%, 3, 38, 12, 19.68
1570830072, 88, 103, 132, 8, 0, 1.04%, 3, 38, 12, 19.55
1570830281, 88, 104, 132, 8, 0, 1.04%, 3, 38, 12, 19.21
1570830476, 88, 105, 132, 8, 0, 1.04%, 3, 38, 12, 19.40
1570830666, 88, 106, 132, 8, 0, 1.04%, 3, 38, 12, 20.54
1570830865, 88, 107, 132, 8, 0, 1.04%, 3, 38, 12, 20.64
1570831059, 88, 108, 132, 8, 0, 1.04%, 3, 38, 12, 19.77
1570831278, 88, 109, 132, 8, 0, 1.04%, 3, 38, 12, 19.57
1570831482, 88, 110, 132, 8, 0, 1.04%, 3, 38, 12, 20.13
1570831686, 88, 111, 132, 8, 0, 1.04%, 3, 38, 12, 19.70
1570831916, 88, 112, 132, 8, 0, 1.04%, 3, 38, 12, 19.46
1570832141, 88, 113, 132, 8, 0, 1.04%, 3, 38, 12, 19.27
1570832299, 88, 115, 132, 8, 0, 1.04%, 3, 38, 12, 19.01
1570832523, 88, 118, 132, 8, 0, 1.04%, 3, 38, 12, 20.11
1570832749, 88, 123, 132, 8, 0, 1.04%, 3, 38, 12, 19.88
1570834047, 89, 2, 132, 7, 0, 1.04%, 3, 38, 12, 20.12
1570834063, 89, 3, 132, 7, 0, 1.04%, 3, 38, 12, 20.13
1570834083, 89, 7, 132, 7, 0, 1.04%, 3, 38, 12, 19.23
1570834237, 89, 9, 132, 7, 0, 1.04%, 3, 38, 12, 20.13
1570834385, 89, 10, 132, 7, 0, 1.04%, 3, 38, 12, 19.26
1570834850, 89, 12, 132, 6, 0, 1.04%, 3, 38, 12, 20.10
1570834993, 89, 23, 132, 6, 0, 1.04%, 3, 38, 12, 20.10
1570835147, 89, 24, 132, 6, 0, 1.04%, 3, 38, 12, 19.52
1570835295, 89, 25, 132, 6, 0, 1.04%, 3, 38, 12, 19.45
1570835448, 89, 27, 132, 6, 0, 1.04%, 3, 38, 12, 20.21
1570835597, 89, 30, 132, 6, 0, 1.04%, 3, 38, 12, 19.71
1570835745, 89, 32, 132, 6, 0, 1.04%, 3, 38, 12, 19.75
1570835894, 89, 34, 132, 6, 0, 1.04%, 3, 38, 12, 19.52
1570836042, 89, 36, 132, 6, 0, 1.04%, 3, 38, 12, 19.87
1570836190, 89, 44, 132, 6, 0, 1.04%, 3, 38, 12, 20.41
1570836339, 89, 48, 132, 6, 0, 1.04%, 3, 38, 12, 20.45
1570836482, 89, 49, 132, 6, 0, 1.04%, 3, 38, 12, 20.33
1570837045, 89, 52, 132, 5, 0, 1.04%, 3, 38, 12, 19.68
1570837199, 89, 60, 132, 5, 0, 1.04%, 3, 38, 12, 19.07
1570837347, 89, 61, 132, 5, 0, 1.04%, 3, 38, 12, 19.67
1570837495, 89, 63, 132, 5, 0, 1.04%, 3, 38, 12, 19.77
1570837638, 89, 66, 132, 5, 0, 1.04%, 3, 38, 12, 20.60
1570837853, 89, 67, 132, 5, 0, 1.04%, 3, 38, 12, 20.74
1570838073, 89, 68, 132, 5, 0, 1.04%, 3, 38, 12, 20.02
1570838293, 89, 69, 132, 5, 0, 1.04%, 3, 38, 12, 19.80
1570838508, 89, 70, 132, 5, 0, 1.04%, 3, 38, 12, 20.64
1570838727, 89, 71, 132, 5, 0, 1.04%, 3, 38, 12, 20.24
1570838942, 89, 73, 132, 5, 0, 1.04%, 3, 38, 12, 19.43
1570839168, 89, 76, 132, 5, 0, 1.04%, 3, 38, 12, 19.68
1570839873, 89, 78, 132, 4, 0, 1.04%, 3, 38, 12, 20.83
1570840087, 89, 79, 132, 4, 0, 1.04%, 3, 38, 12, 20.66
1570840296, 89, 83, 132, 4, 0, 1.04%, 3, 38, 12, 20.17
1570840516, 89, 85, 132, 4, 0, 1.04%, 3, 38, 12, 17.76
1570842197, 89, 89, 132, 3, 0, 1.04%, 3, 38, 12, 19.81
1570842411, 89, 90, 132, 3, 0, 1.04%, 3, 38, 12, 20.20
1570842560, 89, 91, 132, 3, 0, 1.04%, 3, 38, 12, 19.97
1570842709, 89, 92, 132, 3, 0, 1.04%, 3, 38, 12, 19.90
1570842929, 89, 93, 132, 3, 0, 1.04%, 3, 38, 12, 20.42
1570843144, 89, 95, 132, 3, 0, 1.04%, 3, 38, 12, 21.76
