# unix_time, cycles_done, cur_path, paths_total, pending_total, pending_favs, map_size, unique_crashes, unique_hangs, max_depth, execs_per_sec
1567692486, 0, 0, 3, 3, 1, 1.69%, 0, 0, 1, 261.68
1567692491, 0, 2, 4, 4, 1, 1.72%, 0, 0, 2, 313.78
1567692496, 0, 3, 4, 3, 1, 1.72%, 0, 0, 2, 327.38
1567692501, 1, 0, 5, 3, 0, 1.73%, 0, 0, 2, 331.99
1567692506, 1, 4, 6, 3, 1, 1.73%, 0, 0, 2, 333.17
1567692511, 1, 4, 8, 5, 1, 1.74%, 0, 0, 3, 332.69
1567692537, 1, 6, 8, 4, 1, 1.74%, 0, 0, 3, 331.99
1567692542, 1, 7, 8, 3, 0, 1.74%, 0, 0, 3, 332.93
1567692547, 1, 7, 9, 4, 0, 1.74%, 0, 0, 4, 332.11
1567692557, 1, 8, 9, 3, 0, 1.74%, 0, 0, 4, 332.69
1567692578, 2, 1, 9, 2, 0, 1.74%, 0, 0, 4, 329.69
1567692583, 2, 5, 9, 1, 0, 1.74%, 0, 0, 4, 328.62
1567692593, 2, 6, 9, 0, 0, 1.74%, 0, 0, 4, 327.47
1567692598, 3, 2, 9, 0, 0, 1.74%, 0, 0, 4, 325.90
1567692603, 3, 6, 9, 0, 0, 1.74%, 0, 0, 4, 325.23
1567692608, 3, 8, 9, 0, 0, 1.74%, 0, 0, 4, 326.38
1567692614, 4, 2, 9, 0, 0, 1.74%, 0, 0, 4, 327.56
1567692619, 4, 6, 9, 0, 0, 1.74%, 0, 0, 4, 324.03
1567692624, 4, 8, 9, 0, 0, 1.74%, 0, 0, 4, 322.83
1567692629, 5, 3, 9, 0, 0, 1.74%, 0, 0, 4, 324.53
1567692634, 5, 6, 9, 0, 0, 1.74%, 0, 0, 4, 324.58
1567692639, 5, 8, 9, 0, 0, 1.74%, 0, 0, 4, 321.16
1567692644, 6, 2, 9, 0, 0, 1.74%, 0, 0, 4, 323.92
1567692649, 6, 6, 9, 0, 0, 1.74%, 0, 0, 4, 324.08
1567692654, 6, 8, 9, 0, 0, 1.74%, 0, 0, 4, 324.09
1567692660, 7, 3, 9, 0, 0, 1.74%, 0, 0, 4, 325.24
1567692665, 7, 6, 9, 0, 0, 1.74%, 0, 0, 4, 316.15
1567692670, 7, 8, 10, 1, 0, 1.75%, 0, 0, 5, 310.40
1567692675, 7, 9, 10, 1, 0, 1.75%, 0, 0, 5, 319.13
1567692705, 7, 9, 11, 2, 0, 1.75%, 0, 0, 6, 327.60
1567692741, 7, 10, 11, 1, 0, 1.75%, 0, 0, 6, 325.07
1567692808, 7, 10, 12, 2, 0, 1.75%, 0, 0, 7, 226.70
1567692813, 7, 10, 13, 3, 0, 1.75%, 0, 0, 7, 173.43
1567692818, 7, 11, 15, 4, 2, 1.75%, 0, 0, 8, 161.77
1567692823, 7, 11, 16, 5, 2, 1.76%, 0, 0, 8, 160.05
1567692839, 7, 11, 17, 6, 2, 1.76%, 0, 0, 8, 159.57
1567692844, 7, 11, 19, 8, 2, 1.77%, 0, 0, 8, 158.15
1567692854, 7, 11, 21, 10, 2, 1.77%, 0, 0, 8, 159.60
1567692910, 7, 11, 22, 11, 2, 1.77%, 0, 0, 8, 158.57
1567692956, 7, 11, 23, 12, 2, 1.77%, 0, 0, 8, 154.70
1567692971, 7, 11, 24, 13, 2, 1.77%, 0, 0, 8, 152.01
1567692981, 7, 11, 26, 15, 2, 1.78%, 0, 0, 8, 105.39
1567693002, 7, 15, 26, 14, 4, 1.78%, 0, 0, 8, 102.29
1567693012, 7, 15, 27, 15, 4, 1.78%, 0, 0, 9, 105.26
1567693042, 7, 15, 28, 16, 4, 1.78%, 0, 0, 9, 104.24
1567693232, 7, 15, 29, 17, 4, 1.79%, 0, 0, 9, 103.78
1567693298, 7, 20, 30, 17, 3, 1.79%, 0, 0, 9, 103.36
1567693410, 7, 20, 31, 18, 3, 1.79%, 0, 0, 9, 102.35
1567693532, 7, 21, 31, 17, 2, 1.79%, 0, 0, 9, 102.28
1567693638, 7, 21, 32, 18, 2, 1.79%, 0, 0, 9, 103.89
1567693786, 7, 21, 33, 19, 2, 1.79%, 0, 0, 9, 103.60
1567693836, 7, 21, 34, 20, 2, 1.80%, 0, 0, 9, 104.50
1567694061, 7, 21, 35, 21, 2, 1.80%, 0, 0, 9, 103.00
1567694076, 7, 25, 35, 20, 2, 1.80%, 0, 0, 9, 100.09
1567694168, 7, 34, 35, 19, 1, 1.80%, 0, 0, 9, 104.21
1567694300, 7, 34, 36, 20, 1, 1.80%, 0, 0, 10, 103.75
1567694310, 7, 35, 36, 19, 0, 1.80%, 0, 0, 10, 104.36
1567694325, 7, 35, 37, 20, 0, 1.80%, 0, 0, 11, 104.29
1567694401, 7, 35, 38, 21, 0, 1.81%, 0, 0, 11, 103.82
1567694416, 7, 35, 39, 22, 0, 1.81%, 0, 0, 11, 104.95
1567694558, 7, 35, 40, 23, 0, 1.82%, 0, 0, 11, 103.97
1567694675, 7, 35, 41, 24, 0, 1.82%, 0, 0, 11, 104.40
1567694762, 7, 35, 42, 25, 0, 1.82%, 0, 0, 11, 106.02
1567694833, 7, 37, 42, 24, 0, 1.82%, 0, 0, 11, 101.95
1567694909, 7, 37, 43, 25, 0, 1.82%, 0, 0, 12, 101.48
1567694925, 7, 37, 44, 26, 0, 1.82%, 0, 0, 12, 100.98
1567695276, 7, 38, 44, 25, 0, 1.82%, 0, 0, 12, 104.06
1567695478, 7, 38, 45, 26, 0, 1.82%, 0, 0, 12, 103.33
1567695662, 7, 38, 46, 27, 0, 1.83%, 0, 0, 12, 100.82
1567695753, 7, 38, 47, 28, 0, 1.83%, 0, 0, 12, 102.99
1567695895, 7, 44, 47, 27, 0, 1.83%, 0, 0, 12, 102.23
1567696226, 7, 44, 48, 28, 0, 1.83%, 0, 0, 13, 102.69
1567696429, 7, 44, 49, 29, 0, 1.83%, 0, 0, 13, 99.15
1567696517, 7, 48, 49, 28, 1, 1.83%, 0, 0, 13, 106.93
1567696676, 7, 48, 50, 29, 1, 1.84%, 0, 0, 14, 105.50
1567696752, 7, 48, 51, 30, 1, 1.85%, 0, 0, 14, 104.96
1567696874, 7, 48, 52, 31, 1, 1.85%, 0, 0, 14, 102.40
1567696961, 7, 49, 52, 30, 0, 1.85%, 0, 0, 14, 102.88
1567696991, 7, 49, 53, 31, 0, 1.85%, 0, 0, 15, 104.51
1567697058, 7, 49, 54, 32, 0, 1.86%, 0, 0, 15, 101.51
1567697154, 7, 49, 55, 33, 0, 1.86%, 0, 0, 15, 104.18
1567697354, 7, 49, 56, 34, 0, 1.86%, 0, 0, 15, 105.55
1567697405, 7, 49, 57, 35, 0, 1.86%, 0, 0, 15, 101.50
1567697416, 7, 51, 57, 34, 1, 1.86%, 0, 0, 15, 101.87
1567697868, 7, 53, 57, 33, 1, 1.86%, 0, 0, 15, 105.53
1567698327, 7, 55, 57, 32, 0, 1.86%, 0, 0, 15, 105.30
1567698383, 7, 55, 58, 33, 0, 1.86%, 0, 0, 16, 104.87
1567698668, 8, 0, 58, 32, 0, 1.86%, 0, 0, 16, 106.05
1567698674, 8, 2, 58, 32, 0, 1.86%, 0, 0, 16, 105.50
1567698684, 8, 3, 58, 32, 0, 1.86%, 0, 0, 16, 105.16
1567698694, 8, 6, 58, 32, 0, 1.86%, 0, 0, 16, 104.75
1567698704, 8, 11, 58, 32, 0, 1.86%, 0, 0, 16, 107.22
1567698730, 8, 15, 58, 32, 0, 1.86%, 0, 0, 16, 100.72
1567698776, 8, 17, 58, 32, 0, 1.86%, 0, 0, 16, 100.97
1567699015, 8, 20, 58, 31, 0, 1.86%, 0, 0, 16, 104.20
1567699030, 8, 21, 58, 31, 0, 1.86%, 0, 0, 16, 104.95
1567699076, 8, 25, 58, 31, 0, 1.86%, 0, 0, 16, 101.37
1567699091, 8, 27, 59, 32, 0, 1.86%, 0, 0, 16, 106.66
1567699173, 8, 27, 60, 33, 0, 1.87%, 0, 0, 16, 104.10
1567699387, 8, 34, 60, 32, 0, 1.87%, 0, 0, 16, 104.66
1567699427, 8, 42, 60, 32, 0, 1.87%, 0, 0, 16, 101.22
1567699963, 8, 50, 60, 31, 0, 1.87%, 0, 0, 16, 105.66
1567700788, 8, 51, 60, 30, 0, 1.87%, 0, 0, 16, 104.70
1567700839, 8, 53, 60, 30, 0, 1.87%, 0, 0, 16, 102.21
1567700895, 9, 0, 60, 30, 0, 1.87%, 0, 0, 16, 104.70
1567700900, 9, 11, 60, 30, 0, 1.87%, 0, 0, 16, 105.04
1567700926, 9, 12, 60, 30, 0, 1.87%, 0, 0, 16, 102.94
1567701048, 9, 15, 60, 29, 0, 1.87%, 0, 0, 16, 105.05
1567701094, 9, 20, 60, 29, 0, 1.87%, 0, 0, 16, 103.79
1567701109, 9, 21, 60, 29, 0, 1.87%, 0, 0, 16, 101.69
1567701145, 9, 25, 60, 29, 0, 1.87%, 0, 0, 16, 101.17
1567701160, 9, 26, 60, 29, 0, 1.87%, 0, 0, 16, 102.09
1567701206, 9, 26, 61, 30, 0, 1.87%, 0, 0, 16, 103.56
1567701414, 9, 26, 62, 31, 0, 1.87%, 0, 0, 16, 104.08
1567701466, 9, 34, 62, 30, 0, 1.87%, 0, 0, 16, 104.20
1567701507, 9, 39, 62, 30, 0, 1.87%, 0, 0, 16, 106.31
1567702041, 9, 41, 62, 29, 0, 1.87%, 0, 0, 16, 100.52
1567702611, 9, 45, 62, 28, 0, 1.87%, 0, 0, 16, 104.85
1567702729, 9, 45, 63, 29, 0, 1.87%, 0, 0, 16, 105.63
1567703552, 9, 53, 63, 28, 0, 1.87%, 0, 0, 16, 106.69
1567703609, 9, 54, 63, 28, 0, 1.87%, 0, 0, 16, 102.07
1567704082, 10, 1, 63, 27, 0, 1.87%, 0, 0, 16, 103.83
1567704087, 10, 11, 63, 27, 0, 1.87%, 0, 0, 16, 103.87
1567704112, 10, 13, 63, 27, 0, 1.87%, 0, 0, 16, 99.28
1567704296, 10, 15, 63, 26, 0, 1.87%, 0, 0, 16, 103.88
1567704337, 10, 18, 63, 26, 0, 1.87%, 0, 0, 16, 106.37
1567704627, 10, 19, 63, 25, 0, 1.87%, 0, 0, 16, 100.03
1567704810, 10, 20, 63, 24, 0, 1.87%, 0, 0, 16, 103.55
1567704825, 10, 21, 63, 24, 0, 1.87%, 0, 0, 16, 99.75
1567704866, 10, 25, 63, 24, 0, 1.87%, 0, 0, 16, 102.77
1567704881, 10, 30, 63, 24, 0, 1.87%, 0, 0, 16, 102.26
1567705165, 10, 34, 63, 23, 0, 1.87%, 0, 0, 16, 105.02
1567705211, 10, 36, 63, 23, 0, 1.87%, 0, 0, 16, 102.25
1567705492, 10, 36, 64, 24, 0, 1.88%, 0, 0, 16, 102.95
1567705747, 10, 43, 64, 23, 0, 1.88%, 0, 0, 16, 104.15
1567706287, 10, 46, 64, 22, 0, 1.88%, 0, 0, 16, 103.32
1567706719, 10, 53, 64, 21, 0, 1.88%, 0, 0, 16, 103.88
1567706775, 10, 63, 64, 21, 0, 1.88%, 0, 0, 16, 104.60
1567707316, 11, 11, 64, 20, 0, 1.88%, 0, 0, 16, 106.74
1567707326, 11, 15, 64, 20, 0, 1.88%, 0, 0, 16, 100.27
1567707351, 11, 20, 64, 20, 0, 1.88%, 0, 0, 16, 99.36
1567707356, 11, 21, 64, 20, 0, 1.88%, 0, 0, 16, 100.16
1567707377, 11, 24, 64, 20, 0, 1.88%, 0, 0, 16, 103.87
1567707499, 11, 25, 64, 19, 0, 1.88%, 0, 0, 16, 103.55
1567707504, 11, 34, 64, 19, 0, 1.88%, 0, 0, 16, 103.03
1567707524, 11, 41, 64, 19, 0, 1.88%, 0, 0, 16, 100.39
1567707570, 11, 47, 64, 19, 0, 1.88%, 0, 0, 16, 103.02
1567707810, 11, 53, 64, 18, 0, 1.88%, 0, 0, 16, 102.84
1567707841, 11, 58, 64, 18, 0, 1.88%, 0, 0, 16, 100.42
1567708011, 12, 11, 64, 17, 0, 1.88%, 0, 0, 16, 106.67
1567708021, 12, 15, 64, 17, 0, 1.88%, 0, 0, 16, 106.63
1567708047, 12, 20, 64, 17, 0, 1.88%, 0, 0, 16, 100.80
1567708052, 12, 21, 64, 17, 0, 1.88%, 0, 0, 16, 101.93
1567708072, 12, 22, 64, 17, 0, 1.88%, 0, 0, 16, 100.78
1567708275, 12, 25, 64, 16, 0, 1.88%, 0, 0, 16, 104.54
1567708280, 12, 28, 64, 16, 0, 1.88%, 0, 0, 16, 103.18
1567708403, 12, 31, 64, 15, 0, 1.88%, 0, 0, 16, 104.19
1567708870, 12, 34, 64, 14, 0, 1.88%, 0, 0, 16, 104.09
1567708891, 12, 40, 64, 14, 0, 1.88%, 0, 0, 16, 104.08
1567708998, 12, 40, 65, 15, 0, 1.88%, 0, 0, 16, 98.12
1567709192, 12, 40, 66, 16, 0, 1.88%, 0, 0, 16, 104.31
1567709396, 12, 48, 66, 15, 0, 1.88%, 0, 0, 16, 105.63
1567709442, 12, 49, 66, 15, 0, 1.88%, 0, 0, 16, 103.84
1567709497, 12, 53, 66, 15, 0, 1.88%, 0, 0, 16, 104.48
1567709503, 12, 53, 67, 16, 0, 1.88%, 0, 0, 16, 105.53
1567709538, 12, 57, 67, 16, 0, 1.88%, 0, 0, 16, 102.01
1567709879, 12, 59, 67, 15, 0, 1.88%, 0, 0, 16, 104.24
1567709996, 12, 66, 67, 14, 0, 1.88%, 0, 0, 16, 105.53
1567710037, 12, 66, 68, 15, 0, 1.88%, 0, 0, 17, 104.00
1567710450, 12, 67, 68, 14, 1, 1.88%, 0, 0, 17, 105.90
1567710833, 12, 67, 69, 15, 1, 1.89%, 0, 0, 18, 104.88
1567710904, 12, 68, 69, 14, 0, 1.89%, 0, 0, 18, 102.78
1567711144, 13, 4, 69, 13, 0, 1.89%, 0, 0, 18, 102.52
1567711155, 13, 11, 69, 13, 0, 1.89%, 0, 0, 18, 103.70
1567711170, 13, 15, 69, 13, 0, 1.89%, 0, 0, 18, 103.33
1567711190, 13, 16, 69, 13, 0, 1.89%, 0, 0, 18, 104.89
1567711418, 13, 20, 69, 12, 0, 1.89%, 0, 0, 18, 101.06
1567711429, 13, 21, 69, 12, 0, 1.89%, 0, 0, 18, 101.84
1567711449, 13, 25, 69, 12, 0, 1.89%, 0, 0, 18, 100.36
1567711459, 13, 34, 69, 12, 0, 1.89%, 0, 0, 18, 99.87
1567711480, 13, 47, 69, 12, 0, 1.89%, 0, 0, 18, 101.40
1567711520, 13, 60, 69, 12, 0, 1.89%, 0, 0, 18, 98.55
1567712536, 13, 60, 70, 13, 0, 1.89%, 0, 0, 18, 102.00
1567712988, 13, 65, 70, 12, 0, 1.89%, 0, 0, 18, 104.63
1567713222, 13, 67, 70, 11, 0, 1.89%, 0, 0, 18, 101.80
1567713339, 14, 0, 70, 11, 0, 1.89%, 0, 0, 18, 102.29
1567713344, 14, 1, 70, 11, 0, 1.89%, 0, 0, 18, 101.70
1567713349, 14, 2, 70, 11, 0, 1.89%, 0, 0, 18, 101.54
1567713359, 14, 11, 70, 11, 0, 1.89%, 0, 0, 18, 103.67
1567713374, 14, 14, 70, 11, 0, 1.89%, 0, 0, 18, 103.45
1567713553, 14, 15, 70, 10, 0, 1.89%, 0, 0, 18, 104.03
1567713578, 14, 20, 70, 10, 0, 1.89%, 0, 0, 18, 103.96
1567713583, 14, 21, 70, 10, 0, 1.89%, 0, 0, 18, 103.28
1567713604, 14, 25, 70, 10, 0, 1.89%, 0, 0, 18, 102.63
1567713614, 14, 28, 70, 10, 0, 1.89%, 0, 0, 18, 103.72
1567713629, 14, 32, 70, 10, 0, 1.89%, 0, 0, 18, 100.07
1567714109, 14, 34, 70, 9, 0, 1.89%, 0, 0, 18, 100.10
1567714134, 14, 35, 70, 9, 0, 1.89%, 0, 0, 18, 98.13
1567714170, 14, 35, 71, 10, 0, 1.89%, 0, 0, 18, 100.41
1567714175, 14, 44, 71, 10, 0, 1.89%, 0, 0, 18, 100.62
1567714221, 14, 54, 71, 10, 0, 1.89%, 0, 0, 18, 105.25
1567714277, 14, 67, 71, 10, 0, 1.89%, 0, 0, 18, 100.96
1567714390, 15, 1, 71, 10, 0, 1.89%, 0, 0, 18, 104.77
1567714400, 15, 11, 71, 10, 0, 1.89%, 0, 0, 18, 100.33
1567714411, 15, 15, 71, 10, 0, 1.89%, 0, 0, 18, 102.91
1567714431, 15, 20, 71, 10, 0, 1.89%, 0, 0, 18, 100.23
1567714441, 15, 21, 71, 10, 0, 1.89%, 0, 0, 18, 101.49
1567714462, 15, 25, 71, 10, 0, 1.89%, 0, 0, 18, 100.46
1567714472, 15, 27, 71, 10, 0, 1.89%, 0, 0, 18, 104.35
1567714513, 15, 31, 71, 10, 0, 1.89%, 0, 0, 18, 97.06
1567714554, 15, 33, 71, 10, 0, 1.89%, 0, 0, 18, 97.56
1567714878, 15, 34, 71, 9, 0, 1.89%, 0, 0, 18, 104.42
1567714899, 15, 35, 71, 9, 0, 1.89%, 0, 0, 18, 97.60
1567714940, 15, 61, 71, 9, 0, 1.89%, 0, 0, 18, 104.49
1567715134, 15, 67, 71, 8, 0, 1.89%, 0, 0, 18, 101.92
1567715165, 15, 69, 71, 8, 0, 1.89%, 0, 0, 18, 103.93
1567716628, 15, 70, 71, 7, 0, 1.89%, 0, 0, 18, 104.58
1567716750, 16, 7, 71, 6, 0, 1.89%, 0, 0, 18, 101.47
1567716760, 16, 11, 71, 6, 0, 1.89%, 0, 0, 18, 102.23
1567716776, 16, 15, 71, 6, 0, 1.89%, 0, 0, 18, 102.50
1567716796, 16, 17, 71, 6, 0, 1.89%, 0, 0, 18, 99.80
1567716837, 16, 20, 71, 6, 0, 1.89%, 0, 0, 18, 100.25
1567716847, 16, 21, 71, 6, 0, 1.89%, 0, 0, 18, 101.49
1567716867, 16, 25, 71, 6, 0, 1.89%, 0, 0, 18, 101.72
1567716872, 16, 34, 71, 6, 0, 1.89%, 0, 0, 18, 101.24
1567716893, 16, 67, 71, 6, 0, 1.89%, 0, 0, 18, 100.99
1567716924, 17, 11, 71, 6, 0, 1.89%, 0, 0, 18, 104.16
1567716934, 17, 14, 71, 6, 0, 1.89%, 0, 0, 18, 103.59
1567716979, 17, 15, 71, 6, 0, 1.89%, 0, 0, 18, 101.54
1567717000, 17, 20, 71, 6, 0, 1.89%, 0, 0, 18, 99.47
1567717005, 17, 21, 71, 6, 0, 1.89%, 0, 0, 18, 100.86
1567717025, 17, 25, 71, 6, 0, 1.89%, 0, 0, 18, 103.48
1567717036, 17, 34, 71, 6, 0, 1.89%, 0, 0, 18, 104.14
1567717056, 17, 35, 71, 6, 0, 1.89%, 0, 0, 18, 103.79
1567717092, 17, 60, 71, 6, 0, 1.89%, 0, 0, 18, 104.16
1567717178, 17, 64, 71, 6, 0, 1.89%, 0, 0, 18, 103.04
