# unix_time, cycles_done, cur_path, paths_total, pending_total, pending_favs, map_size, unique_crashes, unique_hangs, max_depth, execs_per_sec
1569075551, 0, 0, 4, 4, 2, 0.37%, 0, 0, 1, 200.84
1569075556, 0, 1, 10, 10, 2, 0.39%, 0, 0, 2, 212.66
1569075561, 0, 1, 14, 14, 2, 0.40%, 0, 0, 2, 214.33
1569075566, 0, 1, 15, 15, 2, 0.40%, 0, 0, 2, 214.97
1569075571, 0, 1, 16, 16, 2, 0.41%, 0, 0, 2, 216.04
1569075581, 0, 1, 17, 17, 2, 0.41%, 0, 0, 2, 214.52
1569075592, 0, 1, 20, 20, 2, 0.42%, 0, 0, 2, 212.07
1569075602, 0, 1, 21, 21, 2, 0.42%, 0, 0, 2, 215.02
1569075607, 0, 1, 22, 22, 2, 0.42%, 0, 0, 2, 205.00
1569075612, 0, 1, 24, 24, 2, 0.43%, 0, 0, 2, 203.39
1569075617, 0, 1, 25, 25, 2, 0.43%, 0, 0, 2, 205.25
1569075627, 0, 1, 26, 26, 2, 0.44%, 0, 0, 2, 204.95
1569075632, 0, 1, 28, 28, 2, 0.44%, 0, 0, 2, 207.99
1569075638, 0, 1, 30, 30, 2, 0.45%, 0, 0, 2, 209.61
1569075643, 0, 1, 32, 32, 2, 0.45%, 0, 0, 2, 210.63
1569075653, 0, 1, 33, 33, 2, 0.46%, 0, 0, 2, 219.03
1569075689, 0, 1, 35, 35, 2, 0.46%, 0, 0, 2, 212.82
1569075699, 0, 1, 36, 36, 2, 0.47%, 0, 0, 2, 218.11
1569075709, 0, 1, 37, 37, 2, 0.47%, 0, 0, 2, 219.07
1569075720, 0, 15, 37, 36, 5, 0.47%, 0, 0, 2, 209.07
1569075725, 0, 18, 37, 35, 4, 0.47%, 0, 0, 2, 216.80
1569075730, 0, 26, 37, 34, 3, 0.47%, 0, 0, 2, 213.58
1569075740, 0, 26, 38, 35, 3, 0.47%, 0, 0, 3, 209.08
1569075745, 0, 30, 38, 34, 2, 0.47%, 0, 0, 3, 208.10
1569075750, 0, 36, 38, 33, 1, 0.47%, 0, 0, 3, 208.02
1569075755, 0, 36, 39, 34, 1, 0.47%, 0, 0, 3, 208.92
1569075760, 1, 3, 39, 33, 0, 0.47%, 0, 0, 3, 208.81
1569075770, 1, 11, 39, 32, 0, 0.47%, 0, 0, 3, 209.59
1569075775, 1, 11, 40, 33, 0, 0.48%, 0, 0, 3, 208.40
1569075785, 1, 17, 40, 32, 0, 0.48%, 0, 0, 3, 206.74
1569075791, 1, 17, 41, 33, 0, 0.48%, 0, 0, 3, 200.43
1569075806, 1, 22, 41, 32, 0, 0.48%, 0, 0, 3, 161.81
1569075811, 1, 22, 42, 33, 0, 0.48%, 0, 0, 3, 160.82
1569075822, 1, 22, 43, 34, 0, 0.48%, 0, 0, 3, 159.40
1569075832, 1, 25, 43, 33, 0, 0.48%, 0, 0, 3, 159.44
1569075842, 1, 25, 44, 34, 0, 0.49%, 0, 0, 3, 148.87
1569075847, 1, 26, 44, 33, 0, 0.49%, 0, 0, 3, 152.33
1569075852, 1, 29, 44, 33, 0, 0.49%, 0, 0, 3, 150.59
1569075862, 1, 29, 45, 34, 0, 0.49%, 0, 0, 3, 150.61
1569075873, 1, 44, 46, 34, 1, 0.49%, 0, 0, 4, 158.23
1569075893, 2, 2, 46, 33, 0, 0.49%, 0, 0, 4, 159.70
1569075903, 2, 2, 47, 34, 0, 0.49%, 0, 0, 4, 153.39
1569075914, 2, 4, 47, 33, 0, 0.49%, 0, 0, 4, 151.82
1569075929, 2, 5, 47, 32, 0, 0.49%, 0, 0, 4, 161.17
1569075939, 2, 7, 47, 31, 0, 0.49%, 0, 0, 4, 161.49
1569075955, 2, 10, 47, 30, 0, 0.49%, 0, 0, 4, 157.40
1569075960, 2, 10, 48, 31, 0, 0.50%, 0, 0, 4, 156.16
1569075970, 2, 13, 48, 30, 0, 0.50%, 0, 0, 4, 155.62
1569075980, 2, 15, 48, 29, 0, 0.50%, 0, 0, 4, 157.73
1569075985, 2, 27, 48, 29, 0, 0.50%, 0, 0, 4, 158.37
1569075995, 2, 27, 49, 30, 0, 0.50%, 0, 0, 4, 159.18
1569076006, 2, 32, 49, 29, 0, 0.50%, 0, 0, 4, 159.54
1569076011, 2, 32, 50, 30, 0, 0.50%, 0, 0, 4, 157.79
1569076021, 2, 44, 50, 29, 0, 0.50%, 0, 0, 4, 158.44
1569076026, 3, 14, 50, 29, 0, 0.50%, 0, 0, 4, 157.14
1569076042, 3, 18, 50, 28, 0, 0.50%, 0, 0, 4, 127.62
1569076047, 3, 20, 50, 28, 0, 0.50%, 0, 0, 4, 123.71
1569076062, 3, 26, 50, 27, 0, 0.50%, 0, 0, 4, 159.39
1569076067, 3, 35, 50, 27, 0, 0.50%, 0, 0, 4, 161.67
1569076078, 3, 36, 50, 26, 0, 0.50%, 0, 0, 4, 158.58
1569076083, 3, 39, 50, 26, 0, 0.50%, 0, 0, 4, 158.00
1569076108, 3, 40, 50, 25, 0, 0.50%, 0, 0, 4, 161.28
1569076139, 3, 48, 50, 24, 0, 0.50%, 0, 0, 4, 157.86
1569076164, 4, 0, 50, 23, 0, 0.50%, 0, 0, 4, 158.59
1569076179, 4, 0, 51, 24, 0, 0.51%, 0, 0, 4, 161.57
1569076184, 4, 50, 51, 23, 1, 0.51%, 0, 0, 4, 161.17
1569076220, 4, 50, 52, 24, 1, 0.51%, 0, 0, 4, 157.02
1569076230, 5, 1, 52, 23, 0, 0.51%, 0, 0, 4, 158.09
1569076235, 5, 6, 52, 23, 0, 0.51%, 0, 0, 4, 158.41
1569076251, 5, 15, 52, 22, 0, 0.51%, 0, 0, 4, 158.88
1569076256, 5, 18, 52, 22, 0, 0.51%, 0, 0, 4, 158.82
1569076261, 5, 20, 52, 22, 0, 0.51%, 0, 0, 4, 157.74
1569076266, 5, 30, 52, 22, 0, 0.51%, 0, 0, 4, 156.83
1569076271, 5, 44, 52, 22, 0, 0.51%, 0, 0, 4, 156.35
1569076276, 5, 50, 52, 22, 0, 0.51%, 0, 0, 4, 156.73
1569076282, 6, 12, 53, 23, 0, 0.51%, 0, 0, 4, 158.05
1569076307, 6, 18, 53, 22, 0, 0.51%, 0, 0, 4, 161.34
1569076312, 6, 26, 53, 22, 0, 0.51%, 0, 0, 4, 159.21
1569076317, 6, 28, 53, 22, 0, 0.51%, 0, 0, 4, 156.94
1569076323, 6, 30, 53, 21, 0, 0.51%, 0, 0, 4, 156.01
1569076328, 6, 42, 53, 21, 0, 0.51%, 0, 0, 4, 158.26
1569076353, 6, 42, 54, 22, 0, 0.52%, 0, 0, 4, 162.63
1569076374, 6, 44, 54, 21, 0, 0.52%, 0, 0, 4, 163.97
1569076379, 6, 50, 54, 21, 0, 0.52%, 0, 0, 4, 162.46
1569076384, 7, 1, 54, 21, 0, 0.52%, 0, 0, 4, 162.02
1569076389, 7, 18, 54, 21, 0, 0.52%, 0, 0, 4, 162.38
1569076394, 7, 26, 54, 21, 0, 0.52%, 0, 0, 4, 162.11
1569076399, 7, 30, 54, 21, 0, 0.52%, 0, 0, 4, 160.17
1569076404, 7, 34, 54, 21, 0, 0.52%, 0, 0, 4, 159.31
1569076420, 7, 37, 54, 20, 0, 0.52%, 0, 0, 4, 159.26
1569076430, 7, 38, 54, 19, 0, 0.52%, 0, 0, 4, 159.34
1569076435, 7, 41, 55, 19, 0, 0.52%, 0, 0, 4, 158.96
1569076456, 7, 41, 56, 20, 0, 0.52%, 0, 0, 4, 157.06
1569076481, 7, 43, 56, 19, 0, 0.52%, 0, 0, 4, 159.47
1569076486, 7, 43, 57, 20, 0, 0.53%, 0, 0, 4, 159.54
1569076517, 7, 50, 57, 19, 0, 0.53%, 0, 0, 4, 158.91
1569076522, 7, 52, 57, 19, 0, 0.53%, 0, 0, 4, 159.92
1569076563, 7, 52, 58, 20, 0, 0.53%, 0, 0, 4, 159.45
1569076568, 7, 52, 59, 21, 0, 0.53%, 0, 0, 4, 156.54
1569076655, 7, 55, 59, 20, 0, 0.53%, 0, 0, 4, 160.70
1569076676, 7, 55, 60, 21, 0, 0.53%, 0, 0, 5, 157.11
1569076772, 7, 55, 61, 22, 0, 0.53%, 0, 0, 5, 156.45
1569076793, 7, 56, 61, 21, 0, 0.53%, 0, 0, 5, 155.50
1569076884, 7, 57, 61, 20, 0, 0.53%, 0, 0, 5, 161.35
1569076900, 7, 57, 62, 21, 0, 0.54%, 0, 0, 5, 158.25
1569077059, 7, 59, 62, 20, 0, 0.54%, 0, 0, 5, 158.03
1569077157, 7, 59, 63, 21, 0, 0.54%, 0, 0, 6, 159.40
1569077269, 7, 59, 64, 22, 0, 0.55%, 0, 0, 6, 161.34
1569077310, 7, 59, 65, 23, 0, 0.55%, 0, 0, 6, 154.26
1569077418, 7, 60, 65, 22, 0, 0.55%, 0, 0, 6, 156.13
1569077499, 7, 61, 65, 21, 0, 0.55%, 0, 0, 6, 160.47
1569077621, 7, 61, 66, 22, 0, 0.55%, 0, 0, 6, 154.51
1569077733, 8, 1, 66, 21, 0, 0.55%, 0, 0, 6, 155.59
1569077738, 8, 8, 66, 21, 0, 0.55%, 0, 0, 6, 156.10
1569077753, 8, 16, 66, 20, 0, 0.55%, 0, 0, 6, 154.26
1569077768, 8, 18, 66, 19, 0, 0.55%, 0, 0, 6, 157.48
1569077773, 8, 23, 66, 19, 0, 0.55%, 0, 0, 6, 159.79
1569077789, 8, 24, 66, 18, 0, 0.55%, 0, 0, 6, 156.89
1569077799, 8, 24, 67, 19, 0, 0.55%, 0, 0, 6, 155.14
1569077804, 8, 41, 68, 19, 1, 0.55%, 0, 0, 6, 160.39
1569077809, 8, 67, 68, 19, 1, 0.55%, 0, 0, 6, 161.21
1569077850, 9, 15, 69, 19, 0, 0.56%, 0, 0, 6, 160.43
1569077855, 9, 18, 69, 19, 0, 0.56%, 0, 0, 6, 160.33
1569077860, 9, 24, 69, 19, 0, 0.56%, 0, 0, 6, 161.32
1569077865, 9, 30, 70, 20, 0, 0.56%, 0, 0, 6, 160.42
1569077870, 9, 31, 70, 20, 0, 0.56%, 0, 0, 6, 161.37
1569077880, 9, 36, 70, 19, 0, 0.56%, 0, 0, 6, 161.97
1569077886, 9, 44, 70, 19, 0, 0.56%, 0, 0, 6, 161.23
1569077891, 9, 47, 70, 19, 0, 0.56%, 0, 0, 6, 160.06
1569077906, 9, 49, 71, 19, 0, 0.56%, 0, 0, 6, 158.24
1569077931, 9, 50, 71, 18, 0, 0.56%, 0, 0, 6, 160.05
1569077937, 9, 53, 71, 18, 0, 0.56%, 0, 0, 6, 160.04
1569078218, 9, 53, 72, 19, 0, 0.56%, 0, 0, 6, 156.87
1569078264, 9, 53, 73, 20, 0, 0.57%, 0, 0, 6, 158.49
1569078346, 9, 53, 74, 21, 0, 0.57%, 0, 0, 6, 162.78
1569078448, 9, 53, 75, 22, 0, 0.57%, 0, 0, 6, 162.07
1569078600, 9, 53, 76, 23, 0, 0.57%, 0, 0, 6, 156.38
1569078893, 9, 53, 77, 24, 0, 0.58%, 0, 0, 6, 160.28
1569078970, 9, 53, 78, 25, 0, 0.58%, 0, 0, 6, 161.39
1569079326, 9, 53, 79, 26, 0, 0.58%, 0, 0, 6, 154.78
1569079342, 9, 53, 80, 27, 0, 0.58%, 0, 0, 6, 156.83
1569079347, 9, 53, 81, 28, 0, 0.59%, 0, 0, 6, 159.05
1569079891, 9, 53, 82, 29, 0, 0.59%, 0, 0, 6, 160.18
1569080628, 9, 54, 82, 28, 0, 0.59%, 0, 0, 6, 161.81
1569080720, 9, 62, 82, 27, 0, 0.59%, 0, 0, 6, 156.35
1569081015, 9, 62, 83, 28, 0, 0.59%, 0, 0, 7, 149.98
1569081122, 9, 64, 83, 27, 0, 0.59%, 0, 0, 7, 158.37
1569081526, 9, 65, 83, 26, 0, 0.59%, 0, 0, 7, 157.46
1569081589, 9, 65, 84, 27, 0, 0.59%, 0, 0, 7, 160.15
1569081716, 9, 66, 84, 26, 0, 0.59%, 0, 0, 7, 160.35
1569081768, 9, 67, 84, 25, 0, 0.59%, 0, 0, 7, 161.32
1569081783, 9, 67, 85, 26, 0, 0.60%, 0, 0, 7, 160.26
1569081789, 9, 83, 85, 26, 0, 0.60%, 0, 0, 7, 160.83
1569081814, 9, 83, 86, 27, 0, 0.60%, 0, 0, 8, 159.92
1569081820, 9, 83, 87, 28, 0, 0.60%, 0, 0, 8, 158.88
1569082236, 9, 83, 88, 29, 0, 0.60%, 0, 0, 8, 158.48
1569082343, 9, 83, 89, 30, 0, 0.61%, 0, 0, 8, 160.10
1569082639, 9, 83, 90, 31, 0, 0.61%, 0, 0, 8, 162.63
1569082909, 9, 83, 91, 32, 0, 0.61%, 0, 0, 8, 160.74
1569082971, 9, 83, 92, 33, 0, 0.61%, 0, 0, 8, 159.12
1569083426, 9, 83, 93, 34, 0, 0.61%, 0, 0, 8, 160.33
1569083472, 9, 83, 94, 35, 0, 0.62%, 0, 0, 8, 156.23
1569083634, 9, 87, 94, 34, 0, 0.62%, 0, 0, 8, 156.16
1569083645, 9, 87, 95, 35, 0, 0.62%, 0, 0, 9, 157.61
1569083681, 9, 87, 96, 36, 0, 0.62%, 0, 0, 9, 158.41
1569083993, 9, 87, 97, 37, 0, 0.62%, 0, 0, 9, 161.39
1569084893, 9, 87, 98, 38, 0, 0.62%, 0, 0, 9, 158.84
1569085041, 9, 87, 99, 39, 0, 0.63%, 0, 0, 9, 160.18
1569085180, 9, 87, 100, 40, 0, 0.63%, 0, 0, 9, 163.40
1569085369, 9, 87, 101, 41, 0, 0.63%, 0, 0, 9, 161.67
1569085512, 9, 92, 101, 40, 0, 0.63%, 0, 0, 9, 163.85
1569085686, 9, 92, 102, 41, 0, 0.63%, 0, 0, 9, 161.20
1569086009, 9, 92, 103, 42, 0, 0.64%, 0, 0, 9, 160.11
1569086039, 9, 92, 104, 43, 0, 0.64%, 0, 0, 9, 162.41
1569087358, 9, 92, 105, 44, 0, 0.64%, 0, 0, 9, 156.72
1569087470, 9, 95, 105, 43, 0, 0.64%, 0, 0, 9, 160.50
1569088215, 9, 95, 106, 44, 0, 0.65%, 0, 0, 10, 160.13
1569088624, 9, 95, 107, 45, 0, 0.65%, 0, 0, 10, 162.41
1569089351, 9, 102, 107, 44, 0, 0.65%, 0, 0, 10, 152.81
1569089387, 9, 102, 108, 45, 0, 0.65%, 0, 0, 10, 159.32
1569090227, 9, 102, 109, 46, 0, 0.65%, 0, 0, 10, 161.75
1569090726, 9, 102, 110, 47, 0, 0.66%, 0, 0, 10, 161.42
1569091237, 9, 103, 110, 46, 0, 0.66%, 0, 0, 10, 159.86
1569091309, 9, 103, 111, 47, 0, 0.66%, 0, 0, 10, 160.37
1569092607, 9, 103, 112, 48, 0, 0.66%, 0, 0, 10, 156.47
