# unix_time, cycles_done, cur_path, paths_total, pending_total, pending_favs, map_size, unique_crashes, unique_hangs, max_depth, execs_per_sec
1571193640, 0, 0, 4, 4, 1, 0.39%, 0, 0, 1, 48.16
1571193645, 0, 0, 13, 13, 1, 0.54%, 0, 0, 2, 56.59
1571193651, 0, 0, 17, 17, 1, 0.57%, 0, 0, 2, 64.86
1571193656, 0, 0, 18, 18, 1, 0.57%, 0, 0, 2, 56.37
1571193661, 0, 0, 20, 20, 1, 0.58%, 0, 0, 2, 64.08
1571193666, 0, 0, 24, 24, 1, 0.60%, 0, 0, 2, 68.34
1571193671, 0, 0, 27, 27, 1, 0.62%, 0, 0, 2, 76.66
1571193682, 0, 0, 30, 30, 1, 0.62%, 0, 0, 2, 81.04
1571193687, 0, 0, 32, 32, 1, 0.63%, 0, 0, 2, 84.95
1571193697, 0, 0, 33, 33, 1, 0.63%, 0, 0, 2, 84.89
1571193707, 0, 0, 35, 35, 1, 0.64%, 0, 0, 2, 84.66
1571193712, 0, 0, 36, 36, 1, 0.65%, 0, 0, 2, 85.34
1571193718, 0, 0, 37, 37, 1, 0.65%, 0, 0, 2, 85.12
1571193733, 0, 0, 41, 41, 1, 0.66%, 0, 0, 2, 79.87
1571193738, 0, 0, 42, 42, 1, 0.67%, 0, 0, 2, 85.46
1571193743, 0, 0, 44, 44, 1, 0.67%, 0, 0, 2, 81.34
1571193754, 0, 6, 45, 44, 13, 0.67%, 0, 0, 3, 87.70
1571193769, 0, 9, 45, 43, 13, 0.67%, 0, 0, 3, 67.62
1571193779, 0, 9, 46, 44, 13, 0.68%, 0, 0, 3, 49.95
1571193790, 0, 12, 46, 43, 13, 0.68%, 0, 0, 3, 83.28
1571193795, 0, 12, 47, 44, 13, 0.68%, 0, 0, 3, 89.36
1571193800, 0, 12, 48, 45, 13, 0.68%, 0, 0, 3, 90.87
1571193805, 0, 18, 48, 44, 13, 0.68%, 0, 0, 3, 72.79
1571193810, 0, 18, 49, 45, 13, 0.68%, 0, 0, 3, 75.11
1571193820, 0, 21, 49, 44, 12, 0.68%, 0, 0, 3, 65.41
1571193826, 0, 21, 50, 45, 12, 0.69%, 0, 0, 3, 55.34
1571193841, 0, 21, 52, 47, 12, 0.69%, 0, 0, 3, 70.84
1571193846, 0, 21, 53, 48, 12, 0.70%, 0, 0, 3, 85.44
1571193857, 0, 22, 53, 47, 11, 0.70%, 0, 0, 3, 78.01
1571193862, 0, 24, 53, 46, 10, 0.70%, 0, 0, 3, 89.83
1571193867, 0, 25, 54, 46, 9, 0.70%, 0, 0, 3, 82.62
1571193872, 0, 26, 55, 46, 8, 0.70%, 0, 0, 3, 91.81
1571193877, 0, 26, 57, 48, 8, 0.71%, 0, 0, 3, 91.73
1571193887, 0, 26, 58, 49, 8, 0.71%, 0, 0, 3, 95.00
1571193892, 0, 26, 59, 50, 8, 0.72%, 0, 0, 3, 97.90
1571193898, 0, 26, 60, 51, 8, 0.72%, 0, 0, 3, 92.35
1571193908, 0, 28, 61, 51, 9, 0.72%, 0, 0, 3, 87.12
1571193918, 0, 28, 63, 53, 9, 0.72%, 0, 0, 3, 103.72
1571193923, 0, 28, 64, 54, 9, 0.72%, 0, 0, 3, 88.94
1571193928, 0, 28, 66, 56, 9, 0.73%, 0, 0, 3, 91.59
1571193934, 0, 28, 68, 58, 9, 0.73%, 0, 0, 3, 92.09
1571193944, 0, 28, 69, 59, 9, 0.74%, 0, 0, 3, 89.79
1571193949, 0, 28, 70, 60, 9, 0.74%, 0, 0, 3, 91.88
1571193964, 0, 28, 71, 61, 9, 0.74%, 0, 0, 3, 90.76
1571193975, 0, 28, 72, 62, 9, 0.75%, 0, 0, 3, 90.61
1571193980, 0, 28, 73, 63, 9, 0.75%, 0, 0, 3, 84.09
1571193985, 0, 28, 74, 64, 9, 0.75%, 0, 0, 3, 91.42
1571194000, 0, 35, 74, 63, 11, 0.75%, 0, 0, 3, 89.46
1571194011, 0, 35, 75, 64, 11, 0.76%, 0, 0, 3, 89.53
1571194016, 0, 35, 76, 65, 11, 0.76%, 0, 0, 3, 96.61
1571194021, 0, 35, 77, 66, 11, 0.76%, 0, 0, 3, 97.74
1571194026, 0, 35, 79, 68, 11, 0.77%, 0, 0, 3, 97.28
1571194031, 0, 35, 80, 69, 11, 0.77%, 0, 0, 3, 97.13
1571194036, 0, 35, 82, 71, 11, 0.78%, 0, 0, 3, 97.59
1571194062, 0, 35, 83, 72, 11, 0.78%, 0, 0, 3, 96.92
1571194067, 0, 35, 84, 73, 11, 0.79%, 0, 0, 3, 95.70
1571194077, 0, 44, 84, 71, 10, 0.79%, 0, 0, 3, 92.93
1571194093, 0, 45, 84, 70, 9, 0.79%, 0, 0, 3, 68.30
1571194103, 0, 45, 85, 71, 9, 0.79%, 0, 0, 4, 49.18
1571194113, 0, 46, 85, 70, 8, 0.79%, 0, 0, 4, 75.28
1571194119, 0, 46, 87, 72, 8, 0.79%, 0, 0, 4, 79.69
1571194124, 0, 46, 88, 73, 8, 0.80%, 0, 0, 4, 87.76
1571194129, 0, 48, 88, 72, 8, 0.80%, 0, 0, 4, 75.15
1571194134, 0, 48, 90, 74, 8, 0.80%, 0, 0, 4, 79.17
1571194144, 0, 48, 92, 76, 8, 0.81%, 0, 0, 4, 85.26
1571194150, 0, 48, 93, 77, 8, 0.81%, 0, 0, 4, 82.30
1571194155, 0, 48, 94, 78, 8, 0.81%, 0, 0, 4, 85.94
1571194160, 0, 48, 95, 79, 8, 0.82%, 0, 0, 4, 87.50
1571194175, 0, 48, 96, 80, 8, 0.82%, 0, 0, 4, 88.66
1571194191, 0, 48, 97, 81, 8, 0.82%, 0, 0, 4, 88.51
1571194196, 0, 48, 99, 83, 8, 0.83%, 0, 0, 4, 84.03
1571194201, 0, 48, 100, 84, 8, 0.83%, 0, 0, 4, 87.46
1571194222, 0, 58, 102, 85, 10, 0.83%, 0, 0, 4, 86.77
1571194227, 0, 58, 103, 86, 10, 0.84%, 0, 0, 4, 92.94
1571194263, 0, 59, 103, 85, 9, 0.84%, 0, 0, 4, 97.13
1571194273, 0, 59, 104, 86, 9, 0.84%, 0, 0, 4, 111.15
1571194278, 0, 59, 105, 87, 9, 0.85%, 0, 0, 4, 117.21
1571194283, 0, 59, 106, 88, 9, 0.85%, 0, 0, 4, 104.87
1571194293, 0, 60, 106, 87, 9, 0.85%, 0, 0, 4, 62.08
1571194324, 0, 67, 106, 86, 9, 0.85%, 0, 0, 4, 77.61
1571194334, 0, 67, 108, 88, 9, 0.85%, 0, 0, 4, 109.56
1571194339, 0, 67, 109, 89, 9, 0.86%, 0, 0, 4, 105.39
1571194344, 0, 68, 109, 88, 8, 0.86%, 0, 0, 4, 99.94
1571194349, 0, 68, 111, 90, 8, 0.87%, 0, 0, 4, 93.86
1571194360, 0, 68, 113, 92, 8, 0.87%, 0, 0, 4, 82.25
1571194375, 0, 74, 114, 92, 9, 0.87%, 0, 0, 4, 92.83
1571194380, 0, 74, 116, 94, 9, 0.88%, 0, 0, 4, 93.47
1571194385, 0, 74, 118, 96, 9, 0.88%, 0, 0, 4, 94.19
1571194390, 0, 74, 119, 97, 9, 0.89%, 0, 0, 4, 91.86
1571194406, 0, 74, 120, 98, 9, 0.89%, 0, 0, 4, 95.17
1571194411, 0, 74, 122, 100, 9, 0.89%, 0, 0, 4, 95.76
1571194421, 0, 74, 123, 101, 9, 0.90%, 0, 0, 4, 95.11
1571194431, 0, 74, 124, 102, 9, 0.90%, 0, 0, 4, 95.38
1571194436, 0, 74, 125, 103, 9, 0.90%, 0, 0, 4, 94.80
1571194457, 0, 86, 126, 103, 8, 0.90%, 0, 0, 5, 66.91
1571194472, 0, 86, 128, 105, 8, 0.91%, 0, 0, 5, 58.51
1571194477, 0, 87, 128, 104, 7, 0.91%, 0, 0, 5, 74.12
1571194498, 0, 90, 128, 103, 6, 0.91%, 0, 0, 5, 91.77
1571194503, 0, 94, 128, 102, 5, 0.91%, 0, 0, 5, 94.55
1571194508, 0, 94, 129, 103, 5, 0.91%, 0, 0, 5, 95.32
1571194513, 0, 101, 129, 102, 4, 0.91%, 0, 0, 5, 79.99
1571194519, 0, 101, 130, 103, 4, 0.92%, 0, 0, 5, 84.75
1571194524, 0, 104, 130, 102, 3, 0.92%, 0, 0, 5, 94.51
1571194539, 0, 104, 131, 103, 3, 0.92%, 0, 0, 5, 115.47
1571194544, 0, 104, 132, 104, 3, 0.92%, 0, 0, 5, 112.41
1571194554, 0, 104, 133, 105, 3, 0.92%, 0, 0, 5, 97.13
1571194560, 0, 110, 134, 105, 2, 0.92%, 0, 0, 5, 99.92
1571194565, 0, 110, 135, 106, 2, 0.92%, 0, 0, 5, 93.25
1571194575, 0, 110, 137, 108, 2, 0.93%, 0, 0, 5, 108.48
1571194580, 0, 110, 138, 109, 2, 0.93%, 0, 0, 5, 103.94
1571194590, 0, 111, 138, 108, 4, 0.93%, 0, 0, 5, 91.37
1571194596, 0, 111, 140, 110, 4, 0.94%, 0, 0, 5, 99.35
1571194627, 0, 133, 140, 109, 4, 0.94%, 0, 0, 5, 98.71
1571194632, 0, 133, 141, 110, 4, 0.94%, 0, 0, 6, 102.49
1571194642, 0, 133, 142, 111, 4, 0.94%, 0, 0, 6, 106.65
1571194647, 0, 133, 143, 112, 4, 0.94%, 0, 0, 6, 105.52
1571194657, 0, 133, 144, 113, 4, 0.94%, 0, 0, 6, 90.61
1571194662, 0, 133, 146, 115, 4, 0.95%, 0, 0, 6, 86.28
1571194668, 0, 133, 147, 116, 4, 0.95%, 0, 0, 6, 89.04
1571194724, 0, 133, 148, 117, 4, 0.95%, 0, 0, 6, 87.53
1571194734, 0, 135, 149, 117, 5, 0.95%, 0, 0, 6, 95.56
1571194760, 0, 135, 150, 118, 5, 0.95%, 0, 0, 6, 98.72
1571194765, 0, 139, 150, 117, 4, 0.95%, 0, 0, 6, 94.68
1571194776, 0, 139, 151, 118, 4, 0.96%, 0, 0, 6, 105.76
1571194791, 0, 139, 152, 119, 4, 0.96%, 0, 0, 6, 102.09
1571194801, 0, 143, 153, 119, 3, 0.96%, 0, 0, 7, 74.99
1571194812, 0, 143, 154, 120, 3, 0.96%, 0, 0, 7, 82.37
1571194822, 0, 147, 154, 119, 3, 0.96%, 0, 0, 7, 94.19
1571194827, 0, 152, 154, 118, 2, 0.96%, 0, 0, 7, 82.56
1571194832, 0, 152, 155, 119, 2, 0.96%, 0, 0, 8, 76.33
1571194848, 1, 14, 155, 118, 1, 0.96%, 0, 0, 8, 93.73
1571194863, 1, 80, 155, 117, 1, 0.96%, 0, 0, 8, 95.82
1571194873, 1, 80, 156, 118, 1, 0.96%, 0, 0, 8, 94.98
1571194884, 1, 80, 157, 119, 1, 0.97%, 0, 0, 8, 96.96
1571194894, 1, 80, 158, 120, 1, 0.97%, 0, 0, 8, 97.86
1571194925, 1, 80, 159, 121, 1, 0.97%, 0, 0, 8, 96.37
1571194935, 1, 81, 159, 120, 0, 0.97%, 0, 0, 8, 92.45
1571194960, 1, 81, 160, 121, 0, 0.98%, 0, 0, 8, 95.44
1571194981, 1, 81, 161, 122, 0, 0.98%, 0, 0, 8, 93.46
1571195007, 1, 81, 162, 123, 0, 0.98%, 0, 0, 8, 96.15
1571195012, 1, 90, 162, 122, 0, 0.98%, 0, 0, 8, 89.84
1571195017, 1, 93, 162, 122, 0, 0.98%, 0, 0, 8, 95.18
1571195037, 1, 96, 162, 121, 0, 0.98%, 0, 0, 8, 95.34
1571195042, 1, 100, 162, 120, 0, 0.98%, 0, 0, 8, 95.67
1571195053, 1, 100, 163, 121, 0, 0.98%, 0, 0, 8, 96.23
1571195063, 1, 103, 164, 121, 0, 0.98%, 0, 0, 8, 97.03
1571195084, 1, 103, 165, 122, 0, 0.99%, 0, 0, 8, 103.53
1571195099, 1, 106, 165, 121, 0, 0.99%, 0, 0, 8, 90.56
1571195125, 1, 112, 166, 121, 0, 0.99%, 0, 0, 8, 61.36
1571195155, 1, 112, 167, 122, 0, 0.99%, 0, 0, 8, 46.79
1571195175, 1, 112, 168, 123, 0, 0.99%, 0, 0, 8, 62.01
1571195180, 1, 112, 169, 124, 0, 1.00%, 0, 0, 8, 63.39
1571195191, 1, 115, 169, 123, 0, 1.00%, 0, 0, 8, 89.65
1571195206, 1, 115, 170, 124, 0, 1.00%, 0, 0, 8, 95.21
1571195211, 1, 115, 171, 125, 0, 1.00%, 0, 0, 8, 95.48
1571195232, 1, 115, 173, 127, 0, 1.01%, 0, 0, 8, 96.09
1571195247, 1, 115, 174, 128, 0, 1.01%, 0, 0, 8, 95.52
1571195268, 1, 118, 174, 127, 0, 1.01%, 0, 0, 8, 88.50
1571195273, 1, 118, 175, 128, 0, 1.01%, 0, 0, 8, 90.57
1571195288, 1, 118, 176, 129, 0, 1.01%, 0, 0, 8, 94.70
1571195304, 1, 118, 177, 130, 0, 1.02%, 0, 0, 8, 96.09
1571195314, 1, 118, 178, 131, 0, 1.02%, 0, 0, 8, 95.09
1571195324, 1, 118, 179, 132, 0, 1.02%, 0, 0, 8, 94.87
1571195329, 1, 118, 180, 133, 0, 1.02%, 0, 0, 8, 94.56
1571195334, 1, 118, 181, 134, 0, 1.03%, 0, 0, 8, 95.27
1571195339, 1, 118, 182, 135, 0, 1.03%, 0, 0, 8, 93.50
1571195350, 1, 174, 182, 134, 1, 1.03%, 0, 0, 8, 88.83
1571195365, 1, 174, 183, 135, 1, 1.03%, 0, 0, 8, 93.53
1571195380, 1, 174, 184, 136, 1, 1.04%, 0, 0, 8, 95.16
1571195396, 1, 174, 185, 137, 1, 1.04%, 0, 0, 8, 95.24
1571195401, 1, 174, 186, 138, 1, 1.04%, 0, 0, 8, 95.15
1571195432, 2, 3, 186, 137, 0, 1.04%, 0, 0, 8, 81.12
1571195437, 2, 3, 187, 138, 0, 1.04%, 0, 0, 8, 62.25
1571195452, 2, 4, 187, 137, 0, 1.04%, 0, 0, 8, 75.48
1571195462, 2, 4, 188, 138, 0, 1.05%, 0, 0, 8, 93.76
1571195468, 2, 5, 188, 137, 0, 1.05%, 0, 0, 8, 80.97
1571195478, 2, 80, 189, 137, 1, 1.05%, 0, 0, 8, 77.08
1571195483, 2, 188, 189, 137, 1, 1.05%, 0, 0, 8, 90.60
1571195493, 3, 17, 189, 136, 0, 1.05%, 0, 0, 8, 70.68
1571195509, 3, 25, 189, 135, 0, 1.05%, 0, 0, 8, 78.88
1571195514, 3, 32, 189, 135, 0, 1.05%, 0, 0, 8, 91.41
1571195539, 3, 32, 190, 136, 0, 1.05%, 0, 0, 8, 95.85
1571195555, 3, 34, 190, 135, 0, 1.05%, 0, 0, 8, 96.15
1571195570, 3, 38, 190, 134, 0, 1.05%, 0, 0, 8, 83.23
1571195611, 3, 47, 190, 133, 0, 1.05%, 0, 0, 8, 80.63
1571195626, 3, 47, 191, 134, 0, 1.05%, 0, 0, 8, 88.85
1571195637, 3, 52, 191, 133, 0, 1.05%, 0, 0, 8, 89.77
1571195719, 3, 64, 191, 132, 0, 1.05%, 0, 0, 8, 94.73
1571195744, 3, 66, 191, 131, 0, 1.05%, 0, 0, 8, 95.73
1571195750, 3, 69, 191, 130, 0, 1.05%, 0, 0, 8, 97.23
1571195755, 3, 78, 191, 129, 0, 1.05%, 0, 0, 8, 93.50
1571195760, 3, 78, 192, 130, 0, 1.06%, 0, 0, 8, 95.44
1571195765, 3, 78, 194, 132, 0, 1.06%, 0, 0, 8, 91.91
1571195775, 3, 78, 195, 133, 0, 1.07%, 0, 0, 8, 97.02
1571195806, 3, 78, 196, 134, 0, 1.07%, 0, 0, 8, 98.34
1571195826, 3, 78, 197, 135, 0, 1.07%, 0, 0, 8, 95.02
1571195837, 3, 83, 197, 134, 0, 1.07%, 0, 0, 8, 91.67
1571195914, 3, 84, 197, 133, 0, 1.07%, 0, 0, 8, 71.65
1571195934, 3, 90, 197, 132, 0, 1.07%, 0, 0, 8, 84.81
1571195939, 3, 91, 197, 132, 0, 1.07%, 0, 0, 8, 93.46
1571195944, 3, 101, 197, 131, 0, 1.07%, 0, 0, 8, 94.18
1571195949, 3, 105, 197, 131, 0, 1.07%, 0, 0, 8, 103.85
1571195975, 3, 105, 198, 132, 0, 1.07%, 0, 0, 8, 111.94
1571195985, 3, 109, 199, 132, 0, 1.08%, 0, 0, 8, 102.54
1571195995, 3, 109, 200, 133, 0, 1.08%, 0, 0, 8, 97.14
1571196011, 3, 109, 201, 134, 0, 1.08%, 0, 0, 8, 101.81
1571196021, 3, 123, 201, 133, 0, 1.08%, 0, 0, 8, 94.15
1571196037, 3, 123, 202, 134, 0, 1.08%, 0, 0, 8, 95.71
1571196083, 3, 123, 203, 135, 0, 1.08%, 0, 0, 8, 96.95
1571196098, 3, 124, 203, 134, 0, 1.08%, 0, 0, 8, 90.69
1571196103, 3, 124, 204, 135, 0, 1.09%, 0, 0, 8, 95.29
1571196149, 3, 124, 205, 136, 0, 1.09%, 0, 0, 8, 96.37
1571196170, 3, 124, 206, 137, 0, 1.09%, 0, 0, 8, 96.51
1571196175, 3, 124, 207, 138, 0, 1.09%, 0, 0, 8, 91.54
1571196180, 3, 125, 207, 137, 0, 1.09%, 0, 0, 8, 67.34
1571196185, 3, 125, 208, 138, 0, 1.10%, 0, 0, 8, 56.07
1571196205, 3, 126, 208, 137, 0, 1.10%, 0, 0, 8, 88.85
1571196216, 3, 126, 209, 138, 0, 1.10%, 0, 0, 8, 96.10
1571196226, 3, 128, 209, 137, 0, 1.10%, 0, 0, 8, 96.91
1571196236, 3, 129, 209, 136, 0, 1.10%, 0, 0, 8, 84.39
1571196246, 3, 138, 209, 135, 0, 1.10%, 0, 0, 8, 93.05
1571196272, 3, 138, 210, 136, 0, 1.10%, 0, 0, 8, 101.17
1571196277, 3, 138, 211, 137, 0, 1.10%, 0, 0, 8, 97.09
1571196282, 3, 141, 211, 136, 0, 1.10%, 0, 0, 8, 92.59
1571196323, 3, 148, 211, 135, 0, 1.10%, 0, 0, 8, 99.92
1571196329, 3, 148, 212, 136, 0, 1.11%, 0, 0, 8, 103.15
1571196349, 3, 148, 213, 137, 0, 1.11%, 0, 0, 8, 102.48
1571196359, 3, 149, 213, 136, 0, 1.11%, 0, 0, 8, 107.29
1571196389, 3, 152, 213, 135, 0, 1.11%, 0, 0, 8, 95.74
1571196395, 3, 153, 213, 135, 0, 1.11%, 0, 0, 8, 73.31
1571196410, 3, 153, 214, 136, 0, 1.11%, 0, 0, 8, 83.46
1571196415, 3, 156, 214, 135, 0, 1.11%, 0, 0, 8, 85.69
1571196425, 3, 156, 214, 135, 0, 1.11%, 1, 0, 8, 86.89
1571196441, 3, 156, 214, 135, 0, 1.11%, 2, 0, 8, 94.99
1571196461, 3, 156, 215, 136, 0, 1.11%, 2, 0, 8, 98.90
1571196466, 3, 156, 216, 137, 0, 1.12%, 2, 0, 8, 97.52
1571196502, 3, 158, 216, 136, 0, 1.12%, 2, 0, 8, 88.72
1571196590, 3, 160, 216, 135, 0, 1.12%, 2, 0, 8, 64.87
1571196746, 3, 160, 217, 136, 0, 1.12%, 2, 0, 8, 69.81
1571196762, 3, 161, 217, 135, 0, 1.12%, 2, 0, 8, 90.12
1571196767, 3, 161, 218, 136, 0, 1.12%, 2, 0, 8, 89.66
1571196808, 3, 161, 219, 137, 0, 1.12%, 2, 0, 8, 97.53
1571196813, 3, 161, 220, 138, 0, 1.12%, 2, 0, 8, 97.08
1571196839, 3, 161, 221, 139, 0, 1.12%, 2, 0, 8, 87.15
1571196844, 3, 161, 222, 140, 0, 1.13%, 2, 0, 8, 85.82
1571196859, 3, 161, 223, 141, 0, 1.13%, 2, 0, 8, 84.54
1571196916, 3, 208, 223, 140, 1, 1.13%, 2, 0, 8, 94.58
1571196926, 3, 221, 224, 140, 1, 1.13%, 2, 0, 8, 96.47
1571196937, 3, 221, 226, 142, 1, 1.28%, 2, 0, 8, 98.20
1571196957, 3, 221, 227, 143, 1, 1.28%, 2, 0, 8, 93.37
1571196962, 3, 221, 228, 144, 1, 1.28%, 2, 0, 8, 88.01
1571196983, 3, 221, 229, 145, 1, 1.29%, 2, 0, 8, 94.47
1571197055, 3, 221, 230, 146, 1, 1.29%, 2, 0, 8, 96.33
1571197111, 3, 223, 230, 145, 2, 1.29%, 2, 0, 8, 92.06
1571197147, 3, 223, 232, 147, 2, 1.29%, 2, 0, 8, 93.39
1571197167, 3, 223, 233, 148, 2, 1.30%, 2, 0, 8, 94.47
1571197183, 3, 223, 234, 149, 2, 1.30%, 2, 0, 8, 95.40
1571197188, 3, 223, 236, 151, 2, 1.30%, 2, 0, 8, 95.59
1571197224, 3, 223, 237, 152, 2, 1.30%, 2, 0, 8, 94.48
1571197244, 3, 223, 238, 153, 2, 1.30%, 2, 0, 8, 94.93
1571197270, 3, 225, 238, 152, 1, 1.30%, 2, 0, 8, 85.52
1571197275, 3, 225, 241, 155, 1, 1.31%, 2, 0, 8, 88.82
1571197280, 3, 225, 246, 160, 1, 1.32%, 2, 0, 8, 88.22
1571197285, 3, 225, 248, 162, 1, 1.32%, 2, 0, 8, 86.05
1571197296, 3, 225, 249, 163, 1, 1.33%, 2, 0, 8, 87.59
1571197306, 3, 225, 251, 165, 1, 1.34%, 2, 0, 8, 91.64
1571197311, 3, 225, 254, 168, 1, 1.34%, 3, 0, 8, 79.06
1571197316, 3, 225, 255, 169, 1, 1.34%, 3, 0, 8, 91.43
1571197321, 3, 225, 256, 170, 1, 1.34%, 3, 0, 8, 92.76
1571197337, 3, 225, 257, 171, 1, 1.35%, 3, 0, 8, 90.84
1571197357, 3, 225, 259, 173, 1, 1.35%, 3, 0, 8, 96.66
1571197362, 3, 225, 260, 174, 1, 1.36%, 3, 0, 8, 92.42
1571197368, 3, 225, 261, 175, 1, 1.36%, 3, 0, 8, 93.52
1571197383, 3, 225, 264, 178, 1, 1.38%, 3, 0, 8, 91.93
1571197409, 3, 225, 265, 179, 1, 1.39%, 3, 0, 8, 83.05
1571197424, 3, 225, 266, 180, 1, 1.39%, 3, 0, 8, 97.80
1571197445, 3, 238, 267, 180, 5, 1.39%, 3, 0, 8, 110.07
1571197450, 3, 238, 268, 181, 5, 1.40%, 3, 0, 8, 116.37
1571197455, 3, 238, 268, 181, 5, 1.40%, 4, 0, 8, 114.53
1571197460, 3, 238, 269, 182, 5, 1.40%, 4, 0, 8, 118.09
1571197495, 3, 238, 270, 183, 5, 1.40%, 4, 0, 8, 115.64
1571197516, 3, 238, 271, 184, 5, 1.41%, 4, 0, 8, 119.99
1571197521, 3, 238, 272, 185, 5, 1.41%, 4, 0, 8, 119.26
1571197546, 3, 238, 273, 186, 5, 1.41%, 4, 0, 8, 115.78
1571197572, 3, 241, 273, 185, 5, 1.41%, 4, 0, 8, 91.78
1571197598, 3, 241, 274, 186, 5, 1.41%, 4, 0, 8, 95.95
1571197608, 3, 241, 275, 187, 5, 1.42%, 4, 0, 8, 99.24
1571197613, 3, 241, 276, 188, 5, 1.42%, 4, 0, 8, 98.18
1571197660, 3, 241, 277, 189, 5, 1.42%, 4, 0, 8, 92.53
1571197670, 3, 241, 278, 190, 5, 1.43%, 4, 0, 8, 89.69
1571197701, 3, 241, 279, 191, 5, 1.43%, 4, 0, 8, 85.03
1571197716, 3, 241, 280, 192, 5, 1.43%, 4, 0, 8, 92.86
1571197737, 3, 241, 281, 193, 5, 1.43%, 4, 0, 8, 87.87
1571197752, 3, 252, 281, 192, 4, 1.43%, 4, 0, 8, 109.33
1571197767, 3, 252, 282, 193, 4, 1.43%, 4, 0, 8, 117.02
1571197773, 3, 252, 283, 194, 4, 1.44%, 4, 0, 8, 119.87
1571197778, 3, 252, 283, 194, 4, 1.44%, 5, 0, 8, 109.19
1571197793, 3, 252, 284, 195, 4, 1.44%, 5, 0, 8, 118.76
1571197824, 3, 252, 285, 196, 4, 1.44%, 5, 0, 8, 115.26
1571197834, 3, 252, 286, 197, 4, 1.44%, 5, 0, 8, 114.46
1571197839, 3, 252, 287, 198, 4, 1.44%, 5, 0, 8, 110.29
1571197849, 3, 252, 289, 200, 4, 1.45%, 5, 0, 8, 118.93
1571197854, 3, 252, 290, 201, 4, 1.45%, 5, 0, 8, 111.78
1571197884, 3, 262, 291, 201, 4, 1.45%, 5, 0, 8, 90.66
1571197890, 3, 262, 294, 204, 4, 1.50%, 5, 0, 8, 94.68
1571197910, 3, 262, 295, 205, 4, 1.50%, 5, 0, 8, 90.27
1571197915, 3, 262, 296, 206, 4, 1.50%, 5, 0, 8, 84.47
1571197926, 3, 262, 298, 208, 4, 1.51%, 5, 0, 8, 93.45
1571197931, 3, 262, 299, 209, 4, 1.51%, 5, 0, 8, 89.77
1571197946, 3, 262, 300, 210, 4, 1.52%, 5, 0, 8, 85.25
1571197993, 3, 262, 301, 211, 4, 1.52%, 5, 0, 8, 96.17
1571198018, 3, 262, 302, 212, 4, 1.52%, 5, 0, 8, 92.00
1571198039, 3, 262, 303, 213, 4, 1.52%, 5, 0, 8, 90.79
1571198060, 3, 265, 304, 213, 8, 1.52%, 5, 0, 8, 88.40
1571198065, 3, 265, 305, 214, 8, 1.53%, 5, 0, 8, 88.90
1571198096, 3, 265, 306, 215, 8, 1.53%, 5, 0, 8, 86.37
1571198132, 3, 265, 307, 216, 8, 1.53%, 5, 0, 8, 99.44
1571198137, 3, 265, 308, 217, 8, 1.54%, 5, 0, 8, 90.73
1571198183, 3, 265, 309, 218, 8, 1.54%, 5, 0, 8, 97.06
1571198229, 3, 265, 310, 219, 8, 1.54%, 5, 0, 8, 85.58
1571198240, 3, 265, 311, 220, 8, 1.55%, 5, 0, 8, 88.09
1571198245, 3, 265, 312, 221, 8, 1.55%, 5, 0, 8, 86.46
1571198296, 3, 265, 313, 222, 8, 1.55%, 5, 0, 8, 86.81
1571198301, 3, 283, 313, 221, 8, 1.55%, 5, 0, 8, 107.51
1571198322, 3, 283, 314, 222, 8, 1.56%, 5, 0, 9, 119.16
1571198342, 3, 283, 315, 223, 8, 1.56%, 5, 0, 9, 116.47
1571198372, 3, 283, 316, 224, 8, 1.56%, 5, 0, 9, 115.48
1571198377, 3, 283, 317, 225, 8, 1.56%, 5, 0, 9, 117.30
1571198382, 3, 283, 318, 226, 8, 1.57%, 5, 0, 9, 114.94
1571198398, 3, 283, 319, 227, 8, 1.57%, 5, 0, 9, 119.60
1571198439, 3, 291, 319, 226, 8, 1.57%, 5, 0, 9, 91.58
1571198459, 3, 291, 320, 227, 8, 1.57%, 5, 0, 9, 89.07
1571198464, 3, 291, 321, 228, 8, 1.57%, 5, 0, 9, 90.37
1571198480, 3, 291, 322, 229, 8, 1.58%, 5, 0, 9, 90.47
1571198485, 3, 291, 323, 230, 8, 1.58%, 5, 0, 9, 91.48
1571198552, 3, 291, 324, 231, 8, 1.58%, 5, 0, 9, 89.52
1571198583, 3, 291, 325, 232, 8, 1.59%, 5, 0, 9, 99.71
1571198608, 3, 292, 325, 231, 10, 1.59%, 5, 0, 9, 86.19
1571198614, 3, 292, 326, 232, 10, 1.59%, 5, 0, 9, 89.44
1571198619, 3, 292, 327, 233, 10, 1.59%, 5, 0, 9, 90.05
1571198634, 3, 292, 328, 234, 10, 1.59%, 5, 0, 9, 93.80
1571198639, 3, 292, 329, 235, 10, 1.59%, 5, 0, 9, 96.20
1571198655, 3, 292, 330, 236, 10, 1.60%, 5, 0, 9, 93.21
1571198660, 3, 292, 331, 237, 10, 1.60%, 5, 0, 9, 92.64
1571198670, 3, 292, 332, 238, 10, 1.60%, 5, 0, 9, 88.56
1571198675, 3, 292, 333, 239, 10, 1.60%, 5, 0, 9, 89.07
1571198701, 3, 292, 334, 240, 10, 1.61%, 5, 0, 9, 84.84
1571198722, 3, 292, 335, 241, 10, 1.61%, 5, 0, 9, 90.13
1571198768, 3, 292, 336, 242, 10, 1.61%, 5, 0, 9, 94.42
1571198783, 3, 293, 337, 242, 11, 1.61%, 5, 0, 9, 85.07
1571198789, 3, 293, 338, 243, 11, 1.62%, 6, 0, 9, 88.12
1571198809, 3, 293, 339, 244, 11, 1.62%, 6, 0, 9, 86.83
1571198819, 3, 293, 339, 244, 11, 1.62%, 8, 0, 9, 82.20
1571198825, 3, 293, 341, 246, 11, 1.62%, 8, 0, 9, 94.88
1571198830, 3, 293, 343, 248, 11, 1.79%, 8, 0, 9, 89.38
1571198840, 3, 293, 344, 249, 11, 1.79%, 8, 0, 9, 90.30
1571198845, 3, 293, 345, 250, 11, 1.79%, 8, 0, 9, 91.76
1571198861, 3, 293, 346, 251, 11, 1.79%, 8, 0, 9, 95.52
1571198866, 3, 293, 347, 252, 11, 1.80%, 8, 0, 9, 89.91
1571198876, 3, 293, 348, 253, 11, 1.80%, 8, 0, 9, 86.23
1571198902, 3, 293, 349, 254, 11, 1.80%, 8, 0, 9, 87.32
1571198907, 3, 293, 350, 255, 11, 1.80%, 8, 0, 9, 100.53
1571198948, 3, 293, 351, 256, 11, 1.80%, 8, 0, 9, 87.69
1571198974, 3, 296, 351, 255, 13, 1.80%, 8, 0, 9, 89.59
1571198985, 3, 296, 353, 257, 13, 1.81%, 8, 0, 9, 87.98
1571198995, 3, 296, 354, 258, 13, 1.81%, 8, 0, 9, 90.17
1571199036, 3, 296, 355, 259, 13, 1.81%, 8, 0, 9, 93.10
1571199144, 3, 297, 355, 258, 13, 1.81%, 8, 0, 9, 87.55
1571199149, 3, 297, 356, 259, 13, 1.81%, 8, 0, 9, 83.80
1571199155, 3, 297, 357, 260, 13, 1.82%, 8, 0, 9, 87.52
1571199165, 3, 297, 358, 261, 13, 1.82%, 8, 0, 9, 89.78
1571199180, 3, 297, 358, 261, 13, 1.82%, 9, 0, 9, 95.51
1571199185, 3, 297, 359, 262, 13, 1.82%, 9, 0, 9, 93.39
1571199206, 3, 297, 360, 263, 13, 1.82%, 9, 0, 9, 58.40
1571199211, 3, 297, 361, 264, 13, 1.82%, 9, 0, 9, 52.50
1571199221, 3, 297, 362, 265, 13, 1.83%, 9, 0, 9, 75.78
1571199242, 3, 297, 363, 266, 13, 1.83%, 9, 0, 9, 62.59
1571199252, 3, 297, 364, 267, 13, 1.83%, 9, 0, 9, 91.01
1571199308, 3, 297, 366, 269, 13, 1.84%, 9, 0, 9, 90.73
1571199313, 3, 297, 367, 270, 13, 1.84%, 9, 0, 9, 90.49
1571199329, 3, 304, 367, 269, 14, 1.84%, 9, 0, 9, 90.95
1571199339, 3, 304, 368, 270, 14, 2.01%, 9, 0, 9, 89.13
1571199396, 3, 304, 369, 271, 14, 2.01%, 9, 0, 9, 99.21
1571199401, 3, 304, 372, 274, 14, 2.04%, 9, 0, 9, 93.39
1571199416, 3, 304, 373, 275, 14, 2.04%, 9, 0, 9, 92.43
1571199421, 3, 304, 375, 277, 14, 2.05%, 9, 0, 9, 89.45
1571199426, 3, 304, 376, 278, 14, 2.05%, 9, 0, 9, 96.33
1571199478, 3, 304, 377, 279, 14, 2.05%, 9, 0, 9, 94.56
1571199498, 3, 304, 378, 280, 14, 2.05%, 9, 0, 9, 86.37
1571199514, 3, 310, 378, 279, 16, 2.05%, 9, 0, 9, 98.47
1571199519, 3, 310, 379, 280, 16, 2.05%, 9, 0, 9, 112.57
1571199524, 3, 310, 380, 281, 16, 2.06%, 9, 0, 9, 117.12
1571199549, 3, 310, 381, 282, 16, 2.06%, 9, 0, 9, 117.91
1571199636, 3, 310, 382, 283, 16, 2.06%, 9, 0, 9, 118.00
1571199687, 3, 316, 383, 283, 17, 2.06%, 9, 0, 10, 112.06
1571199723, 3, 316, 384, 284, 17, 2.07%, 9, 0, 10, 118.12
1571199810, 3, 316, 385, 285, 17, 2.07%, 10, 0, 10, 100.69
1571199826, 3, 321, 385, 284, 16, 2.07%, 10, 0, 10, 90.21
1571199831, 3, 321, 386, 285, 16, 2.07%, 10, 0, 10, 88.35
1571199862, 3, 321, 387, 286, 16, 2.08%, 10, 0, 10, 95.34
1571199913, 3, 321, 388, 287, 16, 2.08%, 10, 0, 10, 90.26
1571199949, 3, 321, 389, 288, 16, 2.08%, 10, 0, 10, 92.45
1571199954, 3, 321, 390, 289, 16, 2.08%, 10, 0, 10, 88.10
1571199995, 3, 323, 390, 288, 15, 2.08%, 10, 0, 10, 85.86
1571200001, 3, 323, 391, 289, 15, 2.08%, 10, 0, 10, 90.94
1571200006, 3, 323, 392, 290, 15, 2.09%, 10, 0, 10, 89.28
1571200037, 3, 323, 393, 291, 15, 2.09%, 10, 0, 10, 91.88
1571200047, 3, 323, 394, 292, 15, 2.09%, 10, 0, 10, 87.51
1571200078, 3, 323, 395, 293, 15, 2.09%, 10, 0, 10, 88.75
1571200098, 3, 323, 396, 294, 15, 2.10%, 10, 0, 10, 87.73
1571200124, 3, 323, 398, 296, 15, 2.10%, 10, 0, 10, 92.90
1571200170, 3, 325, 398, 295, 14, 2.10%, 10, 0, 10, 84.92
1571200181, 3, 325, 399, 296, 14, 2.10%, 10, 0, 10, 91.18
1571200201, 3, 325, 400, 297, 14, 2.10%, 10, 0, 10, 87.00
1571200238, 3, 325, 401, 298, 14, 2.11%, 10, 0, 10, 86.71
1571200258, 3, 325, 402, 299, 14, 2.11%, 10, 0, 10, 89.76
1571200274, 3, 325, 403, 300, 14, 2.11%, 10, 0, 10, 91.20
1571200310, 3, 325, 404, 301, 14, 2.11%, 10, 0, 10, 88.42
1571200315, 3, 325, 405, 302, 14, 2.11%, 10, 0, 10, 91.88
1571200351, 3, 326, 405, 301, 13, 2.11%, 10, 0, 10, 79.56
1571200361, 3, 326, 406, 302, 13, 2.11%, 10, 0, 10, 80.23
1571200372, 3, 326, 407, 303, 13, 2.12%, 10, 0, 10, 78.87
1571200382, 3, 326, 409, 305, 13, 2.12%, 10, 0, 10, 89.70
1571200418, 3, 326, 410, 306, 13, 2.12%, 10, 0, 10, 86.82
1571200423, 3, 326, 411, 307, 13, 2.13%, 10, 0, 10, 89.87
1571200433, 3, 326, 412, 308, 13, 2.13%, 10, 0, 10, 90.30
1571200485, 3, 326, 413, 309, 13, 2.13%, 10, 0, 10, 82.85
1571200521, 3, 326, 414, 310, 13, 2.13%, 10, 0, 10, 91.39
1571200541, 3, 342, 415, 310, 14, 2.14%, 10, 0, 10, 90.61
1571200546, 3, 342, 417, 312, 14, 2.15%, 10, 0, 10, 88.42
1571200551, 3, 342, 418, 313, 14, 2.15%, 10, 0, 10, 88.84
1571200557, 3, 342, 420, 315, 14, 2.16%, 10, 0, 10, 92.57
1571200562, 3, 342, 421, 316, 14, 2.16%, 10, 0, 10, 89.63
1571200567, 3, 342, 423, 318, 14, 2.16%, 10, 0, 10, 92.23
1571200577, 3, 342, 424, 319, 14, 2.16%, 10, 0, 10, 91.44
1571200587, 3, 342, 425, 320, 14, 2.16%, 10, 0, 10, 95.51
1571200598, 3, 342, 427, 322, 14, 2.16%, 10, 0, 10, 93.36
1571200603, 3, 342, 429, 324, 14, 2.17%, 10, 0, 10, 96.31
1571200608, 3, 342, 432, 327, 14, 2.18%, 10, 0, 10, 95.17
1571200623, 3, 342, 435, 330, 14, 2.19%, 10, 0, 10, 96.25
1571200628, 3, 342, 436, 331, 14, 2.19%, 10, 0, 10, 88.93
1571200639, 3, 342, 438, 333, 14, 2.20%, 10, 0, 10, 95.84
1571200654, 3, 342, 439, 334, 14, 2.20%, 10, 0, 10, 93.87
1571200665, 3, 342, 440, 335, 14, 2.20%, 10, 0, 10, 98.92
1571200680, 3, 342, 441, 336, 14, 2.21%, 10, 0, 10, 91.50
1571200695, 3, 342, 442, 337, 14, 2.22%, 10, 0, 10, 91.42
1571200706, 3, 342, 443, 338, 14, 2.22%, 10, 0, 10, 90.25
1571200711, 3, 342, 444, 339, 14, 2.22%, 10, 0, 10, 88.09
1571200742, 3, 342, 445, 340, 14, 2.22%, 10, 0, 10, 86.27
1571200762, 3, 344, 445, 339, 16, 2.22%, 11, 0, 10, 92.69
1571200768, 3, 344, 446, 340, 16, 2.23%, 11, 0, 10, 90.06
1571200804, 3, 344, 447, 341, 16, 2.23%, 11, 0, 10, 89.87
1571200809, 3, 344, 448, 342, 16, 2.23%, 11, 0, 10, 89.15
1571200819, 3, 344, 449, 343, 16, 2.23%, 11, 0, 10, 87.45
1571200824, 3, 344, 450, 344, 16, 2.24%, 11, 0, 10, 88.85
1571200845, 3, 344, 451, 345, 16, 2.24%, 11, 0, 10, 88.67
1571200881, 3, 344, 452, 346, 16, 2.24%, 11, 0, 10, 97.30
1571200938, 3, 351, 452, 345, 15, 2.24%, 11, 0, 10, 88.63
1571200943, 3, 351, 453, 346, 15, 2.24%, 11, 0, 10, 89.82
1571200958, 3, 351, 454, 347, 15, 2.24%, 11, 0, 10, 86.82
1571201082, 3, 351, 455, 348, 15, 2.24%, 11, 0, 10, 97.04
1571201108, 3, 351, 456, 349, 15, 2.25%, 11, 0, 10, 80.04
1571201118, 3, 351, 458, 351, 15, 2.25%, 11, 0, 10, 89.87
1571201154, 3, 355, 458, 350, 15, 2.25%, 11, 0, 10, 99.97
1571201205, 3, 355, 459, 351, 15, 2.25%, 11, 0, 10, 116.55
1571201251, 3, 355, 460, 352, 15, 2.25%, 11, 0, 10, 114.75
1571201256, 3, 355, 461, 353, 15, 2.26%, 11, 0, 10, 115.03
1571201297, 3, 356, 461, 352, 15, 2.26%, 11, 0, 10, 88.42
1571201333, 3, 356, 462, 353, 15, 2.26%, 11, 0, 10, 87.69
1571201410, 3, 356, 463, 354, 15, 2.26%, 11, 0, 10, 85.05
1571201415, 3, 356, 464, 355, 15, 2.26%, 11, 0, 10, 85.00
1571201426, 3, 356, 465, 356, 15, 2.26%, 11, 0, 10, 89.83
1571201472, 3, 367, 466, 356, 15, 2.27%, 11, 0, 10, 87.41
1571201477, 3, 367, 467, 357, 15, 2.27%, 13, 0, 10, 89.98
1571201482, 3, 367, 469, 359, 15, 2.27%, 13, 0, 10, 91.21
1571201487, 3, 367, 471, 361, 15, 2.28%, 13, 0, 10, 92.08
1571201498, 3, 367, 472, 362, 15, 2.28%, 13, 0, 10, 85.50
1571201503, 3, 367, 473, 363, 15, 2.28%, 13, 0, 10, 87.09
1571201513, 3, 367, 473, 363, 15, 2.28%, 14, 0, 10, 93.73
1571201518, 3, 367, 474, 364, 15, 2.28%, 14, 0, 10, 94.26
1571201529, 3, 367, 476, 366, 15, 2.29%, 14, 0, 10, 89.58
1571201534, 3, 367, 477, 367, 15, 2.29%, 14, 0, 10, 89.11
1571201544, 3, 367, 478, 368, 15, 2.29%, 14, 0, 10, 87.11
1571201560, 3, 367, 479, 369, 15, 2.30%, 14, 0, 10, 91.81
1571201565, 3, 367, 481, 371, 15, 2.30%, 14, 0, 10, 92.78
1571201580, 3, 367, 484, 374, 15, 2.31%, 14, 0, 10, 91.51
1571201601, 3, 367, 485, 375, 15, 2.31%, 14, 0, 10, 99.87
1571201611, 3, 367, 486, 376, 15, 2.32%, 14, 0, 10, 87.13
1571201616, 3, 367, 487, 377, 15, 2.32%, 14, 0, 10, 89.22
1571201621, 3, 367, 488, 378, 15, 2.32%, 14, 0, 10, 90.22
1571201637, 3, 367, 489, 379, 15, 2.32%, 14, 0, 10, 93.11
1571201642, 3, 367, 490, 380, 15, 2.33%, 14, 0, 10, 91.95
1571201678, 3, 367, 491, 381, 15, 2.33%, 14, 0, 10, 89.11
1571201683, 3, 379, 491, 380, 16, 2.33%, 14, 0, 10, 105.05
1571201693, 3, 379, 492, 381, 16, 2.33%, 14, 0, 10, 116.37
1571201698, 3, 379, 493, 382, 16, 2.33%, 14, 0, 10, 108.56
1571201703, 3, 379, 494, 383, 16, 2.33%, 14, 0, 10, 117.23
1571201709, 3, 379, 495, 384, 16, 2.33%, 14, 0, 10, 118.22
1571201714, 3, 379, 496, 385, 16, 2.34%, 14, 0, 10, 111.41
1571201749, 3, 379, 497, 386, 16, 2.34%, 14, 0, 10, 117.59
1571201770, 3, 379, 498, 387, 16, 2.34%, 14, 0, 10, 118.43
1571201775, 3, 379, 499, 388, 16, 2.34%, 14, 0, 10, 118.22
1571201790, 3, 379, 500, 389, 16, 2.34%, 14, 0, 10, 109.31
1571201852, 3, 409, 500, 388, 15, 2.34%, 14, 0, 10, 91.36
1571201877, 3, 409, 501, 389, 15, 2.35%, 14, 0, 11, 86.89
1571201908, 3, 409, 502, 390, 15, 2.35%, 14, 0, 11, 89.74
1571201924, 3, 409, 503, 391, 15, 2.35%, 14, 0, 11, 91.46
1571201939, 3, 409, 504, 392, 15, 2.35%, 14, 0, 11, 89.35
1571201965, 3, 409, 505, 393, 15, 2.35%, 14, 0, 11, 88.62
1571202022, 3, 422, 505, 392, 14, 2.35%, 14, 0, 11, 85.58
1571202027, 3, 422, 506, 393, 14, 2.36%, 14, 0, 11, 89.36
1571202042, 3, 422, 507, 394, 14, 2.36%, 14, 0, 11, 89.07
1571202047, 3, 422, 508, 395, 14, 2.36%, 14, 0, 11, 87.29
1571202053, 3, 422, 509, 396, 14, 2.37%, 14, 0, 11, 89.44
1571202073, 3, 422, 510, 397, 14, 2.37%, 14, 0, 11, 91.10
1571202078, 3, 422, 511, 398, 14, 2.37%, 14, 0, 11, 88.13
1571202083, 3, 422, 512, 399, 14, 2.38%, 14, 0, 11, 90.93
1571202099, 3, 422, 513, 400, 14, 2.38%, 14, 0, 11, 92.26
1571202104, 3, 422, 514, 401, 14, 2.38%, 14, 0, 11, 87.28
1571202120, 3, 422, 515, 402, 14, 2.38%, 14, 0, 11, 94.89
1571202171, 3, 422, 517, 404, 14, 2.39%, 14, 0, 11, 98.81
1571202197, 3, 437, 518, 404, 13, 2.39%, 14, 0, 11, 88.85
1571202202, 3, 437, 519, 405, 13, 2.39%, 14, 0, 11, 89.00
1571202222, 3, 437, 520, 406, 13, 2.40%, 14, 0, 11, 84.68
1571202228, 3, 437, 521, 407, 13, 2.40%, 14, 0, 11, 88.91
1571202243, 3, 437, 522, 408, 13, 2.41%, 14, 0, 11, 87.77
1571202248, 3, 437, 523, 409, 13, 2.41%, 14, 0, 11, 89.90
1571202253, 3, 437, 524, 410, 13, 2.41%, 14, 0, 11, 85.18
1571202258, 3, 437, 525, 411, 13, 2.42%, 14, 0, 11, 86.26
1571202264, 3, 437, 526, 412, 13, 2.42%, 14, 0, 11, 86.64
1571202274, 3, 437, 527, 413, 13, 2.42%, 14, 0, 11, 96.22
1571202284, 3, 437, 528, 414, 13, 2.42%, 14, 0, 11, 89.58
1571202300, 3, 437, 529, 415, 13, 2.43%, 14, 0, 11, 92.09
1571202382, 3, 440, 529, 414, 13, 2.43%, 14, 0, 11, 88.55
1571202392, 3, 440, 530, 415, 13, 2.43%, 14, 0, 11, 88.09
1571202398, 3, 440, 531, 416, 13, 2.44%, 14, 0, 11, 89.38
1571202408, 3, 440, 532, 417, 13, 2.44%, 14, 0, 11, 88.87
1571202413, 3, 440, 533, 418, 13, 2.44%, 14, 0, 11, 88.71
1571202418, 3, 440, 535, 420, 13, 2.44%, 14, 0, 11, 84.02
1571202429, 3, 440, 536, 421, 13, 2.45%, 14, 0, 11, 89.66
1571202444, 3, 440, 537, 422, 13, 2.45%, 14, 0, 11, 90.53
1571202449, 3, 440, 539, 424, 13, 2.45%, 14, 0, 11, 91.93
1571202465, 3, 440, 540, 425, 13, 2.46%, 14, 0, 11, 94.43
1571202470, 3, 440, 541, 426, 13, 2.46%, 14, 0, 11, 92.11
1571202496, 3, 440, 542, 427, 13, 2.46%, 14, 0, 11, 88.42
1571202511, 3, 440, 543, 428, 13, 2.47%, 14, 0, 11, 92.00
1571202516, 3, 440, 544, 429, 13, 2.47%, 14, 0, 11, 87.09
1571202563, 3, 452, 544, 428, 12, 2.47%, 14, 0, 11, 86.57
1571202588, 3, 452, 545, 429, 12, 2.47%, 14, 0, 11, 86.19
1571202604, 3, 452, 546, 430, 12, 2.47%, 14, 0, 11, 86.21
1571202635, 3, 452, 547, 431, 12, 2.48%, 14, 0, 11, 92.71
1571202665, 3, 452, 548, 432, 12, 2.48%, 14, 0, 11, 89.16
1571202696, 3, 452, 549, 433, 12, 2.48%, 14, 0, 11, 87.67
1571202707, 3, 452, 550, 434, 12, 2.48%, 14, 0, 11, 92.11
1571202717, 3, 452, 551, 435, 12, 2.48%, 14, 0, 11, 91.71
1571202738, 3, 458, 551, 434, 11, 2.48%, 14, 0, 11, 93.86
1571202758, 3, 458, 552, 435, 11, 2.49%, 14, 0, 11, 117.67
1571202845, 3, 458, 553, 436, 11, 2.49%, 14, 0, 11, 113.59
1571202880, 3, 464, 553, 435, 10, 2.49%, 14, 0, 11, 86.37
1571202937, 3, 464, 554, 436, 10, 2.49%, 14, 0, 11, 87.32
1571203046, 3, 464, 554, 436, 10, 2.49%, 15, 0, 11, 86.52
1571203051, 3, 467, 554, 435, 9, 2.49%, 15, 0, 11, 86.60
1571203061, 3, 467, 555, 436, 9, 2.49%, 15, 0, 11, 86.28
1571203076, 3, 467, 556, 437, 9, 2.49%, 15, 0, 11, 88.29
1571203097, 3, 467, 557, 438, 9, 2.50%, 15, 0, 11, 92.11
1571203102, 3, 467, 558, 439, 9, 2.50%, 15, 0, 11, 91.03
1571203138, 3, 467, 559, 440, 9, 2.50%, 15, 0, 11, 87.73
1571203143, 3, 467, 560, 441, 9, 2.50%, 15, 0, 11, 87.07
1571203159, 3, 467, 561, 442, 9, 2.50%, 15, 0, 11, 89.94
1571203179, 3, 467, 562, 443, 9, 2.51%, 15, 0, 11, 92.27
1571203190, 3, 467, 563, 444, 9, 2.51%, 15, 0, 11, 90.22
1571203200, 3, 467, 564, 445, 9, 2.52%, 15, 0, 11, 92.48
1571203216, 3, 467, 564, 445, 9, 2.52%, 16, 0, 11, 89.37
1571203236, 3, 479, 564, 444, 9, 2.52%, 16, 0, 11, 89.87
1571203267, 3, 479, 565, 445, 9, 2.52%, 16, 0, 11, 89.37
1571203283, 3, 479, 567, 447, 9, 2.53%, 16, 0, 11, 93.44
1571203293, 3, 479, 568, 448, 9, 2.53%, 16, 0, 11, 89.20
1571203309, 3, 479, 569, 449, 9, 2.53%, 16, 0, 11, 97.80
1571203329, 3, 479, 570, 450, 9, 2.53%, 16, 0, 11, 93.73
1571203340, 3, 479, 571, 451, 9, 2.54%, 16, 0, 11, 86.18
1571203355, 3, 479, 572, 452, 9, 2.54%, 16, 0, 11, 89.28
1571203360, 3, 479, 573, 453, 9, 2.54%, 16, 0, 11, 95.97
1571203365, 3, 479, 574, 454, 9, 2.54%, 16, 0, 11, 91.53
1571203406, 3, 479, 575, 455, 9, 2.55%, 16, 0, 11, 88.58
1571203442, 3, 490, 576, 455, 9, 2.55%, 16, 0, 11, 105.73
1571203458, 3, 490, 577, 456, 9, 2.55%, 16, 0, 11, 117.79
1571203478, 3, 490, 578, 457, 9, 2.55%, 16, 0, 11, 117.78
1571203509, 3, 490, 579, 458, 9, 2.55%, 16, 0, 11, 118.71
1571203530, 3, 490, 580, 459, 9, 2.55%, 16, 0, 11, 119.14
1571203571, 3, 490, 581, 460, 9, 2.55%, 16, 0, 11, 119.37
1571203750, 3, 490, 582, 461, 9, 2.56%, 16, 0, 11, 117.80
1571203837, 3, 490, 583, 462, 9, 2.56%, 16, 0, 11, 116.06
1571203884, 3, 490, 584, 463, 9, 2.56%, 16, 0, 11, 117.62
1571203920, 3, 491, 584, 462, 9, 2.56%, 16, 0, 11, 93.65
1571204012, 3, 491, 585, 463, 9, 2.57%, 16, 0, 11, 117.67
1571204078, 3, 491, 586, 464, 9, 2.57%, 16, 0, 11, 98.26
1571204103, 3, 496, 586, 463, 8, 2.57%, 16, 0, 11, 107.03
1571204247, 3, 496, 587, 464, 8, 2.57%, 16, 0, 11, 118.15
1571204267, 3, 501, 587, 463, 7, 2.57%, 16, 0, 11, 88.16
1571204314, 3, 501, 588, 464, 7, 2.57%, 16, 0, 12, 89.56
1571204432, 3, 552, 588, 463, 6, 2.57%, 16, 0, 12, 91.82
1571204453, 3, 552, 589, 464, 6, 2.57%, 16, 0, 12, 116.84
1571204468, 3, 552, 590, 465, 6, 2.58%, 16, 0, 12, 117.07
1571204509, 3, 552, 591, 466, 6, 2.58%, 16, 0, 12, 115.36
1571204539, 3, 552, 592, 467, 6, 2.58%, 16, 0, 12, 114.90
1571204560, 3, 552, 593, 468, 6, 2.58%, 16, 0, 12, 100.84
1571204575, 3, 554, 593, 467, 5, 2.58%, 16, 0, 12, 91.51
1571204580, 3, 554, 594, 468, 5, 2.58%, 16, 0, 12, 92.69
1571204621, 3, 554, 595, 469, 5, 2.58%, 16, 0, 12, 88.56
1571204642, 3, 554, 596, 470, 5, 2.59%, 16, 0, 12, 99.26
1571204663, 3, 554, 597, 471, 5, 2.59%, 16, 0, 12, 90.74
1571204678, 3, 554, 598, 472, 5, 2.59%, 16, 0, 12, 87.85
1571204745, 3, 556, 598, 471, 5, 2.59%, 16, 0, 12, 87.02
1571204802, 3, 556, 599, 472, 5, 2.59%, 16, 0, 12, 90.39
1571204828, 3, 556, 600, 473, 5, 2.59%, 16, 0, 12, 90.17
1571204833, 3, 556, 601, 474, 5, 2.60%, 16, 0, 12, 90.80
1571204853, 3, 556, 602, 475, 5, 2.60%, 16, 0, 12, 91.46
1571204879, 3, 556, 603, 476, 5, 2.60%, 16, 0, 12, 88.70
1571204895, 3, 556, 604, 477, 5, 2.60%, 16, 0, 12, 93.46
1571204926, 3, 563, 604, 476, 5, 2.60%, 16, 0, 12, 87.62
1571204956, 3, 563, 605, 477, 5, 2.61%, 16, 0, 12, 87.06
1571205101, 3, 563, 606, 478, 5, 2.61%, 16, 0, 12, 88.19
1571205126, 3, 570, 606, 477, 4, 2.61%, 16, 0, 12, 89.02
1571205137, 3, 570, 607, 478, 4, 2.61%, 16, 0, 12, 92.22
1571205157, 3, 570, 608, 479, 4, 2.61%, 16, 0, 12, 92.13
1571205209, 3, 570, 610, 481, 4, 2.62%, 16, 0, 12, 85.93
1571205214, 3, 570, 611, 482, 4, 2.62%, 16, 0, 12, 92.57
1571205260, 3, 570, 612, 483, 4, 2.62%, 16, 0, 12, 87.79
1571205271, 3, 570, 613, 484, 4, 2.63%, 16, 0, 12, 97.79
1571205281, 3, 570, 614, 485, 4, 2.63%, 16, 0, 12, 89.31
1571205307, 3, 576, 614, 484, 4, 2.63%, 16, 0, 12, 81.17
1571205368, 3, 576, 615, 485, 4, 2.64%, 16, 0, 12, 116.68
1571205389, 3, 576, 616, 486, 4, 2.64%, 16, 0, 12, 117.75
1571205481, 3, 576, 617, 487, 4, 2.64%, 16, 0, 12, 118.64
1571205548, 3, 576, 619, 489, 4, 2.65%, 16, 0, 12, 118.34
1571205595, 3, 576, 620, 490, 4, 2.65%, 16, 0, 12, 118.53
1571205620, 3, 576, 621, 491, 4, 2.65%, 16, 0, 12, 106.51
1571205631, 3, 576, 622, 492, 4, 2.65%, 16, 0, 12, 117.00
1571205707, 3, 600, 622, 491, 5, 2.65%, 16, 0, 12, 90.09
1571205717, 3, 600, 623, 492, 5, 2.66%, 16, 0, 13, 89.65
1571205810, 3, 600, 624, 493, 5, 2.66%, 16, 0, 13, 92.68
1571205872, 3, 600, 625, 494, 5, 2.66%, 16, 0, 13, 88.41
1571205908, 3, 613, 625, 493, 4, 2.66%, 16, 0, 13, 87.56
1571205933, 3, 613, 626, 494, 4, 2.66%, 16, 0, 13, 92.87
1571205944, 3, 613, 627, 495, 4, 2.66%, 16, 0, 13, 92.70
1571205949, 3, 613, 628, 496, 4, 2.67%, 16, 0, 13, 93.04
1571205979, 3, 613, 630, 498, 4, 2.67%, 16, 0, 13, 89.54
1571205985, 3, 613, 631, 499, 4, 2.67%, 16, 0, 13, 90.03
1571206046, 3, 613, 632, 500, 4, 2.68%, 16, 0, 13, 84.81
1571206087, 3, 614, 632, 499, 3, 2.68%, 16, 0, 13, 78.72
1571206093, 3, 614, 633, 500, 3, 2.68%, 16, 0, 13, 110.06
1571206098, 3, 614, 635, 502, 3, 2.69%, 16, 0, 13, 116.75
1571206148, 3, 614, 636, 503, 3, 2.72%, 16, 0, 13, 117.61
1571206164, 3, 614, 637, 504, 3, 2.72%, 16, 0, 13, 119.28
1571206190, 3, 614, 638, 505, 3, 2.72%, 16, 0, 13, 116.78
1571206220, 3, 614, 639, 506, 3, 2.72%, 16, 0, 13, 117.45
1571206251, 3, 614, 640, 507, 3, 2.73%, 16, 0, 13, 118.98
1571206277, 3, 614, 641, 508, 3, 2.73%, 16, 0, 13, 117.51
1571206318, 3, 614, 642, 509, 3, 2.73%, 16, 0, 13, 118.13
1571206441, 3, 614, 643, 510, 3, 2.73%, 16, 0, 13, 118.59
1571206487, 3, 633, 643, 509, 4, 2.73%, 16, 0, 13, 103.06
1571206518, 3, 633, 644, 510, 4, 2.74%, 16, 0, 14, 117.47
1571206523, 3, 633, 645, 511, 4, 2.74%, 16, 0, 14, 116.88
1571206554, 3, 633, 646, 512, 4, 2.74%, 16, 0, 14, 117.41
1571206661, 3, 633, 647, 513, 4, 2.74%, 16, 0, 14, 118.63
1571206682, 3, 633, 648, 514, 4, 2.75%, 16, 0, 14, 117.41
1571206728, 3, 633, 649, 515, 4, 2.75%, 16, 0, 14, 116.79
1571206821, 3, 633, 650, 516, 4, 2.75%, 16, 0, 14, 117.17
1571206831, 3, 633, 651, 517, 4, 2.75%, 16, 0, 14, 117.63
1571206882, 3, 635, 651, 516, 5, 2.75%, 16, 0, 14, 77.40
1571206887, 3, 635, 652, 517, 5, 2.75%, 17, 0, 14, 108.40
1571206893, 3, 635, 653, 518, 5, 2.75%, 17, 0, 14, 116.60
1571206949, 3, 635, 654, 519, 5, 2.76%, 17, 0, 14, 118.62
1571206960, 3, 635, 655, 520, 5, 2.76%, 17, 0, 14, 118.65
1571206990, 3, 635, 656, 521, 5, 2.76%, 17, 0, 14, 119.36
1571207016, 3, 635, 657, 522, 5, 2.76%, 17, 0, 14, 120.03
1571207026, 3, 635, 658, 523, 5, 2.76%, 17, 0, 14, 119.28
1571207088, 3, 635, 659, 524, 5, 2.77%, 17, 0, 14, 115.62
1571207104, 3, 635, 660, 525, 5, 2.77%, 17, 0, 14, 116.42
1571207119, 3, 635, 661, 526, 5, 2.77%, 17, 0, 14, 117.62
1571207267, 3, 635, 662, 527, 5, 2.77%, 17, 0, 14, 100.33
1571207287, 3, 635, 663, 528, 5, 2.78%, 17, 0, 14, 94.51
1571207318, 3, 646, 663, 527, 6, 2.78%, 17, 0, 14, 79.52
1571207400, 3, 646, 664, 528, 6, 2.78%, 17, 0, 15, 116.97
1571207421, 3, 646, 665, 529, 6, 2.78%, 17, 0, 15, 117.77
1571207431, 3, 646, 666, 530, 6, 2.78%, 17, 0, 15, 117.75
1571207497, 3, 646, 668, 532, 6, 2.78%, 17, 0, 15, 116.19
1571207528, 3, 646, 669, 533, 6, 2.79%, 17, 0, 15, 117.44
1571207559, 3, 646, 670, 534, 6, 2.79%, 17, 0, 15, 115.91
1571207564, 3, 646, 671, 535, 6, 2.79%, 17, 0, 15, 113.50
1571207636, 3, 646, 672, 536, 6, 2.79%, 17, 0, 15, 114.60
1571207723, 3, 648, 672, 535, 5, 2.79%, 17, 0, 15, 94.08
1571207748, 3, 648, 673, 536, 5, 2.79%, 17, 0, 15, 116.43
1571207774, 3, 648, 674, 537, 5, 2.80%, 17, 0, 15, 119.05
1571207891, 3, 648, 675, 538, 5, 2.80%, 17, 0, 15, 108.93
1571208045, 3, 648, 676, 539, 5, 2.80%, 17, 0, 15, 103.82
1571208055, 3, 648, 677, 540, 5, 2.80%, 17, 0, 15, 118.21
1571208065, 3, 648, 678, 541, 5, 2.80%, 17, 0, 15, 117.16
1571208127, 3, 655, 678, 540, 5, 2.80%, 18, 0, 15, 102.92
1571208147, 3, 655, 679, 541, 5, 2.81%, 18, 0, 15, 117.18
1571208167, 3, 655, 680, 542, 5, 2.81%, 18, 0, 15, 114.08
1571208229, 3, 655, 681, 543, 5, 2.81%, 18, 0, 15, 117.51
1571208326, 3, 655, 682, 544, 5, 2.81%, 18, 0, 15, 116.10
1571208383, 3, 655, 683, 545, 5, 2.82%, 18, 0, 15, 117.78
1571208526, 3, 661, 683, 544, 4, 2.82%, 18, 0, 15, 87.74
1571208536, 3, 661, 684, 545, 4, 2.82%, 18, 0, 15, 115.83
1571208541, 3, 661, 685, 546, 4, 2.82%, 18, 0, 15, 110.70
1571208556, 3, 661, 686, 547, 4, 2.82%, 18, 0, 15, 119.48
1571208612, 3, 661, 687, 548, 4, 2.83%, 18, 0, 15, 119.32
1571208628, 3, 661, 688, 549, 4, 2.83%, 18, 0, 15, 110.87
1571208710, 3, 661, 689, 550, 4, 2.83%, 18, 0, 15, 117.19
1571208813, 3, 661, 690, 551, 4, 2.83%, 18, 0, 15, 118.05
1571208885, 3, 661, 691, 552, 4, 2.83%, 18, 0, 15, 118.36
1571208916, 3, 661, 692, 553, 4, 2.84%, 18, 0, 15, 85.09
1571208926, 3, 661, 693, 554, 4, 2.84%, 18, 0, 15, 90.98
1571208983, 3, 675, 693, 553, 4, 2.84%, 18, 0, 15, 89.55
1571209019, 3, 675, 694, 554, 4, 2.84%, 18, 0, 16, 117.62
1571209157, 3, 675, 695, 555, 4, 2.84%, 18, 0, 16, 114.85
1571209208, 3, 675, 696, 556, 4, 2.85%, 18, 0, 16, 119.49
1571209316, 3, 675, 697, 557, 4, 2.85%, 18, 0, 16, 118.05
1571209383, 3, 692, 697, 556, 3, 2.85%, 18, 0, 16, 111.61
1571209388, 3, 692, 698, 557, 3, 2.85%, 18, 0, 16, 116.95
1571209424, 3, 692, 699, 558, 3, 2.85%, 18, 0, 16, 118.96
1571209465, 3, 692, 699, 558, 3, 2.85%, 19, 0, 16, 119.31
1571209511, 3, 692, 700, 559, 3, 2.85%, 19, 0, 16, 118.76
1571209536, 3, 692, 701, 560, 3, 2.86%, 19, 0, 16, 115.32
1571209547, 3, 692, 702, 561, 3, 2.86%, 19, 0, 16, 118.33
1571209588, 3, 692, 703, 562, 3, 2.86%, 19, 0, 16, 116.78
1571209921, 3, 692, 704, 563, 3, 2.86%, 19, 0, 16, 113.57
1571209942, 3, 692, 705, 564, 3, 2.87%, 19, 0, 16, 118.16
1571209988, 3, 692, 706, 565, 3, 2.87%, 19, 0, 16, 118.03
1571210008, 3, 692, 707, 566, 3, 2.87%, 19, 0, 16, 116.78
1571210059, 3, 692, 708, 567, 3, 2.87%, 19, 0, 16, 117.86
1571210080, 3, 692, 710, 569, 3, 2.88%, 19, 0, 16, 118.60
1571210121, 3, 693, 710, 568, 3, 2.88%, 19, 0, 16, 84.93
1571210167, 3, 693, 711, 569, 3, 2.88%, 19, 0, 17, 113.30
1571210192, 3, 693, 712, 570, 3, 2.88%, 19, 0, 17, 107.00
1571210212, 3, 693, 714, 572, 3, 2.89%, 19, 0, 17, 118.88
1571210223, 3, 693, 715, 573, 3, 2.89%, 19, 0, 17, 116.16
1571210253, 3, 693, 717, 575, 3, 2.89%, 19, 0, 17, 111.02
1571210452, 3, 693, 718, 576, 3, 2.89%, 19, 0, 17, 118.02
1571210468, 3, 693, 719, 577, 3, 2.89%, 19, 0, 17, 119.23
1571210524, 3, 700, 719, 576, 3, 2.89%, 19, 0, 17, 86.64
1571210529, 3, 700, 720, 577, 3, 2.90%, 19, 0, 17, 110.82
1571210540, 3, 700, 721, 578, 3, 2.90%, 19, 0, 17, 115.61
1571210545, 3, 700, 722, 579, 3, 2.90%, 19, 0, 17, 118.43
1571210586, 3, 700, 723, 580, 3, 2.90%, 19, 0, 17, 118.01
1571210689, 3, 700, 724, 581, 3, 2.91%, 19, 0, 17, 117.34
1571210740, 3, 700, 725, 582, 3, 2.91%, 19, 0, 17, 118.82
1571210868, 3, 700, 726, 583, 3, 2.91%, 19, 0, 17, 116.93
1571210955, 3, 700, 727, 584, 3, 2.91%, 19, 0, 17, 113.98
1571210986, 3, 700, 728, 585, 3, 2.91%, 19, 0, 17, 117.12
1571211042, 3, 700, 729, 586, 3, 2.92%, 19, 0, 17, 115.20
1571211263, 4, 56, 729, 585, 2, 2.92%, 19, 0, 17, 93.03
1571211299, 4, 176, 729, 584, 2, 2.92%, 19, 0, 17, 96.30
1571211391, 4, 236, 729, 583, 2, 2.92%, 19, 0, 17, 82.19
1571211432, 4, 236, 730, 584, 2, 2.92%, 19, 0, 17, 93.23
1571211514, 4, 236, 731, 585, 2, 2.92%, 19, 0, 17, 93.20
1571211534, 4, 236, 733, 587, 2, 2.93%, 19, 0, 17, 94.64
1571211565, 4, 236, 734, 588, 2, 2.93%, 19, 0, 17, 86.10
1571211576, 4, 244, 734, 587, 2, 2.93%, 19, 0, 17, 87.66
1571211637, 4, 244, 735, 588, 2, 2.93%, 19, 0, 17, 89.59
1571211735, 4, 250, 735, 587, 2, 2.93%, 19, 0, 17, 85.52
1571211905, 4, 273, 735, 586, 2, 2.93%, 19, 0, 17, 85.89
1571211941, 4, 273, 736, 587, 2, 2.93%, 19, 0, 17, 88.29
1571212080, 4, 288, 737, 587, 2, 2.94%, 19, 0, 17, 95.79
1571212208, 4, 288, 738, 588, 2, 2.94%, 19, 0, 17, 102.71
1571212223, 4, 320, 738, 587, 2, 2.94%, 19, 0, 17, 88.06
1571212239, 4, 320, 739, 588, 2, 2.94%, 19, 0, 17, 77.89
1571212362, 4, 320, 740, 589, 2, 2.94%, 19, 0, 17, 88.59
1571212403, 4, 377, 741, 589, 1, 2.96%, 19, 0, 17, 108.12
1571212419, 4, 377, 742, 590, 1, 2.96%, 19, 0, 17, 115.45
1571212604, 4, 404, 742, 589, 1, 2.96%, 19, 0, 17, 88.06
1571212645, 4, 404, 743, 590, 1, 2.96%, 19, 0, 17, 95.48
1571212779, 4, 417, 743, 589, 1, 2.96%, 19, 0, 17, 93.90
1571212794, 4, 417, 744, 590, 1, 2.96%, 19, 0, 17, 87.87
1571212815, 4, 417, 745, 591, 1, 2.96%, 19, 0, 17, 94.50
1571212841, 4, 417, 746, 592, 1, 2.97%, 19, 0, 17, 91.49
1571212892, 4, 417, 747, 593, 1, 2.97%, 19, 0, 17, 90.00
1571212918, 4, 417, 748, 594, 1, 2.97%, 19, 0, 17, 94.47
1571212954, 4, 418, 748, 593, 1, 2.97%, 19, 0, 17, 91.54
1571212985, 4, 418, 750, 595, 1, 2.98%, 19, 0, 17, 87.75
1571213031, 4, 418, 751, 596, 1, 2.98%, 19, 0, 17, 89.70
1571213062, 4, 418, 752, 597, 1, 2.99%, 19, 0, 17, 91.84
1571213067, 4, 418, 753, 598, 1, 2.99%, 19, 0, 17, 88.35
1571213083, 4, 418, 754, 599, 1, 2.99%, 19, 0, 17, 85.63
1571213124, 4, 427, 754, 598, 1, 2.99%, 19, 0, 17, 87.25
1571213191, 4, 427, 755, 599, 1, 2.99%, 19, 0, 17, 90.05
1571213242, 4, 427, 756, 600, 1, 3.00%, 19, 0, 17, 85.98
1571213248, 4, 427, 757, 601, 1, 3.00%, 19, 0, 17, 94.87
1571213253, 4, 427, 758, 602, 1, 3.00%, 19, 0, 17, 90.12
1571213289, 4, 427, 759, 603, 1, 3.00%, 19, 0, 17, 80.44
1571213315, 4, 454, 759, 602, 1, 3.00%, 19, 0, 17, 84.99
1571213485, 4, 454, 760, 603, 1, 3.01%, 19, 0, 17, 91.85
1571213500, 4, 727, 760, 602, 1, 3.01%, 19, 0, 17, 84.48
1571213556, 4, 727, 761, 603, 1, 3.01%, 19, 0, 18, 117.19
1571213566, 4, 727, 762, 604, 1, 3.01%, 19, 0, 18, 117.83
1571213623, 4, 727, 763, 605, 1, 3.01%, 19, 0, 18, 117.99
1571213879, 4, 727, 764, 606, 1, 3.01%, 19, 0, 18, 114.11
1571213884, 4, 727, 765, 607, 1, 3.02%, 19, 0, 18, 118.95
1571213945, 4, 727, 766, 608, 1, 3.02%, 19, 0, 18, 120.06
1571214038, 4, 727, 767, 609, 1, 3.02%, 19, 0, 18, 113.64
1571214125, 4, 727, 768, 610, 1, 3.02%, 19, 0, 18, 118.32
1571214161, 4, 727, 769, 611, 1, 3.02%, 19, 0, 18, 117.79
1571214181, 4, 727, 770, 612, 1, 3.02%, 19, 0, 18, 119.62
1571214186, 4, 727, 771, 613, 1, 3.03%, 19, 0, 18, 119.36
1571214228, 4, 727, 772, 614, 1, 3.03%, 19, 0, 18, 92.02
1571214253, 4, 737, 772, 613, 1, 3.03%, 19, 0, 18, 99.17
1571214406, 4, 738, 772, 612, 0, 3.03%, 19, 0, 18, 88.70
1571214442, 4, 738, 772, 612, 0, 3.03%, 20, 0, 18, 80.66
1571214545, 4, 738, 773, 613, 0, 3.03%, 20, 0, 18, 86.86
1571214586, 4, 741, 773, 612, 0, 3.03%, 20, 0, 18, 98.43
1571214618, 4, 741, 774, 613, 0, 3.03%, 20, 0, 18, 116.62
1571214684, 4, 741, 775, 614, 0, 3.03%, 20, 0, 18, 118.09
1571214699, 4, 741, 776, 615, 0, 3.03%, 20, 0, 18, 117.62
1571214730, 4, 741, 777, 616, 0, 3.04%, 20, 0, 18, 117.09
1571214750, 4, 741, 778, 617, 0, 3.04%, 20, 0, 18, 116.44
1571214807, 4, 742, 778, 616, 0, 3.04%, 20, 0, 18, 87.51
1571214842, 4, 742, 779, 617, 0, 3.04%, 20, 0, 18, 79.51
1571215002, 4, 743, 779, 616, 0, 3.04%, 20, 0, 18, 88.64
1571215012, 4, 743, 780, 617, 0, 3.04%, 20, 0, 18, 86.81
1571215090, 4, 743, 781, 618, 0, 3.05%, 20, 0, 18, 90.41
1571215095, 4, 743, 782, 619, 0, 3.05%, 20, 0, 18, 90.10
1571215115, 4, 743, 783, 620, 0, 3.05%, 20, 0, 18, 87.17
1571215151, 4, 743, 785, 622, 0, 3.06%, 20, 0, 18, 90.77
1571215167, 4, 743, 786, 623, 0, 3.06%, 20, 0, 18, 89.32
1571215187, 4, 743, 787, 624, 0, 3.06%, 20, 0, 18, 87.95
1571215218, 4, 747, 788, 624, 0, 3.06%, 20, 0, 18, 85.72
1571215239, 4, 747, 789, 625, 0, 3.06%, 20, 0, 18, 85.19
1571215254, 4, 747, 790, 626, 0, 3.07%, 20, 0, 18, 86.45
1571215265, 4, 747, 791, 627, 0, 3.07%, 20, 0, 18, 71.84
1571215332, 4, 747, 792, 628, 0, 3.07%, 20, 0, 18, 92.91
1571215347, 4, 747, 793, 629, 0, 3.07%, 20, 0, 18, 91.03
1571215414, 4, 755, 793, 628, 0, 3.07%, 20, 0, 18, 86.24
1571215440, 4, 755, 794, 629, 0, 3.07%, 20, 0, 18, 79.69
1571215445, 4, 755, 795, 630, 0, 3.07%, 20, 0, 18, 73.54
1571215450, 4, 755, 795, 630, 0, 3.07%, 21, 0, 18, 79.49
1571215512, 4, 755, 796, 631, 0, 3.07%, 21, 0, 18, 91.28
1571215568, 4, 755, 797, 632, 0, 3.07%, 21, 0, 18, 86.38
1571215605, 4, 761, 797, 631, 0, 3.07%, 21, 0, 18, 99.36
1571215645, 4, 761, 798, 632, 0, 3.08%, 21, 0, 19, 117.31
1571215846, 4, 761, 799, 633, 0, 3.08%, 21, 0, 19, 118.54
1571216057, 4, 761, 800, 634, 0, 3.08%, 21, 0, 19, 116.99
1571216180, 4, 761, 801, 635, 0, 3.09%, 21, 0, 19, 118.50
1571216354, 4, 765, 801, 634, 0, 3.09%, 21, 0, 19, 87.56
1571216457, 4, 765, 802, 635, 0, 3.09%, 21, 0, 19, 119.38
1571216492, 4, 765, 802, 635, 0, 3.09%, 22, 0, 19, 117.97
1571216513, 4, 765, 803, 636, 0, 3.09%, 22, 0, 19, 117.13
1571216554, 4, 765, 804, 637, 0, 3.09%, 22, 0, 19, 118.20
1571216729, 4, 765, 805, 638, 0, 3.09%, 22, 0, 19, 111.92
1571216745, 4, 765, 806, 639, 0, 3.10%, 22, 0, 19, 117.36
1571216791, 4, 765, 807, 640, 0, 3.10%, 22, 0, 19, 117.88
1571216899, 4, 765, 808, 641, 0, 3.10%, 22, 0, 19, 116.59
1571217058, 4, 765, 809, 642, 0, 3.10%, 22, 0, 19, 118.94
1571217063, 4, 765, 810, 643, 0, 3.10%, 22, 0, 19, 119.87
1571217109, 4, 769, 810, 642, 0, 3.10%, 22, 0, 19, 110.14
1571217120, 4, 769, 811, 643, 0, 3.11%, 22, 0, 19, 117.66
1571217135, 4, 769, 812, 644, 0, 3.11%, 22, 0, 19, 116.16
1571217191, 4, 769, 813, 645, 0, 3.11%, 22, 0, 19, 118.04
1571217401, 4, 769, 814, 646, 0, 3.11%, 22, 0, 19, 115.15
1571217442, 4, 769, 815, 647, 0, 3.11%, 22, 0, 19, 117.26
1571217458, 4, 769, 816, 648, 0, 3.12%, 22, 0, 19, 115.53
1571217504, 4, 769, 817, 649, 0, 3.12%, 22, 0, 19, 116.92
1571217663, 4, 769, 818, 650, 0, 3.12%, 22, 0, 19, 117.30
1571217745, 4, 769, 819, 651, 0, 3.12%, 22, 0, 19, 118.43
1571217858, 4, 778, 819, 650, 0, 3.12%, 22, 0, 19, 87.64
1571217930, 4, 778, 820, 651, 0, 3.13%, 22, 0, 19, 90.18
1571218049, 4, 785, 821, 651, 0, 3.13%, 22, 0, 19, 105.28
1571218054, 4, 785, 822, 652, 0, 3.13%, 22, 0, 19, 112.41
1571218059, 4, 785, 823, 653, 0, 3.13%, 22, 0, 19, 109.67
1571218084, 4, 785, 825, 655, 0, 3.13%, 22, 0, 19, 118.01
1571218125, 4, 785, 826, 656, 0, 3.13%, 22, 0, 19, 114.63
1571218150, 4, 785, 827, 657, 0, 3.13%, 22, 0, 19, 116.14
1571218181, 4, 785, 828, 658, 0, 3.14%, 22, 0, 19, 102.01
1571218237, 4, 819, 828, 657, 2, 3.14%, 22, 0, 19, 106.34
1571218242, 4, 819, 829, 658, 2, 3.14%, 22, 0, 19, 111.18
1571218293, 4, 819, 830, 659, 2, 3.14%, 22, 0, 19, 114.28
1571218390, 4, 822, 830, 658, 3, 3.14%, 22, 0, 19, 99.49
1571218416, 4, 822, 831, 659, 3, 3.14%, 22, 0, 19, 116.75
1571218432, 4, 822, 832, 660, 3, 3.14%, 22, 0, 19, 117.28
1571218447, 4, 822, 833, 661, 3, 3.15%, 22, 0, 19, 109.62
1571218554, 4, 824, 833, 660, 4, 3.15%, 22, 0, 19, 104.58
1571218610, 4, 824, 834, 661, 4, 3.15%, 22, 0, 19, 115.61
1571218661, 4, 824, 835, 662, 4, 3.15%, 22, 0, 19, 114.76
1571218713, 4, 829, 835, 661, 3, 3.15%, 22, 0, 19, 108.99
1571218728, 4, 829, 836, 662, 3, 3.16%, 22, 0, 19, 115.70
1571218749, 4, 829, 837, 663, 3, 3.16%, 22, 0, 19, 117.69
1571218876, 4, 831, 837, 662, 2, 3.16%, 22, 0, 19, 105.94
1571218881, 4, 831, 838, 663, 2, 3.16%, 22, 0, 19, 111.99
1571218968, 4, 831, 839, 664, 2, 3.16%, 22, 0, 19, 114.00
1571218988, 4, 831, 840, 665, 2, 3.16%, 22, 0, 19, 113.02
1571219044, 4, 832, 840, 664, 2, 3.16%, 22, 0, 19, 104.49
1571219060, 4, 832, 841, 665, 2, 3.16%, 22, 0, 19, 111.34
1571219111, 4, 832, 842, 666, 2, 3.17%, 22, 0, 19, 117.81
1571219161, 4, 832, 843, 667, 2, 3.17%, 22, 0, 19, 108.47
1571219167, 4, 832, 844, 668, 2, 3.17%, 22, 0, 19, 114.57
1571219213, 4, 837, 844, 667, 1, 3.17%, 22, 0, 19, 107.24
1571219248, 4, 837, 845, 668, 1, 3.17%, 22, 0, 19, 111.29
1571219269, 4, 837, 846, 669, 1, 3.17%, 22, 0, 19, 109.83
1571219294, 4, 837, 847, 670, 1, 3.17%, 22, 0, 19, 99.92
1571219381, 4, 841, 847, 669, 0, 3.17%, 22, 0, 19, 97.14
1571219412, 4, 841, 847, 669, 0, 3.17%, 23, 0, 19, 112.13
1571219448, 4, 841, 848, 670, 0, 3.18%, 23, 0, 19, 118.18
1571219458, 4, 841, 849, 671, 0, 3.18%, 23, 0, 19, 114.82
1571219468, 4, 841, 850, 672, 0, 3.18%, 23, 0, 19, 117.64
1571219473, 4, 841, 851, 673, 0, 3.18%, 23, 0, 19, 113.79
1571219499, 4, 841, 852, 674, 0, 3.18%, 23, 0, 19, 108.02
1571219519, 4, 841, 853, 675, 0, 3.18%, 23, 0, 19, 95.47
1571219586, 4, 847, 853, 674, 1, 3.18%, 23, 0, 19, 103.90
1571219591, 4, 847, 854, 675, 1, 3.19%, 23, 0, 19, 111.13
1571219611, 4, 847, 855, 676, 1, 3.19%, 23, 0, 19, 113.32
1571219642, 4, 847, 856, 677, 1, 3.19%, 23, 0, 19, 112.90
1571219657, 4, 847, 857, 678, 1, 3.19%, 23, 0, 19, 116.18
1571219677, 4, 847, 858, 679, 1, 3.20%, 23, 0, 19, 108.94
1571219698, 4, 847, 859, 680, 1, 3.20%, 23, 0, 19, 114.66
1571219708, 4, 847, 860, 681, 1, 3.20%, 23, 0, 19, 107.51
1571219729, 4, 847, 860, 681, 1, 3.20%, 24, 0, 19, 90.07
1571219754, 4, 858, 860, 680, 1, 3.20%, 24, 0, 19, 91.70
1571219790, 4, 858, 861, 681, 1, 3.20%, 24, 0, 19, 117.37
1571219918, 5, 8, 861, 680, 0, 3.20%, 24, 0, 19, 86.18
1571219944, 5, 15, 861, 679, 0, 3.20%, 24, 0, 19, 62.17
1571219964, 5, 27, 861, 678, 0, 3.20%, 24, 0, 19, 64.45
1571219985, 5, 28, 861, 677, 0, 3.20%, 24, 0, 19, 72.15
1571219990, 5, 30, 861, 677, 0, 3.20%, 24, 0, 19, 89.57
1571220010, 5, 39, 861, 676, 0, 3.20%, 24, 0, 19, 67.85
1571220015, 5, 50, 861, 675, 0, 3.20%, 24, 0, 19, 72.46
1571220036, 5, 61, 861, 674, 0, 3.20%, 24, 0, 19, 80.06
1571220062, 5, 62, 861, 673, 0, 3.20%, 24, 0, 19, 84.76
1571220082, 5, 63, 861, 672, 0, 3.20%, 24, 0, 19, 64.89
1571220123, 5, 75, 861, 671, 0, 3.20%, 24, 0, 19, 86.37
1571220205, 5, 82, 861, 670, 0, 3.20%, 24, 0, 19, 88.11
1571220292, 5, 86, 861, 669, 0, 3.20%, 24, 0, 19, 86.97
1571220297, 5, 88, 861, 669, 0, 3.20%, 24, 0, 19, 70.17
1571220318, 5, 94, 861, 668, 0, 3.20%, 24, 0, 19, 80.17
1571220323, 5, 102, 861, 668, 0, 3.20%, 24, 0, 19, 88.60
1571220369, 5, 117, 861, 667, 0, 3.20%, 24, 0, 19, 90.96
1571220456, 5, 119, 861, 666, 0, 3.20%, 24, 0, 19, 92.79
1571220492, 5, 119, 862, 667, 0, 3.20%, 24, 0, 19, 93.67
1571220512, 5, 119, 863, 668, 0, 3.20%, 24, 0, 19, 94.22
1571220543, 5, 127, 863, 667, 0, 3.20%, 24, 0, 19, 71.43
1571220569, 5, 131, 863, 666, 0, 3.20%, 24, 0, 19, 82.12
1571220610, 5, 132, 863, 665, 0, 3.20%, 24, 0, 19, 102.78
1571220646, 5, 134, 863, 664, 0, 3.20%, 24, 0, 19, 69.30
1571220717, 5, 137, 863, 663, 0, 3.20%, 24, 0, 19, 89.96
1571220753, 5, 139, 863, 662, 0, 3.20%, 24, 0, 19, 92.62
1571220758, 5, 144, 863, 662, 0, 3.20%, 24, 0, 19, 62.05
1571220809, 5, 158, 863, 661, 0, 3.20%, 24, 0, 19, 76.24
1571220814, 5, 164, 863, 661, 0, 3.20%, 24, 0, 19, 97.24
1571220855, 5, 167, 863, 660, 0, 3.20%, 24, 0, 19, 72.96
1571220921, 5, 170, 863, 659, 0, 3.20%, 24, 0, 19, 85.95
1571221014, 5, 172, 863, 658, 0, 3.20%, 24, 0, 19, 91.56
1571221106, 5, 185, 863, 657, 0, 3.20%, 24, 0, 19, 90.17
1571221198, 5, 192, 863, 656, 0, 3.20%, 24, 0, 19, 90.04
1571221214, 5, 192, 864, 657, 0, 3.21%, 24, 0, 19, 94.68
1571221290, 5, 194, 864, 656, 0, 3.21%, 24, 0, 19, 87.99
1571221383, 5, 195, 864, 655, 0, 3.21%, 24, 0, 19, 87.41
1571221475, 5, 196, 864, 654, 0, 3.21%, 24, 0, 19, 87.34
1571221567, 5, 198, 864, 653, 0, 3.21%, 24, 0, 19, 91.13
1571221603, 5, 198, 865, 654, 0, 3.21%, 24, 0, 19, 92.63
1571221613, 5, 204, 865, 653, 0, 3.21%, 24, 0, 19, 91.78
1571221660, 5, 204, 866, 654, 0, 3.21%, 24, 0, 19, 94.50
1571221706, 5, 206, 866, 653, 0, 3.21%, 24, 0, 19, 89.04
1571221721, 5, 206, 867, 654, 0, 3.21%, 24, 0, 19, 93.52
1571221793, 5, 210, 867, 653, 0, 3.21%, 24, 0, 19, 85.03
1571221845, 5, 217, 867, 652, 0, 3.21%, 24, 0, 19, 90.70
1571221886, 5, 217, 868, 653, 0, 3.21%, 24, 0, 19, 97.82
1571221937, 5, 219, 868, 652, 0, 3.21%, 24, 0, 19, 91.93
1571221988, 5, 219, 869, 653, 0, 3.22%, 24, 0, 19, 93.34
1571222024, 5, 223, 869, 652, 0, 3.22%, 24, 0, 19, 81.71
1571222029, 5, 228, 869, 652, 0, 3.22%, 24, 0, 19, 89.73
1571222096, 5, 228, 870, 653, 0, 3.22%, 24, 0, 19, 95.54
1571222132, 5, 228, 871, 654, 0, 3.22%, 24, 0, 19, 95.29
1571222219, 5, 242, 871, 653, 0, 3.22%, 24, 0, 19, 86.33
1571222374, 5, 242, 873, 655, 0, 3.22%, 24, 0, 19, 91.10
1571222400, 5, 243, 874, 655, 0, 3.22%, 24, 0, 19, 85.85
1571222574, 5, 245, 874, 654, 0, 3.22%, 24, 0, 19, 80.23
1571222718, 5, 245, 875, 655, 0, 3.23%, 24, 0, 19, 88.33
1571222749, 5, 251, 875, 654, 0, 3.23%, 24, 0, 19, 105.88
1571222882, 5, 253, 875, 653, 0, 3.23%, 24, 0, 19, 85.69
1571223196, 5, 263, 875, 652, 0, 3.23%, 24, 0, 19, 85.47
1571223201, 5, 263, 876, 653, 0, 3.23%, 24, 0, 19, 87.44
1571223222, 5, 263, 877, 654, 0, 3.23%, 24, 0, 19, 91.29
1571223361, 5, 267, 877, 653, 0, 3.23%, 24, 0, 19, 90.15
1571223504, 5, 268, 877, 652, 0, 3.23%, 24, 0, 19, 106.15
1571223642, 5, 272, 877, 651, 0, 3.23%, 24, 0, 19, 92.80
1571223678, 5, 272, 878, 652, 0, 3.23%, 24, 0, 19, 94.96
1571223806, 5, 280, 878, 651, 0, 3.23%, 24, 0, 19, 87.30
1571223878, 5, 280, 879, 652, 0, 3.23%, 24, 0, 19, 89.48
1571223981, 5, 285, 879, 651, 0, 3.23%, 24, 0, 19, 102.38
1571224017, 5, 285, 880, 652, 0, 3.24%, 24, 0, 19, 117.60
1571224083, 5, 285, 881, 653, 0, 3.24%, 24, 0, 19, 102.76
1571224119, 5, 286, 881, 652, 0, 3.24%, 24, 0, 19, 90.88
1571224262, 5, 288, 881, 651, 0, 3.24%, 24, 0, 19, 90.50
1571224267, 5, 290, 881, 651, 0, 3.24%, 24, 0, 19, 89.48
1571224288, 5, 290, 882, 652, 0, 3.24%, 24, 0, 19, 74.08
1571224416, 5, 290, 883, 653, 0, 3.24%, 24, 0, 19, 92.15
1571224442, 5, 296, 883, 652, 0, 3.24%, 24, 0, 19, 87.30
1571224447, 5, 301, 883, 652, 0, 3.24%, 24, 0, 19, 84.92
1571224617, 5, 303, 883, 651, 0, 3.24%, 24, 0, 19, 86.60
1571224787, 5, 304, 883, 650, 0, 3.24%, 24, 0, 19, 89.11
1571224792, 5, 305, 883, 650, 0, 3.24%, 24, 0, 19, 89.28
1571224962, 5, 311, 883, 649, 0, 3.24%, 24, 0, 19, 88.37
1571224998, 5, 313, 884, 649, 0, 3.25%, 24, 0, 19, 104.94
1571225075, 5, 313, 885, 650, 0, 3.25%, 24, 0, 19, 117.48
1571225136, 5, 328, 885, 649, 1, 3.25%, 24, 0, 19, 87.49
1571225259, 5, 328, 886, 650, 1, 3.25%, 24, 0, 19, 92.85
1571225280, 5, 328, 887, 651, 1, 3.25%, 24, 0, 19, 90.45
1571225311, 5, 500, 887, 650, 1, 3.25%, 24, 0, 19, 89.15
1571225481, 5, 787, 887, 649, 1, 3.25%, 24, 0, 19, 90.35
1571225502, 5, 787, 888, 650, 1, 3.25%, 24, 0, 19, 83.60
1571225527, 5, 787, 889, 651, 1, 3.25%, 24, 0, 19, 90.91
1571225533, 5, 787, 890, 652, 1, 3.26%, 24, 0, 19, 88.34
1571225548, 5, 787, 891, 653, 1, 3.26%, 24, 0, 19, 90.60
1571225615, 5, 787, 892, 654, 1, 3.26%, 24, 0, 19, 91.23
1571225677, 5, 883, 892, 653, 1, 3.26%, 24, 0, 19, 87.75
1571225830, 5, 885, 892, 652, 0, 3.26%, 24, 0, 19, 87.76
1571225980, 5, 885, 893, 653, 0, 3.27%, 24, 0, 19, 99.00
1571226016, 5, 887, 893, 652, 0, 3.27%, 24, 0, 19, 91.13
1571226026, 5, 887, 894, 653, 0, 3.27%, 24, 0, 19, 79.65
1571226057, 5, 887, 895, 654, 0, 3.27%, 24, 0, 19, 89.51
1571226201, 5, 890, 895, 653, 0, 3.27%, 24, 0, 19, 86.88
1571226232, 5, 890, 896, 654, 0, 3.27%, 24, 0, 19, 86.41
1571226242, 5, 890, 897, 655, 0, 3.28%, 24, 0, 19, 95.60
1571226304, 5, 890, 898, 656, 0, 3.28%, 24, 0, 19, 93.90
1571226386, 5, 891, 898, 655, 0, 3.28%, 24, 0, 19, 87.91
1571226437, 5, 891, 899, 656, 0, 3.28%, 24, 0, 19, 87.61
1571226453, 5, 891, 900, 657, 0, 3.29%, 24, 0, 19, 91.67
1571226468, 5, 891, 901, 658, 0, 3.29%, 24, 0, 19, 92.02
1571226484, 5, 891, 902, 659, 0, 3.29%, 24, 0, 19, 89.84
1571226525, 5, 891, 903, 660, 0, 3.29%, 24, 0, 19, 91.24
1571226571, 5, 899, 903, 659, 0, 3.29%, 24, 0, 19, 84.58
1571226602, 5, 899, 904, 660, 0, 3.29%, 24, 0, 19, 86.79
1571226705, 5, 899, 905, 661, 0, 3.29%, 24, 0, 19, 90.27
1571226767, 5, 901, 905, 660, 0, 3.29%, 24, 0, 19, 82.75
1571226819, 5, 901, 906, 661, 0, 3.29%, 24, 0, 19, 88.47
1571226855, 5, 901, 907, 662, 0, 3.30%, 24, 0, 19, 91.30
1571226963, 5, 902, 907, 661, 0, 3.30%, 24, 0, 19, 83.82
1571226994, 5, 902, 908, 662, 0, 3.30%, 24, 0, 19, 92.24
1571227153, 5, 904, 908, 661, 0, 3.30%, 24, 0, 19, 84.23
1571227158, 5, 904, 909, 662, 0, 3.30%, 24, 0, 19, 88.90
1571227215, 5, 904, 910, 663, 0, 3.30%, 24, 0, 19, 88.69
1571227251, 5, 904, 911, 664, 0, 3.31%, 24, 0, 19, 90.98
1571227308, 5, 904, 912, 665, 0, 3.31%, 24, 0, 19, 90.80
1571227344, 5, 905, 912, 664, 0, 3.31%, 24, 0, 19, 88.49
1571227493, 5, 905, 913, 665, 0, 3.31%, 24, 0, 19, 88.79
1571227539, 5, 910, 913, 664, 0, 3.31%, 24, 0, 19, 85.21
1571227611, 5, 910, 914, 665, 0, 3.31%, 24, 0, 19, 87.01
1571227730, 5, 911, 914, 664, 0, 3.31%, 24, 0, 19, 85.04
1571227864, 5, 911, 915, 665, 0, 3.31%, 24, 0, 19, 89.48
1571227920, 6, 33, 915, 664, 0, 3.31%, 24, 0, 19, 75.31
1571227966, 6, 37, 915, 663, 0, 3.31%, 24, 0, 19, 69.98
1571227981, 6, 40, 916, 663, 0, 3.31%, 24, 0, 19, 93.79
1571227987, 6, 53, 916, 662, 0, 3.31%, 24, 0, 19, 92.72
1571227992, 6, 57, 917, 662, 0, 3.32%, 24, 0, 19, 91.81
1571228033, 6, 79, 917, 661, 0, 3.32%, 24, 0, 19, 90.17
1571228120, 6, 92, 917, 660, 0, 3.32%, 24, 0, 19, 78.26
1571228166, 6, 95, 917, 659, 0, 3.32%, 24, 0, 19, 79.95
1571228176, 6, 98, 917, 658, 0, 3.32%, 24, 0, 19, 73.51
1571228192, 6, 99, 917, 657, 0, 3.32%, 24, 0, 19, 81.44
1571228197, 6, 108, 917, 656, 0, 3.32%, 24, 0, 19, 87.57
1571228222, 6, 114, 917, 655, 0, 3.32%, 24, 0, 19, 89.89
1571228274, 6, 114, 918, 656, 0, 3.32%, 24, 0, 19, 94.82
1571228315, 6, 121, 918, 655, 0, 3.32%, 24, 0, 19, 89.53
1571228402, 6, 136, 918, 654, 0, 3.32%, 24, 0, 19, 90.22
1571228443, 6, 147, 918, 653, 0, 3.32%, 24, 0, 19, 88.58
1571228448, 6, 159, 918, 653, 0, 3.32%, 24, 0, 19, 89.16
1571228540, 6, 163, 918, 652, 0, 3.32%, 24, 0, 19, 98.07
1571228581, 6, 165, 918, 651, 0, 3.32%, 24, 0, 19, 84.59
1571228647, 6, 178, 918, 650, 0, 3.32%, 24, 0, 19, 78.87
1571228740, 6, 181, 918, 649, 0, 3.32%, 24, 0, 19, 85.04
1571228832, 6, 183, 918, 648, 0, 3.32%, 24, 0, 19, 89.36
1571228868, 6, 183, 919, 649, 0, 3.32%, 24, 0, 19, 95.37
1571228899, 6, 183, 920, 650, 0, 3.32%, 24, 0, 19, 92.79
1571228924, 6, 184, 920, 649, 0, 3.32%, 24, 0, 19, 91.35
1571229011, 6, 202, 920, 648, 0, 3.32%, 24, 0, 19, 84.56
1571229104, 6, 205, 920, 647, 0, 3.32%, 24, 0, 19, 82.41
1571229196, 6, 212, 920, 646, 0, 3.32%, 24, 0, 19, 84.66
1571229242, 6, 213, 920, 645, 0, 3.32%, 24, 0, 19, 84.70
1571229278, 6, 214, 920, 644, 0, 3.32%, 24, 0, 19, 89.52
1571229371, 6, 218, 920, 643, 0, 3.32%, 24, 0, 19, 88.93
1571229463, 6, 220, 920, 642, 0, 3.32%, 24, 0, 19, 99.11
1571229540, 6, 229, 920, 641, 0, 3.32%, 24, 0, 19, 87.12
1571229546, 6, 229, 921, 642, 0, 3.32%, 24, 0, 19, 92.45
1571229735, 6, 230, 921, 641, 0, 3.32%, 24, 0, 19, 91.00
1571229771, 6, 230, 922, 642, 0, 3.33%, 24, 0, 19, 110.29
1571229878, 6, 232, 922, 641, 0, 3.33%, 24, 0, 19, 87.27
1571230047, 6, 235, 922, 640, 0, 3.33%, 24, 0, 19, 85.96
1571230217, 6, 239, 922, 639, 0, 3.33%, 24, 0, 19, 106.34
1571230268, 6, 239, 923, 640, 0, 3.33%, 24, 0, 19, 116.33
1571230350, 6, 246, 923, 639, 0, 3.33%, 24, 0, 19, 93.35
1571230520, 6, 254, 923, 638, 0, 3.33%, 24, 0, 19, 87.45
1571230536, 6, 254, 924, 639, 0, 3.33%, 24, 0, 19, 92.28
1571230690, 6, 259, 924, 638, 0, 3.33%, 24, 0, 19, 86.28
1571230860, 6, 269, 924, 637, 0, 3.33%, 24, 0, 19, 101.27
1571230998, 6, 270, 924, 636, 0, 3.33%, 24, 0, 19, 102.35
1571231136, 6, 288, 924, 635, 0, 3.33%, 24, 0, 19, 91.50
1571231141, 6, 292, 924, 635, 0, 3.33%, 24, 0, 19, 89.00
1571231146, 6, 298, 924, 635, 0, 3.33%, 24, 0, 19, 84.50
1571231198, 6, 298, 925, 636, 0, 3.34%, 24, 0, 19, 91.06
1571231223, 6, 298, 926, 637, 0, 3.34%, 24, 0, 19, 94.20
1571231264, 6, 298, 927, 638, 0, 3.34%, 24, 0, 19, 98.65
1571231316, 6, 304, 927, 637, 0, 3.34%, 24, 0, 19, 90.33
1571231321, 6, 309, 927, 637, 0, 3.34%, 24, 0, 19, 92.78
1571231537, 6, 318, 927, 636, 0, 3.34%, 24, 0, 19, 101.66
1571231646, 6, 318, 928, 637, 0, 3.34%, 24, 0, 19, 118.77
1571231676, 6, 321, 928, 636, 0, 3.34%, 24, 0, 19, 88.94
1571231681, 6, 323, 928, 636, 0, 3.34%, 24, 0, 19, 87.25
1571231687, 6, 324, 928, 636, 0, 3.34%, 24, 0, 19, 89.81
1571231790, 6, 324, 929, 637, 0, 3.34%, 24, 0, 19, 92.07
1571231856, 6, 325, 929, 636, 0, 3.34%, 24, 0, 19, 89.04
1571231862, 6, 329, 929, 636, 0, 3.34%, 24, 0, 19, 92.22
1571232032, 6, 344, 929, 635, 0, 3.34%, 24, 0, 19, 86.32
1571232037, 6, 350, 929, 635, 0, 3.34%, 24, 0, 19, 106.21
1571232231, 6, 352, 929, 634, 0, 3.34%, 24, 0, 19, 88.80
1571232401, 6, 361, 929, 633, 0, 3.34%, 24, 0, 19, 86.74
1571232566, 6, 364, 929, 632, 0, 3.34%, 24, 0, 19, 86.49
1571232741, 6, 367, 929, 631, 0, 3.34%, 24, 0, 19, 89.60
1571232746, 6, 371, 929, 631, 0, 3.34%, 24, 0, 19, 90.86
1571232797, 6, 371, 930, 632, 0, 3.35%, 24, 0, 19, 86.85
1571232833, 6, 371, 932, 634, 0, 3.35%, 24, 0, 19, 90.09
1571232926, 6, 376, 932, 633, 1, 3.35%, 24, 0, 19, 86.08
1571233101, 6, 519, 932, 632, 1, 3.35%, 24, 0, 19, 84.65
1571233163, 6, 519, 933, 633, 1, 3.35%, 24, 0, 19, 85.91
1571233184, 6, 519, 934, 634, 1, 3.35%, 24, 0, 19, 90.48
1571233271, 6, 650, 934, 633, 1, 3.35%, 24, 0, 19, 83.49
1571233379, 6, 650, 935, 634, 1, 3.36%, 24, 0, 19, 117.09
1571233640, 6, 650, 936, 635, 1, 3.36%, 24, 0, 19, 118.40
1571233671, 6, 740, 936, 634, 2, 3.36%, 24, 0, 19, 95.28
1571233676, 6, 740, 938, 636, 2, 3.36%, 24, 0, 19, 114.31
1571233681, 6, 740, 939, 637, 2, 3.37%, 24, 0, 19, 116.55
1571233696, 6, 740, 940, 638, 2, 3.37%, 24, 0, 19, 115.61
1571233722, 6, 740, 940, 638, 2, 3.37%, 25, 0, 19, 117.53
1571233732, 6, 740, 941, 639, 2, 3.37%, 25, 0, 19, 120.25
1571233752, 6, 740, 942, 640, 2, 3.37%, 25, 0, 19, 117.10
1571233778, 6, 740, 943, 641, 2, 3.37%, 25, 0, 19, 113.47
1571233788, 6, 740, 944, 642, 2, 3.37%, 25, 0, 19, 117.08
1571233854, 6, 740, 945, 643, 2, 3.37%, 25, 0, 19, 118.30
1571233890, 6, 760, 945, 642, 3, 3.37%, 25, 0, 19, 93.23
1571233911, 6, 760, 947, 644, 3, 3.38%, 25, 0, 19, 115.60
1571233998, 6, 760, 948, 645, 3, 3.38%, 25, 0, 19, 116.76
1571234398, 6, 760, 949, 646, 3, 3.38%, 25, 0, 19, 111.11
1571234645, 6, 931, 949, 645, 3, 3.38%, 25, 0, 19, 84.04
1571234722, 6, 931, 950, 646, 3, 3.38%, 25, 0, 19, 86.48
1571234727, 6, 931, 951, 647, 3, 3.39%, 25, 0, 19, 87.52
1571234737, 6, 931, 952, 648, 3, 3.39%, 25, 0, 19, 91.17
1571234840, 6, 934, 952, 647, 2, 3.39%, 25, 0, 19, 79.56
1571235071, 6, 934, 953, 648, 2, 3.39%, 25, 0, 19, 117.56
1571235260, 6, 941, 953, 647, 1, 3.39%, 25, 0, 19, 105.71
1571235265, 6, 941, 954, 648, 1, 3.39%, 25, 0, 19, 115.08
1571235276, 6, 941, 955, 649, 1, 3.40%, 25, 0, 19, 117.02
1571235296, 6, 941, 956, 650, 1, 3.40%, 25, 0, 19, 115.50
1571235311, 6, 941, 957, 651, 1, 3.40%, 25, 0, 19, 115.17
1571235352, 6, 941, 958, 652, 1, 3.42%, 25, 0, 19, 113.34
1571235413, 6, 941, 959, 653, 1, 3.43%, 25, 0, 19, 116.22
1571235449, 6, 941, 961, 655, 1, 3.44%, 25, 0, 19, 117.57
1571235490, 6, 954, 961, 654, 1, 3.44%, 25, 0, 19, 95.85
1571235541, 6, 954, 961, 654, 1, 3.44%, 26, 0, 19, 117.49
1571235561, 6, 954, 962, 655, 1, 3.44%, 26, 0, 19, 116.30
1571235597, 6, 954, 963, 656, 1, 3.44%, 26, 0, 19, 116.14
1571235668, 6, 954, 964, 657, 1, 3.44%, 26, 0, 19, 114.58
1571235684, 6, 954, 965, 658, 1, 3.44%, 26, 0, 19, 116.48
1571235720, 6, 955, 965, 657, 0, 3.44%, 26, 0, 19, 95.03
1571235771, 6, 955, 965, 657, 0, 3.44%, 27, 0, 19, 117.45
1571235874, 6, 955, 966, 658, 0, 3.45%, 27, 0, 19, 116.09
1571235879, 6, 955, 967, 659, 0, 3.45%, 27, 0, 19, 101.87
1571235884, 6, 955, 968, 660, 0, 3.45%, 27, 0, 19, 112.21
1571235919, 6, 955, 969, 661, 0, 3.45%, 27, 0, 19, 97.51
1571235986, 6, 957, 969, 660, 0, 3.45%, 27, 0, 19, 99.68
1571235991, 6, 957, 970, 661, 0, 3.45%, 27, 0, 19, 114.55
1571235996, 6, 957, 972, 663, 0, 3.46%, 27, 0, 19, 116.13
1571236017, 6, 957, 973, 664, 0, 3.46%, 27, 0, 19, 116.43
1571236027, 6, 957, 974, 665, 0, 3.46%, 27, 0, 19, 115.78
1571236037, 6, 957, 976, 667, 0, 3.47%, 28, 0, 19, 112.73
1571236042, 6, 957, 977, 668, 0, 3.47%, 28, 0, 19, 114.97
1571236062, 6, 957, 978, 669, 0, 3.47%, 28, 0, 19, 116.55
1571236103, 6, 957, 979, 670, 0, 3.47%, 28, 0, 19, 117.09
1571236119, 6, 957, 980, 671, 0, 3.47%, 28, 0, 19, 116.10
1571236150, 6, 957, 981, 672, 0, 3.48%, 28, 0, 19, 112.57
1571236185, 6, 957, 982, 673, 0, 3.48%, 28, 0, 19, 100.77
1571236221, 6, 971, 982, 672, 2, 3.48%, 28, 0, 19, 107.58
1571236273, 6, 971, 983, 673, 2, 3.48%, 28, 0, 19, 117.07
1571236324, 6, 971, 984, 674, 2, 3.48%, 28, 0, 19, 116.12
1571236354, 6, 971, 986, 676, 2, 3.49%, 28, 0, 19, 109.76
1571236452, 6, 973, 986, 675, 1, 3.49%, 28, 0, 19, 103.58
1571236457, 6, 973, 988, 677, 1, 3.49%, 28, 0, 19, 114.27
1571236498, 6, 973, 988, 677, 1, 3.49%, 29, 0, 19, 114.56
1571236610, 6, 973, 989, 678, 1, 3.49%, 29, 0, 19, 116.33
1571236626, 6, 973, 990, 679, 1, 3.49%, 29, 0, 19, 119.02
1571236641, 6, 973, 991, 680, 1, 3.49%, 29, 0, 19, 113.59
1571236656, 6, 973, 992, 681, 1, 3.49%, 29, 0, 19, 93.43
1571236713, 6, 985, 992, 680, 1, 3.49%, 29, 0, 19, 103.18
1571236718, 6, 985, 994, 682, 1, 3.50%, 29, 0, 19, 111.73
1571236723, 6, 985, 995, 683, 1, 3.50%, 29, 0, 19, 116.09
1571236764, 6, 985, 995, 683, 1, 3.50%, 30, 0, 19, 116.34
1571236795, 6, 985, 996, 684, 1, 3.50%, 30, 0, 19, 116.22
1571236846, 6, 985, 997, 685, 1, 3.50%, 30, 0, 19, 115.52
1571236876, 6, 985, 998, 686, 1, 3.51%, 30, 0, 19, 113.85
1571236943, 6, 991, 998, 685, 1, 3.51%, 30, 0, 19, 99.58
1571236969, 6, 991, 999, 686, 1, 3.51%, 30, 0, 19, 116.32
1571237056, 6, 991, 1000, 687, 1, 3.51%, 30, 0, 19, 118.13
1571237153, 6, 991, 1001, 688, 1, 3.51%, 30, 0, 19, 116.87
1571237184, 6, 991, 1002, 689, 1, 3.51%, 30, 0, 19, 117.32
1571237200, 6, 991, 1003, 690, 1, 3.51%, 30, 0, 19, 113.94
1571237266, 6, 994, 1003, 689, 0, 3.51%, 30, 0, 19, 110.06
1571237272, 6, 994, 1004, 690, 0, 3.51%, 30, 0, 19, 112.31
1571237323, 6, 994, 1005, 691, 0, 3.52%, 30, 0, 19, 117.89
1571237415, 6, 994, 1006, 692, 0, 3.52%, 30, 0, 19, 115.85
1571237482, 6, 994, 1006, 692, 0, 3.52%, 31, 0, 19, 91.79
1571237497, 6, 995, 1006, 691, 0, 3.52%, 31, 0, 19, 109.58
1571237512, 6, 995, 1007, 692, 0, 3.52%, 31, 0, 19, 114.19
1571237528, 6, 995, 1008, 693, 0, 3.52%, 31, 0, 19, 116.68
1571237564, 6, 995, 1009, 694, 0, 3.53%, 31, 0, 19, 117.01
1571237610, 6, 995, 1010, 695, 0, 3.53%, 31, 0, 19, 116.42
1571237615, 6, 995, 1011, 696, 0, 3.53%, 31, 0, 19, 114.63
1571237661, 6, 995, 1012, 697, 0, 3.53%, 31, 0, 19, 116.31
1571237671, 6, 995, 1013, 698, 0, 3.53%, 31, 0, 19, 116.78
1571237728, 6, 1009, 1013, 697, 1, 3.53%, 31, 0, 19, 107.59
1571237784, 6, 1009, 1014, 698, 1, 3.54%, 31, 0, 19, 117.12
1571237820, 6, 1009, 1015, 699, 1, 3.54%, 31, 0, 19, 116.88
1571237845, 6, 1009, 1016, 700, 1, 3.54%, 31, 0, 19, 115.68
1571237958, 6, 1011, 1016, 699, 0, 3.54%, 31, 0, 19, 108.70
1571237984, 6, 1011, 1017, 700, 0, 3.54%, 31, 0, 19, 114.89
1571238004, 6, 1011, 1018, 701, 0, 3.54%, 31, 0, 19, 113.53
1571238188, 6, 1012, 1018, 700, 0, 3.54%, 31, 0, 19, 108.58
1571238244, 6, 1012, 1020, 702, 0, 3.55%, 31, 0, 19, 115.61
1571238418, 6, 1014, 1021, 702, 0, 3.55%, 31, 0, 19, 107.27
1571238465, 6, 1014, 1022, 703, 0, 3.55%, 31, 0, 19, 115.24
1571238470, 6, 1014, 1023, 704, 0, 3.55%, 31, 0, 19, 115.56
1571238516, 6, 1014, 1024, 705, 0, 3.55%, 31, 0, 19, 116.50
1571238521, 6, 1014, 1025, 706, 0, 3.56%, 31, 0, 19, 115.06
1571238526, 6, 1014, 1026, 707, 0, 3.56%, 31, 0, 19, 117.61
1571238552, 6, 1014, 1027, 708, 0, 3.56%, 31, 0, 19, 107.73
1571238562, 6, 1014, 1028, 709, 0, 3.56%, 31, 0, 19, 115.48
1571238649, 6, 1027, 1029, 709, 1, 3.56%, 31, 0, 19, 103.74
1571238664, 6, 1027, 1030, 710, 1, 3.56%, 31, 0, 19, 115.44
1571238741, 6, 1027, 1031, 711, 1, 3.57%, 31, 0, 19, 114.71
1571238771, 6, 1027, 1032, 712, 1, 3.57%, 31, 0, 19, 107.21
1571238796, 6, 1027, 1033, 713, 1, 3.57%, 31, 0, 19, 116.82
1571238883, 6, 1028, 1033, 712, 0, 3.57%, 31, 0, 19, 108.22
1571238889, 6, 1028, 1034, 713, 0, 3.57%, 31, 0, 20, 114.58
1571238894, 6, 1028, 1036, 715, 0, 3.58%, 31, 0, 20, 115.15
1571238909, 6, 1028, 1037, 716, 0, 3.58%, 31, 0, 20, 115.43
1571239078, 6, 1028, 1038, 717, 0, 3.58%, 31, 0, 20, 105.43
1571239113, 6, 1035, 1038, 716, 1, 3.58%, 31, 0, 20, 103.92
1571239119, 6, 1035, 1039, 717, 1, 3.58%, 31, 0, 21, 112.97
1571239165, 6, 1035, 1040, 718, 1, 3.58%, 31, 0, 21, 112.47
1571239200, 6, 1035, 1041, 719, 1, 3.59%, 31, 0, 21, 115.00
1571239226, 6, 1035, 1042, 720, 1, 3.59%, 31, 0, 21, 114.65
1571239272, 6, 1035, 1042, 720, 1, 3.59%, 32, 0, 21, 116.18
1571239277, 6, 1035, 1043, 721, 1, 3.59%, 32, 0, 21, 112.55
1571239349, 6, 1036, 1043, 720, 0, 3.59%, 32, 0, 21, 110.45
1571239410, 6, 1036, 1044, 721, 0, 3.59%, 32, 0, 21, 104.81
1571239462, 6, 1036, 1045, 722, 0, 3.59%, 32, 0, 21, 116.13
1571239467, 6, 1036, 1046, 723, 0, 3.60%, 32, 0, 21, 109.30
1571239503, 6, 1036, 1047, 724, 0, 3.60%, 32, 0, 21, 117.07
1571239539, 6, 1036, 1048, 725, 0, 3.60%, 32, 0, 21, 110.39
1571239580, 6, 1041, 1048, 724, 0, 3.60%, 32, 0, 21, 108.82
1571239615, 6, 1041, 1049, 725, 0, 3.60%, 32, 0, 22, 110.59
1571239666, 6, 1041, 1050, 726, 0, 3.61%, 32, 0, 22, 116.94
1571239810, 6, 1048, 1050, 725, 1, 3.61%, 32, 0, 22, 108.65
1571239845, 6, 1048, 1050, 725, 1, 3.61%, 33, 0, 22, 116.64
1571239856, 6, 1048, 1051, 726, 1, 3.61%, 33, 0, 23, 114.49
1571239999, 6, 1048, 1052, 727, 1, 3.61%, 33, 0, 23, 117.94
1571240035, 6, 1051, 1052, 726, 0, 3.61%, 33, 0, 23, 93.04
1571240177, 6, 1051, 1053, 727, 0, 3.61%, 33, 0, 24, 116.01
1571240224, 6, 1051, 1054, 728, 0, 3.61%, 33, 0, 24, 116.16
1571240270, 7, 2, 1054, 727, 0, 3.61%, 33, 0, 24, 64.47
1571240336, 7, 7, 1054, 726, 0, 3.61%, 33, 0, 24, 66.39
1571240356, 7, 19, 1054, 725, 0, 3.61%, 33, 0, 24, 83.80
1571240371, 7, 49, 1054, 724, 0, 3.61%, 33, 0, 24, 82.60
1571240397, 7, 55, 1054, 723, 0, 3.61%, 33, 0, 24, 82.03
1571240438, 7, 77, 1054, 722, 0, 3.61%, 33, 0, 24, 92.43
1571240525, 7, 98, 1054, 721, 0, 3.61%, 33, 0, 24, 88.31
1571240530, 7, 116, 1054, 721, 0, 3.61%, 33, 0, 24, 89.31
1571240618, 7, 139, 1054, 720, 0, 3.61%, 33, 0, 24, 88.12
1571240623, 7, 146, 1055, 721, 0, 3.62%, 33, 0, 24, 105.12
1571240669, 7, 146, 1056, 722, 0, 3.62%, 33, 0, 24, 106.50
1571240699, 7, 151, 1056, 721, 0, 3.62%, 33, 0, 24, 91.64
1571240740, 7, 166, 1056, 720, 0, 3.62%, 33, 0, 24, 86.13
1571240806, 7, 168, 1056, 719, 0, 3.62%, 33, 0, 24, 71.29
1571240821, 7, 174, 1056, 718, 0, 3.62%, 33, 0, 24, 82.73
1571240826, 7, 182, 1056, 718, 0, 3.62%, 33, 0, 24, 90.94
1571240857, 7, 182, 1057, 719, 0, 3.62%, 33, 0, 24, 93.56
1571240914, 7, 187, 1057, 718, 0, 3.62%, 33, 0, 24, 88.66
1571240929, 7, 203, 1057, 717, 0, 3.62%, 33, 0, 24, 91.71
1571241021, 7, 209, 1057, 716, 0, 3.62%, 33, 0, 24, 85.15
1571241068, 7, 216, 1057, 715, 0, 3.62%, 33, 0, 24, 68.59
1571241144, 7, 216, 1058, 716, 0, 3.62%, 33, 0, 24, 46.82
1571241262, 7, 227, 1058, 715, 0, 3.62%, 33, 0, 24, 83.70
1571241446, 7, 227, 1059, 716, 0, 3.63%, 33, 0, 24, 90.99
1571241457, 7, 233, 1059, 715, 0, 3.63%, 33, 0, 24, 87.85
1571241467, 7, 233, 1060, 716, 0, 3.63%, 33, 0, 24, 92.78
1571241549, 7, 233, 1061, 717, 0, 3.63%, 33, 0, 24, 95.17
1571241575, 7, 233, 1062, 718, 0, 3.63%, 33, 0, 24, 94.07
1571241626, 7, 234, 1062, 717, 0, 3.63%, 33, 0, 24, 84.13
1571241795, 7, 237, 1062, 716, 0, 3.63%, 33, 0, 24, 83.56
1571241965, 7, 247, 1062, 715, 0, 3.63%, 33, 0, 24, 104.80
1571242047, 7, 247, 1063, 716, 0, 3.63%, 33, 0, 24, 106.32
1571242093, 7, 248, 1063, 715, 0, 3.63%, 33, 0, 24, 88.50
1571242258, 7, 257, 1063, 714, 0, 3.63%, 33, 0, 24, 84.38
1571242428, 7, 261, 1063, 713, 0, 3.63%, 33, 0, 24, 87.20
1571242459, 7, 261, 1064, 714, 0, 3.64%, 33, 0, 24, 88.15
1571242598, 7, 271, 1064, 713, 0, 3.64%, 33, 0, 24, 105.22
1571242735, 7, 274, 1064, 712, 0, 3.64%, 33, 0, 24, 96.60
1571242878, 7, 276, 1064, 711, 0, 3.64%, 33, 0, 24, 89.39
1571243037, 7, 276, 1065, 712, 0, 3.64%, 33, 0, 24, 89.03
1571243063, 7, 340, 1065, 711, 1, 3.64%, 33, 0, 24, 91.84
1571243233, 7, 637, 1065, 710, 1, 3.64%, 33, 0, 24, 99.66
1571243626, 7, 790, 1065, 709, 1, 3.64%, 33, 0, 24, 92.28
1571243811, 7, 805, 1065, 708, 1, 3.64%, 33, 0, 24, 90.71
1571243853, 7, 805, 1066, 709, 1, 3.64%, 33, 0, 24, 117.27
1571243965, 7, 805, 1067, 710, 1, 3.64%, 33, 0, 24, 119.07
1571244390, 7, 805, 1068, 711, 1, 3.64%, 33, 0, 24, 108.84
1571244555, 7, 809, 1068, 710, 1, 3.64%, 33, 0, 24, 104.87
1571244570, 7, 809, 1069, 711, 1, 3.65%, 33, 0, 24, 116.58
1571244596, 7, 809, 1070, 712, 1, 3.65%, 33, 0, 24, 118.14
1571244755, 7, 809, 1071, 713, 1, 3.65%, 33, 0, 24, 117.32
1571245196, 7, 809, 1072, 714, 1, 3.65%, 33, 0, 24, 118.40
1571245232, 7, 809, 1073, 715, 1, 3.65%, 33, 0, 24, 119.34
1571245299, 7, 952, 1073, 714, 2, 3.65%, 33, 0, 24, 96.79
1571245709, 7, 999, 1073, 713, 2, 3.65%, 33, 0, 24, 91.25
1571245714, 7, 999, 1074, 714, 2, 3.66%, 33, 0, 24, 113.74
1571245755, 7, 999, 1074, 714, 2, 3.66%, 34, 0, 24, 115.01
1571245770, 7, 999, 1074, 714, 2, 3.66%, 35, 0, 24, 118.37
1571245811, 7, 999, 1075, 715, 2, 3.66%, 35, 0, 24, 118.15
1571245995, 7, 999, 1076, 716, 2, 3.66%, 35, 0, 24, 103.72
1571246062, 7, 1064, 1076, 715, 2, 3.66%, 35, 0, 24, 94.07
1571246083, 7, 1071, 1076, 714, 1, 3.66%, 35, 0, 24, 94.56
1571246673, 7, 1071, 1077, 715, 1, 3.66%, 35, 0, 24, 118.51
1571246714, 7, 1071, 1078, 716, 1, 3.66%, 35, 0, 24, 118.72
1571246730, 7, 1071, 1079, 717, 1, 3.66%, 35, 0, 24, 117.39
1571246827, 7, 1073, 1079, 716, 0, 3.66%, 35, 0, 24, 102.84
1571246862, 7, 1073, 1079, 716, 0, 3.66%, 36, 0, 24, 114.97
1571247094, 7, 1073, 1080, 717, 0, 3.66%, 36, 0, 24, 118.10
1571247109, 7, 1073, 1081, 718, 0, 3.67%, 36, 0, 24, 117.68
1571247145, 7, 1075, 1081, 717, 0, 3.67%, 36, 0, 24, 96.69
1571247150, 7, 1075, 1082, 718, 0, 3.67%, 36, 0, 24, 114.40
1571247160, 7, 1075, 1083, 719, 0, 3.67%, 36, 0, 24, 118.54
1571247170, 7, 1075, 1084, 720, 0, 3.67%, 36, 0, 24, 118.79
1571247319, 7, 1075, 1085, 721, 0, 3.67%, 36, 0, 24, 111.91
1571247587, 7, 1075, 1086, 722, 0, 3.67%, 36, 0, 24, 116.12
1571247704, 7, 1076, 1086, 721, 0, 3.67%, 36, 0, 24, 97.56
1571247858, 7, 1076, 1087, 722, 0, 3.67%, 36, 0, 24, 117.89
1571247991, 7, 1076, 1088, 723, 0, 3.67%, 36, 0, 24, 116.65
1571248448, 7, 1079, 1088, 722, 0, 3.67%, 36, 0, 24, 106.84
1571248637, 7, 1079, 1089, 723, 0, 3.68%, 36, 0, 24, 114.12
1571248755, 7, 1085, 1089, 722, 0, 3.68%, 36, 0, 24, 105.06
1571249006, 7, 1085, 1090, 723, 0, 3.68%, 36, 0, 24, 120.01
1571249313, 8, 1, 1090, 722, 0, 3.68%, 36, 0, 24, 71.11
1571249379, 8, 10, 1090, 721, 0, 3.68%, 36, 0, 24, 65.63
1571249400, 8, 29, 1090, 720, 0, 3.68%, 36, 0, 24, 76.93
1571249420, 8, 31, 1090, 719, 0, 3.68%, 36, 0, 24, 89.35
1571249425, 8, 41, 1090, 718, 0, 3.68%, 36, 0, 24, 92.23
1571249441, 8, 54, 1090, 717, 0, 3.68%, 36, 0, 24, 91.83
1571249482, 8, 72, 1090, 716, 0, 3.68%, 36, 0, 24, 66.54
1571249665, 8, 85, 1090, 715, 0, 3.68%, 36, 0, 24, 65.94
1571249680, 8, 87, 1090, 714, 0, 3.68%, 36, 0, 24, 86.45
1571249685, 8, 104, 1090, 714, 0, 3.68%, 36, 0, 24, 86.33
1571249690, 8, 143, 1090, 714, 0, 3.68%, 36, 0, 24, 85.22
1571249696, 8, 154, 1090, 714, 0, 3.68%, 36, 0, 24, 80.81
1571249721, 8, 174, 1090, 713, 0, 3.68%, 36, 0, 24, 85.72
1571249726, 8, 179, 1090, 713, 0, 3.68%, 36, 0, 24, 91.82
1571249752, 8, 179, 1091, 714, 0, 3.68%, 36, 0, 24, 93.93
1571249813, 8, 179, 1092, 715, 0, 3.69%, 36, 0, 24, 85.43
1571249824, 8, 188, 1092, 714, 0, 3.69%, 36, 0, 24, 83.26
1571249829, 8, 201, 1092, 714, 0, 3.69%, 36, 0, 24, 88.06
1571249921, 8, 207, 1092, 713, 0, 3.69%, 36, 0, 24, 88.95
1571249942, 8, 211, 1092, 712, 0, 3.69%, 36, 0, 24, 91.18
1571249988, 8, 218, 1092, 711, 0, 3.69%, 36, 0, 24, 86.79
1571249993, 8, 240, 1092, 711, 0, 3.69%, 36, 0, 24, 97.99
1571250126, 8, 242, 1092, 710, 0, 3.69%, 36, 0, 24, 89.91
1571250131, 8, 255, 1092, 710, 0, 3.69%, 36, 0, 24, 85.85
1571250302, 8, 277, 1092, 709, 0, 3.69%, 36, 0, 24, 86.08
1571250389, 8, 277, 1093, 710, 0, 3.69%, 36, 0, 24, 87.31
1571250477, 8, 287, 1093, 709, 0, 3.69%, 36, 0, 24, 106.56
1571250605, 8, 287, 1094, 710, 0, 3.69%, 36, 0, 24, 93.33
1571250630, 8, 289, 1094, 709, 0, 3.69%, 36, 0, 24, 104.38
1571250738, 8, 289, 1095, 710, 0, 3.69%, 36, 0, 24, 117.24
1571250769, 8, 294, 1095, 709, 0, 3.69%, 36, 0, 24, 89.12
1571250939, 8, 296, 1095, 708, 0, 3.69%, 36, 0, 24, 89.87
1571250944, 8, 299, 1095, 708, 0, 3.69%, 36, 0, 24, 89.16
1571251113, 8, 304, 1095, 707, 0, 3.69%, 36, 0, 24, 86.34
1571251118, 8, 321, 1095, 707, 0, 3.69%, 36, 0, 24, 89.82
1571251124, 8, 322, 1095, 707, 0, 3.69%, 36, 0, 24, 85.98
1571251304, 8, 325, 1095, 706, 0, 3.69%, 36, 0, 24, 87.97
1571251309, 8, 331, 1095, 706, 0, 3.69%, 36, 0, 24, 84.68
1571251458, 8, 331, 1096, 707, 0, 3.70%, 36, 0, 24, 96.66
1571251489, 8, 337, 1096, 706, 0, 3.70%, 36, 0, 24, 84.82
1571251664, 8, 339, 1096, 705, 0, 3.70%, 36, 0, 24, 87.82
1571251808, 8, 349, 1096, 704, 0, 3.70%, 36, 0, 24, 91.47
1571251952, 8, 356, 1096, 703, 0, 3.70%, 36, 0, 24, 91.69
1571251957, 8, 360, 1096, 703, 0, 3.70%, 36, 0, 24, 87.79
1571251993, 8, 360, 1096, 703, 0, 3.70%, 37, 0, 24, 95.56
1571252029, 8, 360, 1097, 704, 0, 3.70%, 37, 0, 24, 97.66
1571252112, 8, 360, 1098, 705, 0, 3.70%, 37, 0, 24, 88.58
1571252127, 8, 366, 1098, 704, 0, 3.70%, 37, 0, 24, 86.40
1571252189, 8, 366, 1099, 705, 0, 3.70%, 37, 0, 24, 84.23
1571252302, 8, 373, 1099, 704, 0, 3.70%, 37, 0, 24, 86.37
1571252307, 8, 373, 1100, 705, 0, 3.70%, 37, 0, 24, 91.23
1571252477, 8, 378, 1100, 704, 0, 3.70%, 37, 0, 24, 94.46
1571252533, 8, 378, 1101, 705, 0, 3.70%, 37, 0, 24, 115.56
1571252573, 8, 378, 1101, 705, 0, 3.70%, 38, 0, 24, 115.82
1571252655, 8, 385, 1101, 704, 0, 3.70%, 38, 0, 24, 90.67
1571252712, 8, 385, 1102, 705, 0, 3.71%, 38, 0, 24, 85.63
1571252830, 8, 391, 1102, 704, 0, 3.71%, 38, 0, 24, 84.85
1571253000, 8, 398, 1102, 703, 0, 3.71%, 38, 0, 24, 88.11
1571253015, 8, 398, 1103, 704, 0, 3.71%, 38, 0, 24, 92.47
1571253170, 8, 408, 1103, 703, 0, 3.71%, 38, 0, 24, 92.46
1571253335, 8, 410, 1103, 702, 0, 3.71%, 38, 0, 24, 88.16
1571253504, 8, 412, 1103, 701, 0, 3.71%, 38, 0, 24, 87.81
1571253680, 8, 415, 1103, 700, 0, 3.71%, 38, 0, 24, 88.45
1571253762, 8, 415, 1104, 701, 0, 3.71%, 38, 0, 24, 91.87
1571253849, 8, 431, 1104, 700, 0, 3.71%, 38, 0, 24, 92.04
1571253875, 8, 431, 1105, 701, 0, 3.71%, 38, 0, 24, 87.33
1571253917, 8, 431, 1106, 702, 0, 3.72%, 38, 0, 24, 89.83
1571254020, 8, 436, 1106, 701, 0, 3.72%, 38, 0, 24, 88.47
1571254097, 8, 436, 1107, 702, 0, 3.72%, 38, 0, 24, 89.59
1571254190, 8, 437, 1107, 701, 0, 3.72%, 38, 0, 24, 88.25
1571254195, 8, 438, 1107, 701, 0, 3.72%, 38, 0, 24, 99.80
1571254333, 8, 439, 1107, 700, 0, 3.72%, 38, 0, 24, 92.14
1571254400, 8, 439, 1108, 701, 0, 3.72%, 38, 0, 24, 91.95
1571254503, 8, 449, 1108, 700, 0, 3.72%, 38, 0, 24, 91.65
1571254657, 8, 449, 1110, 702, 0, 3.72%, 38, 0, 24, 89.47
1571254688, 8, 488, 1110, 701, 1, 3.72%, 38, 0, 24, 91.97
1571254745, 8, 488, 1111, 702, 1, 3.72%, 38, 0, 24, 89.53
1571254863, 8, 876, 1111, 701, 1, 3.72%, 38, 0, 24, 87.33
1571255053, 8, 1007, 1111, 700, 1, 3.72%, 38, 0, 24, 109.57
1571255279, 8, 1068, 1111, 699, 1, 3.72%, 38, 0, 24, 97.87
1571255520, 8, 1068, 1112, 700, 1, 3.72%, 38, 0, 24, 117.83
1571256022, 8, 1077, 1112, 699, 1, 3.72%, 38, 0, 24, 102.46
1571256350, 8, 1077, 1113, 700, 1, 3.73%, 38, 0, 24, 116.90
1571256760, 8, 1108, 1113, 699, 1, 3.73%, 38, 0, 24, 90.92
1571256946, 8, 1109, 1113, 698, 0, 3.73%, 38, 0, 24, 87.35
1571256987, 8, 1112, 1113, 697, 0, 3.73%, 38, 0, 24, 111.37
1571257720, 9, 11, 1113, 696, 0, 3.73%, 38, 0, 24, 90.94
1571257740, 9, 16, 1113, 695, 0, 3.73%, 38, 0, 24, 81.28
1571257756, 9, 18, 1113, 694, 0, 3.73%, 38, 0, 24, 80.85
1571257761, 9, 20, 1113, 694, 0, 3.73%, 38, 0, 24, 63.42
1571257781, 9, 48, 1113, 693, 0, 3.73%, 38, 0, 24, 74.82
1571257786, 9, 89, 1113, 693, 0, 3.73%, 38, 0, 24, 77.68
1571257807, 9, 104, 1113, 692, 0, 3.73%, 38, 0, 24, 87.86
1571257812, 9, 120, 1113, 692, 0, 3.73%, 38, 0, 24, 90.71
1571257899, 9, 122, 1113, 691, 0, 3.73%, 38, 0, 24, 89.27
1571257987, 9, 139, 1113, 690, 0, 3.73%, 38, 0, 24, 86.28
1571257992, 9, 154, 1113, 690, 0, 3.73%, 38, 0, 24, 87.00
1571257997, 9, 169, 1113, 690, 0, 3.73%, 38, 0, 24, 91.22
1571258089, 9, 186, 1113, 689, 0, 3.73%, 38, 0, 24, 70.00
1571258110, 9, 190, 1113, 688, 0, 3.73%, 38, 0, 24, 80.10
1571258146, 9, 193, 1113, 687, 0, 3.73%, 38, 0, 24, 86.47
1571258243, 9, 197, 1113, 686, 0, 3.73%, 38, 0, 24, 96.93
1571258289, 9, 222, 1113, 685, 0, 3.73%, 38, 0, 24, 93.71
1571258340, 9, 226, 1113, 684, 0, 3.73%, 38, 0, 24, 91.73
1571258535, 9, 258, 1113, 683, 0, 3.73%, 38, 0, 24, 89.37
1571258700, 9, 270, 1113, 682, 0, 3.73%, 38, 0, 24, 89.36
1571258705, 9, 277, 1113, 682, 0, 3.73%, 38, 0, 24, 88.39
1571258710, 9, 279, 1113, 682, 0, 3.73%, 38, 0, 24, 88.90
1571258880, 9, 288, 1113, 681, 0, 3.73%, 38, 0, 24, 87.43
1571258885, 9, 294, 1113, 681, 0, 3.73%, 38, 0, 24, 89.49
1571258890, 9, 295, 1113, 681, 0, 3.73%, 38, 0, 24, 90.32
1571259060, 9, 304, 1113, 680, 0, 3.73%, 38, 0, 24, 86.48
1571259065, 9, 317, 1113, 680, 0, 3.73%, 38, 0, 24, 101.69
1571259101, 9, 317, 1114, 681, 0, 3.73%, 38, 0, 24, 116.83
1571259203, 9, 319, 1114, 680, 0, 3.73%, 38, 0, 24, 92.73
1571259311, 9, 319, 1115, 681, 0, 3.73%, 38, 0, 24, 89.88
1571259378, 9, 325, 1115, 680, 0, 3.73%, 38, 0, 24, 91.26
1571259383, 9, 330, 1115, 680, 0, 3.73%, 38, 0, 24, 91.17
1571259553, 9, 332, 1115, 679, 0, 3.73%, 38, 0, 24, 89.70
1571259723, 9, 336, 1115, 678, 0, 3.73%, 38, 0, 24, 90.34
1571259893, 9, 345, 1115, 677, 0, 3.73%, 38, 0, 24, 87.90
1571259929, 9, 345, 1116, 678, 0, 3.73%, 38, 0, 24, 87.43
1571259976, 9, 345, 1117, 679, 0, 3.73%, 38, 0, 24, 91.33
1571260068, 9, 359, 1117, 678, 0, 3.73%, 38, 0, 24, 87.01
1571260212, 9, 359, 1118, 679, 0, 3.74%, 38, 0, 24, 96.38
1571260238, 9, 362, 1118, 678, 0, 3.74%, 38, 0, 24, 90.09
1571260408, 9, 368, 1118, 677, 0, 3.74%, 38, 0, 24, 105.94
1571260545, 9, 382, 1118, 676, 0, 3.74%, 38, 0, 24, 103.41
1571260684, 9, 400, 1118, 675, 0, 3.74%, 38, 0, 24, 86.67
1571260828, 9, 400, 1119, 676, 0, 3.74%, 38, 0, 24, 99.74
1571260859, 9, 402, 1119, 675, 0, 3.74%, 38, 0, 24, 87.49
1571261029, 9, 406, 1119, 674, 0, 3.74%, 38, 0, 24, 86.63
1571261179, 9, 406, 1120, 675, 0, 3.74%, 38, 0, 24, 94.02
1571261205, 9, 407, 1120, 674, 0, 3.74%, 38, 0, 24, 87.74
1571261375, 9, 411, 1120, 673, 0, 3.74%, 38, 0, 24, 83.60
1571261401, 9, 411, 1121, 674, 0, 3.74%, 38, 0, 24, 88.71
1571261550, 9, 413, 1121, 673, 0, 3.74%, 38, 0, 24, 98.70
1571261774, 9, 416, 1121, 672, 0, 3.74%, 38, 0, 24, 92.33
1571261918, 9, 416, 1122, 673, 0, 3.75%, 38, 0, 24, 96.36
1571261928, 9, 416, 1123, 674, 0, 3.75%, 38, 0, 24, 90.41
1571261939, 9, 416, 1123, 674, 0, 3.75%, 39, 0, 24, 87.88
1571261949, 9, 433, 1123, 673, 0, 3.75%, 39, 0, 24, 91.81
1571262114, 9, 437, 1123, 672, 0, 3.75%, 39, 0, 24, 87.61
1571262119, 9, 445, 1123, 672, 0, 3.75%, 39, 0, 24, 88.29
1571262294, 9, 446, 1123, 671, 0, 3.75%, 39, 0, 24, 90.07
1571262469, 9, 447, 1123, 670, 0, 3.75%, 39, 0, 24, 87.10
1571262644, 9, 456, 1123, 669, 0, 3.75%, 39, 0, 24, 74.87
1571263294, 9, 459, 1123, 668, 0, 3.75%, 39, 0, 24, 90.13
1571263406, 9, 459, 1124, 669, 0, 3.75%, 39, 0, 24, 117.39
1571263437, 9, 464, 1124, 668, 0, 3.75%, 39, 0, 24, 90.10
1571263442, 9, 472, 1124, 668, 0, 3.75%, 39, 0, 24, 92.57
1571263484, 9, 472, 1125, 669, 0, 3.75%, 39, 0, 24, 89.77
1571263613, 9, 473, 1125, 668, 0, 3.75%, 39, 0, 24, 87.28
1571263782, 9, 483, 1125, 667, 0, 3.75%, 39, 0, 24, 87.68
1571263818, 9, 483, 1125, 667, 0, 3.75%, 40, 0, 24, 83.41
1571263880, 9, 483, 1126, 668, 0, 3.76%, 40, 0, 24, 90.35
1571263968, 9, 484, 1126, 667, 0, 3.76%, 40, 0, 24, 90.81
1571264066, 9, 484, 1127, 668, 0, 3.76%, 40, 0, 24, 91.19
1571264091, 9, 484, 1128, 669, 0, 3.76%, 40, 0, 24, 90.84
1571264138, 9, 491, 1128, 668, 0, 3.76%, 40, 0, 24, 89.29
1571264143, 9, 497, 1128, 668, 0, 3.76%, 40, 0, 24, 100.05
1571264307, 9, 501, 1128, 667, 0, 3.76%, 40, 0, 24, 90.72
1571264312, 9, 502, 1128, 667, 0, 3.76%, 40, 0, 24, 88.42
1571264487, 9, 504, 1128, 666, 0, 3.76%, 40, 0, 24, 89.51
1571264502, 9, 504, 1129, 667, 0, 3.76%, 40, 0, 24, 87.26
1571264652, 9, 514, 1129, 666, 0, 3.76%, 40, 0, 24, 85.75
1571264703, 9, 514, 1130, 667, 0, 3.77%, 40, 0, 24, 87.51
1571264734, 9, 514, 1131, 668, 0, 3.77%, 40, 0, 24, 89.53
1571264832, 9, 515, 1131, 667, 0, 3.77%, 40, 0, 24, 88.03
1571265002, 9, 524, 1131, 666, 0, 3.77%, 40, 0, 24, 88.61
1571265018, 9, 524, 1132, 667, 0, 3.77%, 40, 0, 24, 84.64
1571265173, 9, 525, 1132, 666, 0, 3.77%, 40, 0, 24, 92.14
1571265260, 9, 525, 1132, 666, 0, 3.77%, 41, 0, 24, 89.10
1571265337, 9, 530, 1132, 665, 0, 3.77%, 41, 0, 24, 87.63
1571265476, 9, 530, 1133, 666, 0, 3.77%, 41, 0, 24, 95.23
1571265512, 9, 532, 1133, 665, 0, 3.77%, 41, 0, 24, 86.27
1571265538, 9, 532, 1134, 666, 0, 3.77%, 41, 0, 24, 91.42
1571265682, 9, 535, 1134, 665, 0, 3.77%, 41, 0, 24, 87.85
1571265698, 9, 535, 1135, 666, 0, 3.78%, 41, 0, 24, 87.81
1571265842, 9, 535, 1137, 668, 0, 3.78%, 41, 0, 24, 90.30
1571265883, 9, 538, 1137, 667, 0, 3.78%, 41, 0, 24, 86.28
1571265888, 9, 538, 1138, 668, 0, 3.78%, 41, 0, 24, 91.25
1571266053, 9, 539, 1138, 667, 0, 3.78%, 41, 0, 24, 87.55
1571266223, 9, 545, 1138, 666, 0, 3.78%, 41, 0, 24, 87.55
1571266393, 9, 549, 1138, 665, 0, 3.78%, 41, 0, 24, 86.62
1571266418, 9, 549, 1139, 666, 0, 3.78%, 41, 0, 24, 94.42
1571266563, 9, 552, 1139, 665, 0, 3.78%, 41, 0, 24, 88.65
1571266568, 9, 556, 1139, 665, 0, 3.78%, 41, 0, 24, 90.49
1571266573, 9, 559, 1139, 665, 0, 3.78%, 41, 0, 24, 89.04
1571266712, 9, 559, 1140, 666, 0, 3.78%, 41, 0, 24, 90.70
1571266743, 9, 563, 1140, 665, 0, 3.78%, 41, 0, 24, 87.71
1571266748, 9, 567, 1140, 665, 0, 3.78%, 41, 0, 24, 86.10
1571266918, 9, 570, 1140, 664, 0, 3.78%, 41, 0, 24, 85.20
1571266923, 9, 573, 1140, 664, 0, 3.78%, 41, 0, 24, 88.20
1571266929, 9, 573, 1141, 665, 0, 3.78%, 41, 0, 24, 88.54
1571267109, 9, 574, 1141, 664, 0, 3.78%, 41, 0, 24, 91.97
1571268508, 9, 574, 1142, 665, 0, 3.79%, 41, 0, 24, 95.82
1571269425, 9, 574, 1143, 666, 0, 3.79%, 41, 0, 24, 93.40
1571269486, 9, 574, 1144, 667, 0, 3.79%, 41, 0, 24, 93.57
1571269599, 9, 574, 1145, 668, 0, 3.79%, 41, 0, 24, 94.21
1571270173, 9, 574, 1146, 669, 0, 3.80%, 41, 0, 24, 94.36
1571270286, 9, 575, 1146, 668, 0, 3.80%, 41, 0, 24, 97.27
1571270613, 9, 583, 1146, 667, 0, 3.80%, 41, 0, 24, 110.38
1571271089, 9, 586, 1146, 666, 0, 3.80%, 41, 0, 24, 102.40
1571271253, 9, 587, 1146, 665, 0, 3.80%, 41, 0, 24, 88.84
1571271424, 9, 589, 1146, 664, 0, 3.80%, 41, 0, 24, 102.16
1571271562, 9, 590, 1146, 663, 0, 3.80%, 41, 0, 24, 104.98
1571271653, 9, 590, 1147, 664, 0, 3.80%, 41, 0, 24, 117.72
1571271699, 9, 599, 1147, 663, 1, 3.80%, 41, 0, 24, 88.13
1571271869, 9, 719, 1147, 662, 1, 3.80%, 41, 0, 24, 92.97
1571272596, 9, 723, 1147, 661, 1, 3.80%, 41, 0, 24, 112.75
1571272981, 9, 723, 1148, 662, 1, 3.80%, 41, 0, 24, 117.83
1571273186, 9, 723, 1149, 663, 1, 3.80%, 41, 0, 24, 117.77
1571273212, 9, 723, 1150, 664, 1, 3.80%, 41, 0, 24, 118.63
1571273289, 9, 723, 1151, 665, 1, 3.81%, 41, 0, 24, 118.84
1571273321, 9, 732, 1151, 664, 1, 3.81%, 41, 0, 24, 89.42
1571273510, 9, 851, 1151, 663, 1, 3.81%, 41, 0, 24, 89.91
1571273572, 9, 851, 1152, 664, 1, 3.81%, 41, 0, 24, 116.65
1571273618, 9, 851, 1153, 665, 1, 3.81%, 41, 0, 24, 104.27
1571273648, 9, 851, 1154, 666, 1, 3.81%, 41, 0, 24, 95.08
1571273715, 9, 1008, 1154, 665, 1, 3.81%, 41, 0, 24, 91.28
1571273766, 9, 1008, 1154, 665, 1, 3.81%, 42, 0, 24, 115.76
1571273869, 9, 1008, 1155, 666, 1, 3.81%, 42, 0, 24, 116.23
1571273945, 9, 1075, 1155, 665, 2, 3.81%, 42, 0, 24, 95.90
1571273950, 9, 1146, 1155, 665, 2, 3.81%, 42, 0, 24, 109.13
1571274103, 9, 1154, 1155, 664, 1, 3.81%, 42, 0, 24, 107.61
1571274313, 9, 1154, 1156, 665, 1, 3.82%, 42, 0, 24, 91.96
1571274369, 10, 73, 1156, 664, 0, 3.82%, 42, 0, 24, 96.21
1571274400, 10, 87, 1156, 663, 0, 3.82%, 42, 0, 24, 96.00
1571274405, 10, 97, 1156, 663, 0, 3.82%, 42, 0, 24, 93.60
1571274410, 10, 123, 1156, 662, 0, 3.82%, 42, 0, 24, 89.37
1571274415, 10, 142, 1156, 662, 0, 3.82%, 42, 0, 24, 96.63
1571274451, 10, 143, 1156, 661, 0, 3.82%, 42, 0, 24, 90.28
1571274456, 10, 150, 1156, 661, 0, 3.82%, 42, 0, 24, 101.37
1571274492, 10, 197, 1156, 660, 0, 3.82%, 42, 0, 24, 90.01
1571274497, 10, 215, 1156, 660, 0, 3.82%, 42, 0, 24, 90.11
1571274590, 10, 231, 1156, 659, 0, 3.82%, 42, 0, 24, 83.52
1571274656, 10, 231, 1156, 659, 0, 3.82%, 43, 0, 24, 91.97
1571274697, 10, 231, 1156, 659, 0, 3.82%, 44, 0, 24, 90.81
1571274764, 10, 266, 1156, 658, 0, 3.82%, 44, 0, 24, 102.93
1571274898, 10, 275, 1156, 657, 0, 3.82%, 44, 0, 24, 112.19
1571275031, 10, 288, 1156, 656, 0, 3.82%, 44, 0, 24, 92.60
1571275036, 10, 304, 1156, 656, 0, 3.82%, 44, 0, 24, 90.36
1571275041, 10, 312, 1156, 656, 0, 3.82%, 44, 0, 24, 92.20
1571275102, 10, 319, 1156, 655, 0, 3.82%, 44, 0, 24, 90.89
1571275108, 10, 324, 1156, 655, 0, 3.82%, 44, 0, 24, 92.42
1571275113, 10, 326, 1156, 655, 0, 3.82%, 44, 0, 24, 90.58
1571275118, 10, 346, 1156, 655, 0, 3.82%, 44, 0, 24, 97.74
1571275251, 10, 353, 1156, 654, 0, 3.82%, 44, 0, 24, 95.77
1571275384, 10, 357, 1156, 653, 0, 3.82%, 44, 0, 24, 105.81
1571275516, 10, 363, 1156, 652, 0, 3.82%, 44, 0, 24, 108.74
1571275645, 10, 374, 1156, 651, 0, 3.82%, 44, 0, 24, 90.75
1571275778, 10, 393, 1156, 650, 0, 3.82%, 44, 0, 24, 100.05
1571275911, 10, 429, 1156, 649, 0, 3.82%, 44, 0, 24, 99.81
1571276045, 10, 434, 1156, 648, 0, 3.82%, 44, 0, 24, 103.12
1571276178, 10, 435, 1156, 647, 0, 3.82%, 44, 0, 24, 97.43
1571276297, 10, 435, 1157, 648, 0, 3.82%, 44, 0, 24, 119.47
1571276312, 10, 437, 1157, 647, 0, 3.82%, 44, 0, 24, 89.07
1571276317, 10, 443, 1157, 647, 0, 3.82%, 44, 0, 24, 112.32
1571276446, 10, 450, 1157, 646, 0, 3.82%, 44, 0, 24, 98.13
1571276579, 10, 451, 1157, 645, 0, 3.82%, 44, 0, 24, 109.07
1571276708, 10, 451, 1157, 645, 0, 3.82%, 45, 0, 24, 88.92
1571276713, 10, 458, 1157, 644, 0, 3.82%, 45, 0, 24, 88.59
1571276718, 10, 463, 1157, 644, 0, 3.82%, 45, 0, 24, 102.35
1571276851, 10, 464, 1157, 643, 0, 3.82%, 45, 0, 24, 90.53
1571276857, 10, 468, 1157, 643, 0, 3.82%, 45, 0, 24, 102.49
1571276872, 10, 468, 1158, 644, 0, 3.82%, 45, 0, 24, 109.11
1571276995, 10, 471, 1158, 643, 0, 3.82%, 45, 0, 24, 103.40
1571277129, 10, 472, 1158, 642, 0, 3.82%, 45, 0, 24, 91.13
1571277134, 10, 477, 1158, 642, 0, 3.82%, 45, 0, 24, 100.38
1571277272, 10, 480, 1158, 641, 0, 3.82%, 45, 0, 24, 72.47
1571277318, 10, 480, 1159, 642, 0, 3.82%, 45, 0, 24, 56.02
1571277400, 10, 480, 1160, 643, 0, 3.82%, 45, 0, 24, 56.97
1571277501, 10, 480, 1161, 644, 0, 3.83%, 45, 0, 24, 57.27
1571277522, 10, 481, 1161, 643, 0, 3.83%, 45, 0, 24, 93.68
1571277548, 10, 481, 1162, 644, 0, 3.83%, 45, 0, 24, 58.41
1571277665, 10, 481, 1163, 645, 0, 3.83%, 45, 0, 24, 57.13
1571277747, 10, 481, 1164, 646, 0, 3.83%, 45, 0, 24, 71.79
1571277762, 10, 481, 1165, 647, 0, 3.84%, 45, 0, 24, 55.27
1571277783, 10, 482, 1166, 647, 0, 3.84%, 45, 0, 24, 94.11
1571277839, 10, 482, 1167, 648, 0, 3.84%, 45, 0, 24, 81.88
1571277875, 10, 482, 1168, 649, 0, 3.84%, 45, 0, 24, 54.95
1571278017, 10, 482, 1169, 650, 0, 3.84%, 45, 0, 24, 56.00
1571278038, 10, 487, 1169, 649, 0, 3.84%, 45, 0, 24, 81.30
1571278043, 10, 487, 1170, 650, 0, 3.84%, 45, 0, 24, 64.86
1571278099, 10, 487, 1171, 651, 0, 3.84%, 45, 0, 24, 57.89
1571278154, 10, 487, 1172, 652, 0, 3.84%, 45, 0, 24, 57.99
1571278296, 10, 491, 1172, 651, 0, 3.84%, 45, 0, 24, 100.08
1571278301, 10, 495, 1172, 651, 0, 3.84%, 45, 0, 24, 111.09
1571278448, 10, 498, 1172, 650, 0, 3.84%, 45, 0, 24, 129.79
1571278520, 10, 498, 1173, 651, 0, 3.85%, 45, 0, 24, 143.68
1571278526, 10, 498, 1174, 652, 0, 3.85%, 45, 0, 24, 143.79
1571278582, 10, 517, 1174, 651, 1, 3.85%, 45, 0, 24, 125.00
1571278629, 10, 517, 1175, 652, 1, 3.85%, 45, 0, 24, 73.92
1571278665, 10, 517, 1176, 653, 1, 3.85%, 45, 0, 24, 65.47
1571278690, 10, 517, 1177, 654, 1, 3.86%, 45, 0, 24, 73.34
1571278706, 10, 517, 1178, 655, 1, 3.86%, 45, 0, 24, 73.92
1571278716, 10, 517, 1179, 656, 1, 3.86%, 45, 0, 24, 71.07
1571278731, 10, 517, 1180, 657, 1, 3.86%, 45, 0, 24, 67.38
1571278747, 10, 517, 1181, 658, 1, 3.87%, 45, 0, 24, 65.47
1571278762, 10, 517, 1182, 659, 1, 3.87%, 45, 0, 24, 66.13
1571278798, 10, 566, 1182, 658, 2, 3.87%, 45, 0, 24, 113.03
1571278803, 10, 566, 1182, 658, 2, 3.87%, 46, 0, 24, 81.45
1571278813, 10, 566, 1183, 659, 2, 3.87%, 46, 0, 24, 71.82
1571278870, 10, 566, 1184, 660, 2, 3.87%, 46, 0, 24, 69.19
1571278963, 10, 566, 1185, 661, 2, 3.88%, 46, 0, 24, 70.46
1571278988, 10, 566, 1186, 662, 2, 3.88%, 46, 0, 24, 70.75
1571279004, 10, 727, 1186, 661, 3, 3.88%, 46, 0, 24, 114.59
1571279009, 10, 816, 1186, 661, 3, 3.88%, 46, 0, 24, 129.02
1571279060, 10, 816, 1187, 662, 3, 3.88%, 46, 0, 24, 141.13
1571279081, 10, 816, 1188, 663, 3, 3.88%, 47, 0, 24, 138.95
1571279107, 10, 816, 1189, 664, 3, 3.89%, 47, 0, 24, 104.22
1571279548, 10, 816, 1190, 665, 3, 3.89%, 47, 0, 24, 97.31
1571279774, 10, 816, 1191, 666, 3, 3.89%, 47, 0, 24, 95.57
1571279816, 10, 816, 1192, 667, 3, 3.89%, 47, 0, 24, 94.05
1571279867, 10, 867, 1192, 666, 3, 3.89%, 47, 0, 24, 91.99
1571279964, 10, 1038, 1192, 665, 3, 3.89%, 47, 0, 24, 90.84
1571280005, 10, 1038, 1192, 665, 3, 3.89%, 49, 0, 24, 94.39
1571280026, 10, 1038, 1193, 666, 3, 3.89%, 49, 0, 24, 95.15
1571280041, 10, 1038, 1194, 667, 3, 3.90%, 49, 0, 24, 91.68
