# unix_time, cycles_done, cur_path, paths_total, pending_total, pending_favs, map_size, unique_crashes, unique_hangs, max_depth, execs_per_sec
1570685329, 0, 0, 2, 2, 1, 0.51%, 0, 0, 1, 52.98
1570685339, 0, 0, 3, 3, 1, 0.51%, 0, 0, 2, 58.25
1570685349, 0, 2, 3, 2, 1, 0.51%, 0, 1, 2, 56.75
1570685354, 0, 2, 3, 2, 1, 0.51%, 0, 2, 2, 54.53
1570685364, 0, 2, 4, 3, 1, 0.53%, 0, 2, 3, 56.13
1570685380, 0, 3, 4, 2, 1, 0.53%, 0, 2, 3, 57.41
1570685400, 0, 3, 4, 2, 1, 0.53%, 0, 3, 3, 57.48
1570685405, 0, 3, 4, 2, 1, 0.53%, 0, 4, 3, 54.36
1570685410, 1, 1, 4, 1, 0, 0.53%, 0, 4, 3, 59.27
1570685426, 1, 2, 4, 0, 0, 0.53%, 0, 4, 3, 55.10
1570685431, 2, 0, 4, 0, 0, 0.53%, 0, 4, 3, 52.56
1570685436, 2, 1, 4, 0, 0, 0.53%, 0, 4, 3, 53.50
1570685446, 2, 2, 4, 0, 0, 0.53%, 0, 4, 3, 53.75
1570685451, 2, 3, 4, 0, 0, 0.53%, 0, 4, 3, 51.41
1570685456, 3, 0, 4, 0, 0, 0.53%, 0, 4, 3, 52.41
1570685462, 3, 1, 4, 0, 0, 0.53%, 0, 4, 3, 54.96
1570685467, 3, 2, 4, 0, 0, 0.53%, 0, 4, 3, 55.51
1570685472, 3, 2, 4, 0, 0, 0.53%, 0, 5, 3, 54.42
1570685477, 3, 3, 4, 0, 0, 0.53%, 0, 5, 3, 54.00
1570685482, 4, 0, 4, 0, 0, 0.53%, 0, 5, 3, 53.45
1570685487, 4, 1, 4, 0, 0, 0.53%, 0, 5, 3, 55.27
1570685492, 4, 2, 4, 0, 0, 0.53%, 0, 5, 3, 55.01
1570685497, 4, 3, 4, 0, 0, 0.53%, 0, 5, 3, 53.82
1570685508, 5, 0, 4, 0, 0, 0.53%, 0, 5, 3, 53.55
1570685513, 5, 1, 4, 0, 0, 0.53%, 0, 5, 3, 55.31
1570685518, 5, 2, 4, 0, 0, 0.53%, 0, 5, 3, 53.75
1570685523, 5, 3, 4, 0, 0, 0.53%, 0, 5, 3, 53.42
1570685528, 6, 0, 4, 0, 0, 0.53%, 0, 5, 3, 54.84
1570685533, 6, 1, 4, 0, 0, 0.53%, 0, 5, 3, 56.41
1570685543, 6, 2, 4, 0, 0, 0.53%, 0, 5, 3, 53.88
1570685548, 6, 3, 4, 0, 0, 0.53%, 0, 5, 3, 53.11
1570685553, 7, 0, 4, 0, 0, 0.53%, 0, 5, 3, 54.42
1570685558, 7, 1, 4, 0, 0, 0.53%, 0, 5, 3, 55.70
1570685564, 7, 2, 4, 0, 0, 0.53%, 0, 5, 3, 55.92
1570685569, 7, 3, 4, 0, 0, 0.53%, 0, 5, 3, 55.49
1570685579, 8, 0, 4, 0, 0, 0.53%, 0, 5, 3, 55.38
1570685584, 8, 1, 4, 0, 0, 0.53%, 0, 5, 3, 55.33
1570685590, 8, 2, 4, 0, 0, 0.53%, 0, 5, 3, 55.11
1570685595, 8, 3, 4, 0, 0, 0.53%, 0, 5, 3, 54.06
1570685600, 9, 0, 4, 0, 0, 0.53%, 0, 5, 3, 54.84
1570685605, 9, 1, 4, 0, 0, 0.53%, 0, 5, 3, 54.84
1570685615, 9, 2, 4, 0, 0, 0.53%, 0, 5, 3, 53.18
1570685620, 9, 3, 4, 0, 0, 0.53%, 0, 5, 3, 53.65
1570685625, 10, 0, 4, 0, 0, 0.53%, 0, 5, 3, 55.38
1570685630, 10, 1, 4, 0, 0, 0.53%, 0, 5, 3, 56.16
1570685635, 10, 2, 4, 0, 0, 0.53%, 0, 5, 3, 56.24
1570685640, 10, 3, 4, 0, 0, 0.53%, 0, 5, 3, 56.32
1570685650, 11, 0, 4, 0, 0, 0.53%, 0, 5, 3, 55.77
1570685656, 11, 1, 4, 0, 0, 0.53%, 0, 5, 3, 55.10
1570685661, 11, 2, 4, 0, 0, 0.53%, 0, 5, 3, 54.47
1570685666, 11, 3, 4, 0, 0, 0.53%, 0, 5, 3, 52.99
1570685676, 12, 0, 4, 0, 0, 0.53%, 0, 5, 3, 55.36
1570685681, 12, 1, 4, 0, 0, 0.53%, 0, 5, 3, 55.52
1570685686, 12, 2, 4, 0, 0, 0.53%, 0, 5, 3, 54.01
1570685691, 12, 3, 4, 0, 0, 0.53%, 0, 5, 3, 54.26
1570685696, 13, 0, 4, 0, 0, 0.53%, 0, 5, 3, 55.06
1570685702, 13, 1, 4, 0, 0, 0.53%, 0, 5, 3, 54.69
1570685712, 13, 2, 4, 0, 0, 0.53%, 0, 5, 3, 55.35
1570685717, 13, 3, 4, 0, 0, 0.53%, 0, 5, 3, 52.55
1570685722, 14, 0, 4, 0, 0, 0.53%, 0, 5, 3, 54.11
1570685727, 14, 1, 4, 0, 0, 0.53%, 0, 5, 3, 55.39
1570685732, 14, 2, 4, 0, 0, 0.53%, 0, 5, 3, 54.64
1570685737, 14, 3, 4, 0, 0, 0.53%, 0, 5, 3, 53.89
1570685747, 15, 0, 4, 0, 0, 0.53%, 0, 5, 3, 54.10
1570685753, 15, 1, 4, 0, 0, 0.53%, 0, 5, 3, 54.13
1570685758, 15, 2, 4, 0, 0, 0.53%, 0, 5, 3, 57.27
1570685763, 15, 3, 4, 0, 0, 0.53%, 0, 5, 3, 54.26
1570685768, 16, 0, 4, 0, 0, 0.53%, 0, 5, 3, 57.43
1570685773, 16, 1, 4, 0, 0, 0.53%, 0, 5, 3, 55.58
1570685783, 16, 2, 4, 0, 0, 0.53%, 0, 5, 3, 49.13
1570685788, 16, 3, 4, 0, 0, 0.53%, 0, 5, 3, 47.43
1570685794, 17, 0, 4, 0, 0, 0.53%, 0, 5, 3, 48.90
1570685799, 17, 1, 4, 0, 0, 0.53%, 0, 5, 3, 49.74
1570685809, 17, 2, 4, 0, 0, 0.53%, 0, 5, 3, 50.84
1570685814, 17, 3, 4, 0, 0, 0.53%, 0, 5, 3, 48.88
1570685824, 18, 0, 4, 0, 0, 0.53%, 0, 5, 3, 49.19
1570685829, 18, 1, 4, 0, 0, 0.53%, 0, 5, 3, 50.77
1570685834, 18, 2, 4, 0, 0, 0.53%, 0, 5, 3, 49.31
1570685839, 18, 3, 4, 0, 0, 0.53%, 0, 5, 3, 49.77
1570685849, 19, 0, 4, 0, 0, 0.53%, 0, 5, 3, 50.41
1570685854, 19, 1, 4, 0, 0, 0.53%, 0, 5, 3, 52.13
1570685859, 19, 2, 4, 0, 0, 0.53%, 0, 5, 3, 49.58
1570685864, 19, 3, 4, 0, 0, 0.53%, 0, 5, 3, 49.07
1570685875, 20, 0, 4, 0, 0, 0.53%, 0, 5, 3, 50.69
1570685880, 20, 1, 4, 0, 0, 0.53%, 0, 5, 3, 50.35
1570685885, 20, 2, 4, 0, 0, 0.53%, 0, 5, 3, 49.81
1570685890, 20, 3, 4, 0, 0, 0.53%, 0, 5, 3, 49.39
1570685900, 21, 0, 4, 0, 0, 0.53%, 0, 5, 3, 49.59
1570685905, 21, 1, 4, 0, 0, 0.53%, 0, 5, 3, 50.72
1570685915, 21, 2, 4, 0, 0, 0.53%, 0, 5, 3, 49.75
1570685920, 21, 3, 4, 0, 0, 0.53%, 0, 5, 3, 44.97
1570685925, 22, 0, 4, 0, 0, 0.53%, 0, 5, 3, 46.85
1570685930, 22, 1, 4, 0, 0, 0.53%, 0, 5, 3, 47.07
1570685940, 22, 2, 4, 0, 0, 0.53%, 0, 5, 3, 46.44
1570685946, 22, 3, 4, 0, 0, 0.53%, 0, 5, 3, 45.17
1570685956, 23, 0, 4, 0, 0, 0.53%, 0, 5, 3, 46.68
1570685961, 23, 1, 4, 0, 0, 0.53%, 0, 5, 3, 45.86
1570685966, 23, 2, 4, 0, 0, 0.53%, 0, 5, 3, 45.56
1570685976, 23, 3, 4, 0, 0, 0.53%, 0, 5, 3, 44.65
1570685981, 24, 0, 4, 0, 0, 0.53%, 0, 5, 3, 45.15
1570685986, 24, 1, 4, 0, 0, 0.53%, 0, 5, 3, 45.90
1570685996, 24, 2, 4, 0, 0, 0.53%, 0, 5, 3, 46.68
1570686001, 24, 3, 4, 0, 0, 0.53%, 0, 5, 3, 47.91
1570686012, 25, 0, 4, 0, 0, 0.53%, 0, 5, 3, 46.79
1570686017, 25, 1, 4, 0, 0, 0.53%, 0, 5, 3, 46.09
1570686027, 25, 2, 4, 0, 0, 0.53%, 0, 5, 3, 41.42
1570686032, 25, 3, 4, 0, 0, 0.53%, 0, 5, 3, 42.86
1570686042, 26, 0, 4, 0, 0, 0.53%, 0, 5, 3, 42.63
1570686047, 26, 1, 4, 0, 0, 0.53%, 0, 5, 3, 42.13
1570686057, 26, 2, 4, 0, 0, 0.53%, 0, 5, 3, 42.48
1570686062, 26, 3, 4, 0, 0, 0.53%, 0, 5, 3, 41.74
1570686072, 27, 0, 4, 0, 0, 0.53%, 0, 5, 3, 42.77
1570686077, 27, 1, 4, 0, 0, 0.53%, 0, 5, 3, 42.71
1570686088, 27, 2, 4, 0, 0, 0.53%, 0, 5, 3, 41.77
1570686093, 27, 3, 4, 0, 0, 0.53%, 0, 5, 3, 42.77
1570686103, 28, 0, 4, 0, 0, 0.53%, 0, 5, 3, 41.49
1570686108, 28, 1, 4, 0, 0, 0.53%, 0, 5, 3, 43.33
1570686118, 28, 2, 4, 0, 0, 0.53%, 0, 5, 3, 42.54
1570686129, 28, 3, 4, 0, 0, 0.53%, 0, 5, 3, 39.54
1570686134, 29, 0, 4, 0, 0, 0.53%, 0, 5, 3, 39.73
1570686144, 29, 1, 4, 0, 0, 0.53%, 0, 5, 3, 40.66
1570686154, 29, 2, 4, 0, 0, 0.53%, 0, 5, 3, 36.73
1570686159, 29, 3, 4, 0, 0, 0.53%, 0, 5, 3, 35.35
1570686170, 30, 0, 4, 0, 0, 0.53%, 0, 5, 3, 37.62
1570686180, 30, 1, 4, 0, 0, 0.53%, 0, 5, 3, 39.87
1570686185, 30, 2, 4, 0, 0, 0.53%, 0, 5, 3, 37.81
1570686195, 30, 3, 4, 0, 0, 0.53%, 0, 5, 3, 37.83
1570686205, 31, 0, 4, 0, 0, 0.53%, 0, 5, 3, 37.15
1570686210, 31, 1, 4, 0, 0, 0.53%, 0, 5, 3, 38.73
1570686221, 31, 2, 4, 0, 0, 0.53%, 0, 5, 3, 38.01
1570686231, 31, 3, 4, 0, 0, 0.53%, 0, 5, 3, 34.40
1570686241, 32, 0, 4, 0, 0, 0.53%, 0, 5, 3, 34.51
1570686246, 32, 1, 4, 0, 0, 0.53%, 0, 5, 3, 34.12
1570686256, 32, 2, 4, 0, 0, 0.53%, 0, 5, 3, 33.66
1570686267, 32, 3, 4, 0, 0, 0.53%, 0, 5, 3, 33.89
1570686277, 33, 0, 4, 0, 0, 0.53%, 0, 5, 3, 34.97
1570686282, 33, 1, 4, 0, 0, 0.53%, 0, 5, 3, 34.64
1570686292, 33, 2, 4, 0, 0, 0.53%, 0, 5, 3, 34.63
1570686302, 33, 3, 4, 0, 0, 0.53%, 0, 5, 3, 33.98
1570686313, 34, 0, 4, 0, 0, 0.53%, 0, 5, 3, 34.98
1570686323, 34, 1, 4, 0, 0, 0.53%, 0, 5, 3, 35.32
1570686333, 34, 2, 4, 0, 0, 0.53%, 0, 5, 3, 34.48
1570686344, 34, 3, 4, 0, 0, 0.53%, 0, 5, 3, 34.91
1570686354, 35, 0, 4, 0, 0, 0.53%, 0, 5, 3, 36.14
1570686359, 35, 1, 4, 0, 0, 0.53%, 0, 5, 3, 35.22
1570686369, 35, 2, 4, 0, 0, 0.53%, 0, 5, 3, 34.50
1570686380, 35, 3, 4, 0, 0, 0.53%, 0, 5, 3, 34.84
1570686390, 36, 0, 4, 0, 0, 0.53%, 0, 5, 3, 35.45
1570686400, 36, 1, 4, 0, 0, 0.53%, 0, 5, 3, 35.28
1570686410, 36, 2, 4, 0, 0, 0.53%, 0, 5, 3, 32.40
1570686415, 36, 3, 4, 0, 0, 0.53%, 0, 5, 3, 31.47
1570686431, 37, 0, 4, 0, 0, 0.53%, 0, 5, 3, 30.22
1570686441, 37, 1, 4, 0, 0, 0.53%, 0, 5, 3, 31.16
1570686451, 37, 2, 4, 0, 0, 0.53%, 0, 5, 3, 32.50
1570686461, 37, 3, 4, 0, 0, 0.53%, 0, 5, 3, 30.64
1570686471, 38, 0, 4, 0, 0, 0.53%, 0, 5, 3, 31.07
1570686482, 38, 1, 4, 0, 0, 0.53%, 0, 5, 3, 30.30
1570686492, 38, 2, 4, 0, 0, 0.53%, 0, 5, 3, 29.57
1570686502, 38, 3, 4, 0, 0, 0.53%, 0, 5, 3, 29.60
1570686517, 39, 0, 4, 0, 0, 0.53%, 0, 5, 3, 30.62
1570686522, 39, 1, 4, 0, 0, 0.53%, 0, 5, 3, 31.35
1570686533, 39, 2, 4, 0, 0, 0.53%, 0, 5, 3, 30.36
1570686548, 39, 3, 4, 0, 0, 0.53%, 0, 5, 3, 31.16
1570686558, 40, 0, 4, 0, 0, 0.53%, 0, 5, 3, 32.72
1570686564, 40, 1, 4, 0, 0, 0.53%, 0, 5, 3, 31.67
1570686579, 40, 2, 4, 0, 0, 0.53%, 0, 5, 3, 32.95
1570686584, 40, 3, 4, 0, 0, 0.53%, 0, 5, 3, 32.59
1570686600, 41, 0, 4, 0, 0, 0.53%, 0, 5, 3, 30.79
1570686610, 41, 1, 4, 0, 0, 0.53%, 0, 5, 3, 30.49
1570686620, 41, 2, 4, 0, 0, 0.53%, 0, 5, 3, 32.10
1570686630, 41, 3, 4, 0, 0, 0.53%, 0, 5, 3, 32.50
1570686640, 42, 0, 4, 0, 0, 0.53%, 0, 5, 3, 30.49
1570686651, 42, 1, 4, 0, 0, 0.53%, 0, 5, 3, 31.86
1570686661, 42, 2, 4, 0, 0, 0.53%, 0, 5, 3, 30.55
1570686671, 42, 3, 4, 0, 0, 0.53%, 0, 5, 3, 31.45
1570686686, 43, 0, 4, 0, 0, 0.53%, 0, 5, 3, 31.41
1570686697, 43, 1, 4, 0, 0, 0.53%, 0, 5, 3, 30.59
1570686707, 43, 2, 4, 0, 0, 0.53%, 0, 5, 3, 29.92
1570686717, 43, 3, 5, 1, 0, 0.71%, 0, 5, 4, 30.19
1570686727, 43, 3, 5, 1, 0, 0.71%, 0, 7, 4, 30.89
1570686738, 43, 4, 5, 1, 1, 0.71%, 0, 7, 4, 20.80
1570686744, 43, 4, 6, 2, 1, 0.71%, 0, 9, 5, 2.62
1570686749, 43, 4, 8, 4, 1, 0.72%, 0, 11, 5, 30.29
1570686810, 43, 4, 10, 6, 1, 0.72%, 0, 13, 5, 30.32
1570686872, 43, 4, 13, 9, 1, 0.75%, 0, 14, 5, 34.14
1570686932, 43, 4, 14, 10, 1, 0.75%, 0, 14, 5, 27.24
1570686953, 43, 4, 19, 15, 1, 0.76%, 0, 15, 5, 26.45
1570686968, 43, 4, 22, 18, 1, 0.76%, 0, 15, 5, 27.43
1570687009, 43, 4, 23, 19, 1, 0.77%, 0, 15, 5, 27.95
1570687076, 43, 4, 23, 19, 1, 0.77%, 0, 16, 5, 3.57
1570687081, 43, 4, 24, 20, 1, 0.77%, 0, 16, 5, 27.89
1570687106, 43, 4, 25, 21, 1, 0.77%, 0, 16, 5, 26.66
1570687382, 43, 4, 26, 22, 1, 0.77%, 0, 16, 5, 27.98
1570687387, 43, 4, 26, 22, 1, 0.77%, 0, 17, 5, 20.11
1570687392, 43, 4, 27, 23, 1, 0.78%, 0, 17, 5, 26.52
1570687418, 43, 4, 28, 24, 1, 0.78%, 0, 17, 5, 27.82
1570687546, 43, 7, 28, 23, 15, 0.78%, 0, 17, 5, 25.09
1570688016, 43, 9, 28, 22, 14, 0.78%, 0, 17, 5, 22.40
1570688022, 43, 9, 28, 22, 14, 0.78%, 0, 18, 5, 1.88
1570688525, 43, 12, 28, 21, 13, 0.78%, 0, 18, 5, 20.71
1570688643, 43, 12, 29, 22, 13, 0.78%, 0, 18, 6, 31.59
1570688898, 43, 12, 30, 23, 13, 0.79%, 0, 18, 6, 28.79
1570688980, 43, 12, 31, 24, 13, 0.79%, 0, 18, 6, 28.14
1570689434, 43, 13, 31, 23, 13, 0.79%, 0, 18, 6, 27.49
1570689495, 43, 13, 32, 24, 13, 0.79%, 0, 18, 6, 29.72
1570689925, 43, 15, 32, 23, 11, 0.79%, 0, 18, 6, 29.21
1570690422, 43, 17, 32, 22, 10, 0.79%, 0, 18, 6, 19.95
1570690883, 43, 18, 32, 21, 9, 0.79%, 0, 18, 6, 20.75
1570691297, 43, 18, 32, 21, 9, 0.79%, 0, 19, 6, 15.18
1570691353, 43, 19, 32, 20, 8, 0.79%, 0, 19, 6, 28.91
1570691404, 43, 19, 32, 20, 8, 0.79%, 0, 20, 6, 32.09
1570691624, 43, 20, 32, 19, 7, 0.79%, 0, 20, 6, 31.08
1570691686, 43, 20, 32, 19, 7, 0.79%, 0, 21, 6, 3.60
1570691884, 43, 20, 35, 22, 7, 0.79%, 0, 21, 6, 26.93
1570691889, 43, 20, 38, 25, 7, 0.79%, 0, 21, 6, 29.07
1570691894, 43, 20, 41, 28, 7, 0.79%, 0, 21, 6, 29.87
1570691899, 43, 20, 43, 30, 7, 0.81%, 0, 21, 6, 29.39
1570691904, 43, 20, 45, 32, 7, 0.82%, 0, 22, 6, 31.54
1570691930, 43, 21, 45, 31, 8, 0.82%, 0, 22, 6, 30.67
1570691992, 43, 21, 45, 31, 8, 0.82%, 0, 23, 6, 24.05
1570692191, 43, 22, 45, 30, 7, 0.82%, 0, 23, 6, 28.83
1570692293, 43, 22, 46, 31, 7, 0.82%, 0, 23, 6, 32.22
1570692549, 43, 23, 46, 30, 6, 0.82%, 0, 23, 6, 32.90
1570692585, 43, 23, 47, 31, 6, 0.82%, 0, 23, 6, 28.93
1570692749, 43, 23, 48, 32, 6, 0.82%, 0, 23, 6, 29.52
1570693056, 43, 31, 48, 31, 6, 0.82%, 0, 23, 6, 33.13
1570693174, 43, 31, 48, 31, 6, 0.82%, 0, 24, 6, 5.10
1570693251, 43, 31, 49, 32, 6, 0.82%, 0, 24, 7, 29.13
1570693501, 43, 36, 49, 31, 5, 0.82%, 0, 24, 7, 28.98
1570693573, 43, 36, 50, 32, 5, 0.82%, 0, 24, 7, 29.07
1570693635, 43, 36, 51, 33, 5, 0.82%, 0, 24, 7, 29.56
1570693865, 43, 36, 52, 34, 5, 0.82%, 0, 24, 7, 24.82
1570694090, 43, 36, 53, 35, 5, 0.82%, 0, 24, 7, 26.40
1570694554, 43, 41, 53, 34, 4, 0.82%, 0, 24, 7, 20.04
1570694559, 43, 41, 53, 34, 4, 0.82%, 0, 25, 7, 1.88
1570694871, 43, 41, 54, 35, 4, 0.83%, 0, 25, 7, 31.23
1570695101, 43, 41, 55, 36, 4, 0.83%, 0, 25, 7, 26.87
1570695391, 43, 43, 55, 35, 4, 0.83%, 0, 25, 7, 19.75
1570695398, 43, 43, 55, 35, 4, 0.83%, 0, 26, 7, 2.67
1570696398, 43, 46, 55, 34, 3, 0.83%, 0, 26, 7, 23.96
1570696500, 43, 46, 56, 35, 3, 0.83%, 0, 26, 7, 26.44
1570696525, 43, 46, 56, 35, 3, 0.83%, 0, 27, 7, 25.46
1570696898, 43, 50, 56, 34, 2, 0.83%, 0, 27, 7, 18.51
1570696903, 43, 50, 56, 34, 2, 0.83%, 0, 28, 7, 25.96
1570697475, 43, 53, 56, 33, 1, 0.83%, 0, 28, 7, 18.48
1570697562, 43, 53, 57, 34, 1, 0.83%, 0, 28, 8, 28.17
1570697975, 43, 53, 58, 35, 1, 0.83%, 0, 28, 8, 25.81
1570698097, 43, 53, 59, 36, 1, 0.83%, 0, 28, 8, 24.43
1570698700, 43, 56, 59, 35, 1, 0.83%, 0, 28, 8, 22.96
1570699403, 43, 56, 60, 36, 1, 0.83%, 0, 28, 9, 24.91
1570699842, 43, 57, 60, 35, 0, 0.83%, 0, 28, 9, 21.04
1570700473, 43, 57, 61, 36, 0, 0.83%, 0, 28, 9, 27.18
1570700494, 43, 57, 62, 37, 0, 0.83%, 0, 28, 9, 25.17
1570701096, 43, 59, 62, 36, 0, 0.83%, 0, 28, 9, 23.01
1570702284, 43, 59, 63, 37, 0, 0.83%, 0, 28, 10, 24.17
1570702867, 43, 61, 63, 36, 0, 0.83%, 0, 28, 10, 21.51
