# unix_time, cycles_done, cur_path, paths_total, pending_total, pending_favs, map_size, unique_crashes, unique_hangs, max_depth, execs_per_sec
1570673869, 0, 0, 2, 2, 1, 0.51%, 0, 0, 1, 61.54
1570673880, 0, 0, 3, 3, 1, 0.51%, 0, 0, 2, 63.21
1570673890, 0, 2, 3, 2, 1, 0.51%, 0, 1, 2, 63.11
1570673900, 0, 2, 3, 2, 1, 0.51%, 0, 2, 2, 62.16
1570673905, 0, 2, 4, 3, 1, 0.53%, 0, 2, 3, 61.82
1570673916, 0, 3, 4, 2, 1, 0.53%, 0, 2, 3, 61.99
1570673936, 0, 3, 4, 2, 1, 0.53%, 0, 4, 3, 3.66
1570673946, 1, 1, 4, 1, 0, 0.53%, 0, 4, 3, 62.44
1570673962, 1, 2, 4, 0, 0, 0.53%, 0, 4, 3, 61.85
1570673967, 2, 0, 4, 0, 0, 0.53%, 0, 4, 3, 62.25
1570673972, 2, 1, 4, 0, 0, 0.53%, 0, 4, 3, 62.94
1570673977, 2, 2, 4, 0, 0, 0.53%, 0, 4, 3, 63.26
1570673982, 2, 3, 4, 0, 0, 0.53%, 0, 4, 3, 61.80
1570673987, 3, 0, 4, 0, 0, 0.53%, 0, 4, 3, 61.32
1570673993, 3, 1, 4, 0, 0, 0.53%, 0, 4, 3, 62.07
1570673998, 3, 2, 4, 0, 0, 0.53%, 0, 4, 3, 61.57
1570674003, 3, 3, 4, 0, 0, 0.53%, 0, 4, 3, 59.64
1570674008, 4, 0, 4, 0, 0, 0.53%, 0, 4, 3, 60.08
1570674013, 4, 1, 4, 0, 0, 0.53%, 0, 4, 3, 62.72
1570674018, 4, 2, 4, 0, 0, 0.53%, 0, 4, 3, 63.22
1570674023, 4, 3, 4, 0, 0, 0.53%, 0, 4, 3, 61.06
1570674034, 5, 1, 4, 0, 0, 0.53%, 0, 4, 3, 62.81
1570674044, 5, 2, 4, 0, 0, 0.53%, 0, 4, 3, 63.10
1570674049, 5, 3, 4, 0, 0, 0.53%, 0, 4, 3, 61.33
1570674054, 6, 0, 4, 0, 0, 0.53%, 0, 4, 3, 61.74
1570674059, 6, 1, 4, 0, 0, 0.53%, 0, 4, 3, 62.90
1570674064, 6, 2, 4, 0, 0, 0.53%, 0, 4, 3, 62.60
1570674070, 6, 3, 4, 0, 0, 0.53%, 0, 4, 3, 60.78
1570674075, 7, 0, 4, 0, 0, 0.53%, 0, 4, 3, 62.16
1570674080, 7, 1, 4, 0, 0, 0.53%, 0, 4, 3, 63.05
1570674085, 7, 2, 4, 0, 0, 0.53%, 0, 4, 3, 60.90
1570674090, 7, 3, 4, 0, 0, 0.53%, 0, 4, 3, 60.49
1570674095, 8, 0, 4, 0, 0, 0.53%, 0, 4, 3, 61.37
1570674101, 8, 1, 4, 0, 0, 0.53%, 0, 4, 3, 61.65
1570674106, 8, 2, 4, 0, 0, 0.53%, 0, 4, 3, 62.35
1570674111, 8, 3, 4, 0, 0, 0.53%, 0, 4, 3, 61.90
1570674116, 9, 0, 4, 0, 0, 0.53%, 0, 4, 3, 61.36
1570674121, 9, 1, 4, 0, 0, 0.53%, 0, 4, 3, 62.00
1570674126, 9, 2, 4, 0, 0, 0.53%, 0, 4, 3, 62.30
1570674131, 9, 3, 4, 0, 0, 0.53%, 0, 4, 3, 62.29
1570674137, 10, 0, 4, 0, 0, 0.53%, 0, 4, 3, 60.74
1570674142, 10, 1, 4, 0, 0, 0.53%, 0, 4, 3, 61.30
1570674147, 10, 2, 4, 0, 0, 0.53%, 0, 4, 3, 61.47
1570674152, 10, 3, 4, 0, 0, 0.53%, 0, 4, 3, 60.15
1570674157, 11, 0, 4, 0, 0, 0.53%, 0, 4, 3, 59.01
1570674162, 11, 1, 4, 0, 0, 0.53%, 0, 4, 3, 60.51
1570674172, 11, 2, 4, 0, 0, 0.53%, 0, 4, 3, 60.99
1570674178, 11, 3, 4, 0, 0, 0.53%, 0, 4, 3, 60.46
1570674183, 12, 0, 4, 0, 0, 0.53%, 0, 4, 3, 60.26
1570674188, 12, 1, 4, 0, 0, 0.53%, 0, 4, 3, 61.38
1570674193, 12, 2, 4, 0, 0, 0.53%, 0, 4, 3, 61.18
1570674198, 12, 3, 4, 0, 0, 0.53%, 0, 4, 3, 59.62
1570674203, 13, 0, 4, 0, 0, 0.53%, 0, 4, 3, 61.69
1570674208, 13, 1, 4, 0, 0, 0.53%, 0, 4, 3, 62.29
1570674213, 13, 2, 4, 0, 0, 0.53%, 0, 4, 3, 61.63
1570674219, 13, 3, 4, 0, 0, 0.53%, 0, 4, 3, 60.45
1570674224, 14, 0, 4, 0, 0, 0.53%, 0, 4, 3, 61.06
1570674229, 14, 1, 4, 0, 0, 0.53%, 0, 4, 3, 62.76
1570674234, 14, 2, 4, 0, 0, 0.53%, 0, 4, 3, 62.15
1570674239, 14, 3, 4, 0, 0, 0.53%, 0, 4, 3, 60.96
1570674244, 15, 0, 4, 0, 0, 0.53%, 0, 4, 3, 61.40
1570674249, 15, 1, 4, 0, 0, 0.53%, 0, 4, 3, 62.10
1570674255, 15, 2, 4, 0, 0, 0.53%, 0, 4, 3, 61.47
1570674260, 15, 3, 4, 0, 0, 0.53%, 0, 4, 3, 60.06
1570674265, 16, 0, 4, 0, 0, 0.53%, 0, 4, 3, 59.85
1570674270, 16, 1, 4, 0, 0, 0.53%, 0, 4, 3, 62.70
1570674275, 16, 2, 4, 0, 0, 0.53%, 0, 4, 3, 63.03
1570674280, 16, 3, 4, 0, 0, 0.53%, 0, 4, 3, 63.04
1570674290, 17, 0, 4, 0, 0, 0.53%, 0, 4, 3, 62.85
1570674296, 17, 1, 4, 0, 0, 0.53%, 0, 4, 3, 63.28
1570674301, 17, 2, 4, 0, 0, 0.53%, 0, 4, 3, 60.64
1570674306, 17, 3, 4, 0, 0, 0.53%, 0, 4, 3, 58.87
1570674311, 18, 0, 4, 0, 0, 0.53%, 0, 4, 3, 61.74
1570674316, 18, 1, 4, 0, 0, 0.53%, 0, 4, 3, 62.20
1570674321, 18, 2, 4, 0, 0, 0.53%, 0, 4, 3, 61.98
1570674326, 18, 3, 4, 0, 0, 0.53%, 0, 4, 3, 58.93
1570674331, 19, 0, 4, 0, 0, 0.53%, 0, 4, 3, 61.84
1570674336, 19, 1, 4, 0, 0, 0.53%, 0, 4, 3, 63.16
1570674342, 19, 2, 4, 0, 0, 0.53%, 0, 4, 3, 62.72
1570674347, 19, 3, 4, 0, 0, 0.53%, 0, 4, 3, 58.63
1570674352, 20, 0, 4, 0, 0, 0.53%, 0, 4, 3, 61.36
1570674357, 20, 1, 4, 0, 0, 0.53%, 0, 4, 3, 62.73
1570674362, 20, 2, 4, 0, 0, 0.53%, 0, 4, 3, 62.37
1570674367, 20, 3, 4, 0, 0, 0.53%, 0, 4, 3, 61.99
1570674372, 21, 0, 4, 0, 0, 0.53%, 0, 4, 3, 61.94
1570674377, 21, 1, 4, 0, 0, 0.53%, 0, 4, 3, 61.82
1570674383, 21, 2, 4, 0, 0, 0.53%, 0, 4, 3, 61.38
1570674388, 21, 3, 4, 0, 0, 0.53%, 0, 4, 3, 60.29
1570674393, 22, 0, 4, 0, 0, 0.53%, 0, 4, 3, 62.78
1570674398, 22, 1, 4, 0, 0, 0.53%, 0, 4, 3, 63.04
1570674403, 22, 2, 4, 0, 0, 0.53%, 0, 4, 3, 60.66
1570674408, 22, 3, 4, 0, 0, 0.53%, 0, 4, 3, 61.59
1570674413, 23, 0, 4, 0, 0, 0.53%, 0, 4, 3, 59.68
1570674418, 23, 1, 4, 0, 0, 0.53%, 0, 4, 3, 61.71
1570674424, 23, 2, 4, 0, 0, 0.53%, 0, 4, 3, 62.43
1570674429, 23, 3, 4, 0, 0, 0.53%, 0, 4, 3, 60.84
1570674434, 24, 0, 4, 0, 0, 0.53%, 0, 4, 3, 61.04
1570674439, 24, 1, 4, 0, 0, 0.53%, 0, 4, 3, 62.66
1570674449, 24, 2, 4, 0, 0, 0.53%, 0, 4, 3, 61.75
1570674454, 24, 3, 4, 0, 0, 0.53%, 0, 4, 3, 62.30
1570674460, 25, 0, 4, 0, 0, 0.53%, 0, 4, 3, 63.20
1570674465, 25, 1, 4, 0, 0, 0.53%, 0, 4, 3, 63.35
1570674470, 25, 2, 4, 0, 0, 0.53%, 0, 4, 3, 62.13
1570674475, 25, 3, 4, 0, 0, 0.53%, 0, 4, 3, 59.75
1570674480, 26, 0, 4, 0, 0, 0.53%, 0, 4, 3, 62.19
1570674485, 26, 1, 4, 0, 0, 0.53%, 0, 4, 3, 60.70
1570674490, 26, 2, 4, 0, 0, 0.53%, 0, 4, 3, 60.89
1570674496, 26, 3, 4, 0, 0, 0.53%, 0, 4, 3, 61.10
1570674501, 27, 0, 4, 0, 0, 0.53%, 0, 4, 3, 60.98
1570674506, 27, 1, 4, 0, 0, 0.53%, 0, 4, 3, 62.93
1570674511, 27, 2, 4, 0, 0, 0.53%, 0, 4, 3, 60.78
1570674516, 27, 3, 4, 0, 0, 0.53%, 0, 4, 3, 60.80
1570674521, 28, 0, 4, 0, 0, 0.53%, 0, 4, 3, 61.46
1570674526, 28, 1, 4, 0, 0, 0.53%, 0, 4, 3, 62.98
1570674531, 28, 2, 4, 0, 0, 0.53%, 0, 4, 3, 62.27
1570674537, 28, 3, 4, 0, 0, 0.53%, 0, 4, 3, 62.12
1570674542, 29, 0, 4, 0, 0, 0.53%, 0, 4, 3, 60.35
1570674547, 29, 1, 4, 0, 0, 0.53%, 0, 4, 3, 61.73
1570674552, 29, 2, 4, 0, 0, 0.53%, 0, 4, 3, 63.05
1570674557, 29, 3, 4, 0, 0, 0.53%, 0, 4, 3, 61.76
1570674562, 30, 0, 4, 0, 0, 0.53%, 0, 4, 3, 60.78
1570674567, 30, 1, 4, 0, 0, 0.53%, 0, 4, 3, 62.41
1570674578, 30, 3, 4, 0, 0, 0.53%, 0, 4, 3, 62.53
1570674588, 31, 0, 4, 0, 0, 0.53%, 0, 4, 3, 62.32
1570674593, 31, 1, 4, 0, 0, 0.53%, 0, 4, 3, 62.39
1570674598, 31, 2, 4, 0, 0, 0.53%, 0, 4, 3, 61.27
1570674603, 31, 3, 4, 0, 0, 0.53%, 0, 4, 3, 60.23
1570674608, 32, 0, 4, 0, 0, 0.53%, 0, 4, 3, 61.91
1570674614, 32, 1, 4, 0, 0, 0.53%, 0, 4, 3, 61.05
1570674619, 32, 2, 4, 0, 0, 0.53%, 0, 4, 3, 60.95
1570674624, 32, 3, 4, 0, 0, 0.53%, 0, 4, 3, 60.27
1570674629, 33, 0, 4, 0, 0, 0.53%, 0, 4, 3, 61.81
1570674634, 33, 1, 4, 0, 0, 0.53%, 0, 4, 3, 62.71
1570674639, 33, 2, 4, 0, 0, 0.53%, 0, 4, 3, 61.52
1570674644, 33, 3, 4, 0, 0, 0.53%, 0, 4, 3, 60.10
1570674649, 34, 0, 4, 0, 0, 0.53%, 0, 4, 3, 61.34
1570674655, 34, 1, 4, 0, 0, 0.53%, 0, 4, 3, 61.89
1570674660, 34, 2, 4, 0, 0, 0.53%, 0, 4, 3, 63.06
1570674665, 34, 3, 4, 0, 0, 0.53%, 0, 4, 3, 61.59
1570674670, 35, 0, 4, 0, 0, 0.53%, 0, 4, 3, 61.33
1570674675, 35, 1, 4, 0, 0, 0.53%, 0, 4, 3, 61.73
1570674680, 35, 2, 4, 0, 0, 0.53%, 0, 4, 3, 62.40
1570674686, 35, 3, 4, 0, 0, 0.53%, 0, 4, 3, 60.92
1570674691, 36, 0, 4, 0, 0, 0.53%, 0, 4, 3, 59.75
1570674696, 36, 1, 4, 0, 0, 0.53%, 0, 4, 3, 62.58
1570674701, 36, 2, 4, 0, 0, 0.53%, 0, 4, 3, 59.97
1570674706, 36, 3, 4, 0, 0, 0.53%, 0, 4, 3, 59.30
1570674716, 37, 0, 4, 0, 0, 0.53%, 0, 4, 3, 62.21
1570674721, 37, 1, 4, 0, 0, 0.53%, 0, 4, 3, 63.07
1570674727, 37, 2, 4, 0, 0, 0.53%, 0, 4, 3, 61.30
1570674732, 37, 3, 4, 0, 0, 0.53%, 0, 4, 3, 61.05
1570674737, 38, 0, 4, 0, 0, 0.53%, 0, 4, 3, 62.13
1570674742, 38, 1, 4, 0, 0, 0.53%, 0, 4, 3, 62.53
1570674747, 38, 2, 4, 0, 0, 0.53%, 0, 4, 3, 61.12
1570674752, 38, 3, 4, 0, 0, 0.53%, 0, 4, 3, 61.63
1570674757, 39, 0, 4, 0, 0, 0.53%, 0, 4, 3, 61.61
1570674763, 39, 1, 4, 0, 0, 0.53%, 0, 4, 3, 62.46
1570674768, 39, 2, 4, 0, 0, 0.53%, 0, 4, 3, 61.89
1570674773, 39, 3, 4, 0, 0, 0.53%, 0, 4, 3, 60.07
1570674778, 40, 0, 4, 0, 0, 0.53%, 0, 4, 3, 59.96
1570674783, 40, 1, 4, 0, 0, 0.53%, 0, 4, 3, 62.18
1570674788, 40, 2, 4, 0, 0, 0.53%, 0, 4, 3, 61.13
1570674793, 40, 3, 4, 0, 0, 0.53%, 0, 4, 3, 61.41
1570674798, 41, 0, 4, 0, 0, 0.53%, 0, 4, 3, 61.68
1570674804, 41, 1, 4, 0, 0, 0.53%, 0, 4, 3, 63.00
1570674809, 41, 2, 4, 0, 0, 0.53%, 0, 4, 3, 62.41
1570674814, 41, 3, 4, 0, 0, 0.53%, 0, 4, 3, 61.13
1570674819, 42, 0, 4, 0, 0, 0.53%, 0, 4, 3, 60.10
1570674824, 42, 1, 4, 0, 0, 0.53%, 0, 4, 3, 62.78
1570674829, 42, 2, 4, 0, 0, 0.53%, 0, 4, 3, 62.97
1570674834, 42, 3, 4, 0, 0, 0.53%, 0, 4, 3, 62.20
1570674845, 43, 1, 4, 0, 0, 0.53%, 0, 4, 3, 61.89
1570674855, 43, 3, 4, 0, 0, 0.53%, 0, 4, 3, 61.72
1570674865, 44, 1, 4, 0, 0, 0.53%, 0, 4, 3, 62.36
1570674876, 44, 2, 4, 0, 0, 0.53%, 0, 4, 3, 59.96
1570674881, 44, 3, 4, 0, 0, 0.53%, 0, 4, 3, 61.38
1570674886, 45, 0, 4, 0, 0, 0.53%, 0, 4, 3, 62.78
1570674891, 45, 1, 4, 0, 0, 0.53%, 0, 4, 3, 62.30
1570674896, 45, 2, 4, 0, 0, 0.53%, 0, 4, 3, 62.58
1570674901, 45, 3, 4, 0, 0, 0.53%, 0, 4, 3, 60.48
1570674906, 46, 0, 4, 0, 0, 0.53%, 0, 4, 3, 62.18
1570674912, 46, 1, 4, 0, 0, 0.53%, 0, 4, 3, 63.07
1570674917, 46, 2, 4, 0, 0, 0.53%, 0, 4, 3, 60.97
1570674922, 46, 3, 4, 0, 0, 0.53%, 0, 4, 3, 61.53
1570674927, 47, 0, 4, 0, 0, 0.53%, 0, 4, 3, 61.66
1570674932, 47, 1, 4, 0, 0, 0.53%, 0, 4, 3, 61.79
1570674937, 47, 2, 4, 0, 0, 0.53%, 0, 4, 3, 62.93
1570674942, 47, 3, 4, 0, 0, 0.53%, 0, 4, 3, 60.84
1570674953, 48, 1, 4, 0, 0, 0.53%, 0, 4, 3, 62.01
1570674963, 48, 2, 4, 0, 0, 0.53%, 0, 4, 3, 60.17
1570674968, 48, 3, 4, 0, 0, 0.53%, 0, 4, 3, 60.03
1570674973, 49, 0, 4, 0, 0, 0.53%, 0, 4, 3, 62.11
1570674978, 49, 1, 4, 0, 0, 0.53%, 0, 4, 3, 63.01
1570674984, 49, 2, 4, 0, 0, 0.53%, 0, 4, 3, 62.28
1570674989, 49, 3, 4, 0, 0, 0.53%, 0, 4, 3, 58.92
1570674994, 50, 0, 4, 0, 0, 0.53%, 0, 4, 3, 61.17
1570674999, 50, 1, 4, 0, 0, 0.53%, 0, 4, 3, 62.84
1570675004, 50, 2, 4, 0, 0, 0.53%, 0, 4, 3, 62.09
1570675009, 50, 3, 4, 0, 0, 0.53%, 0, 4, 3, 62.92
1570675014, 51, 0, 4, 0, 0, 0.53%, 0, 4, 3, 60.93
1570675020, 51, 1, 4, 0, 0, 0.53%, 0, 4, 3, 62.64
1570675025, 51, 2, 4, 0, 0, 0.53%, 0, 4, 3, 61.76
1570675030, 51, 3, 4, 0, 0, 0.53%, 0, 4, 3, 61.31
1570675035, 52, 0, 4, 0, 0, 0.53%, 0, 4, 3, 60.94
1570675040, 52, 1, 4, 0, 0, 0.53%, 0, 4, 3, 62.48
1570675045, 52, 2, 4, 0, 0, 0.53%, 0, 4, 3, 62.60
1570675050, 52, 3, 4, 0, 0, 0.53%, 0, 4, 3, 60.29
1570675056, 53, 0, 4, 0, 0, 0.53%, 0, 4, 3, 60.90
1570675061, 53, 1, 4, 0, 0, 0.53%, 0, 4, 3, 62.03
1570675071, 53, 2, 4, 0, 0, 0.53%, 0, 4, 3, 62.49
1570675076, 53, 3, 4, 0, 0, 0.53%, 0, 4, 3, 60.04
1570675081, 54, 0, 4, 0, 0, 0.53%, 0, 4, 3, 61.99
1570675087, 54, 1, 4, 0, 0, 0.53%, 0, 4, 3, 61.74
1570675092, 54, 2, 4, 0, 0, 0.53%, 0, 4, 3, 62.43
1570675097, 54, 3, 4, 0, 0, 0.53%, 0, 4, 3, 61.80
1570675102, 55, 0, 4, 0, 0, 0.53%, 0, 4, 3, 62.06
