# unix_time, cycles_done, cur_path, paths_total, pending_total, pending_favs, map_size, unique_crashes, unique_hangs, max_depth, execs_per_sec
1567568225, 0, 0, 4, 4, 1, 1.71%, 0, 0, 1, 372.09
1567568230, 0, 3, 7, 7, 1, 1.83%, 0, 0, 2, 400.85
1567568235, 0, 3, 8, 8, 1, 1.83%, 0, 0, 2, 404.32
1567568251, 0, 6, 8, 6, 0, 1.83%, 0, 0, 2, 406.65
1567568256, 0, 7, 8, 5, 0, 1.83%, 0, 0, 2, 408.77
1567568266, 0, 7, 9, 6, 0, 1.84%, 0, 0, 3, 407.29
1567568271, 0, 8, 9, 5, 0, 1.84%, 0, 0, 3, 407.09
1567568276, 0, 8, 11, 7, 0, 1.84%, 0, 0, 4, 408.39
1567568292, 1, 1, 11, 6, 0, 1.84%, 0, 0, 4, 406.03
1567568297, 1, 10, 12, 6, 0, 1.84%, 0, 0, 4, 405.76
1567568322, 2, 11, 12, 5, 0, 1.84%, 0, 0, 4, 408.94
1567568333, 3, 0, 12, 4, 0, 1.84%, 0, 0, 4, 411.79
1567568338, 4, 9, 12, 3, 0, 1.84%, 0, 0, 4, 409.25
1567568363, 5, 2, 12, 2, 0, 1.84%, 0, 0, 4, 414.52
1567568368, 6, 5, 12, 1, 0, 1.84%, 0, 0, 4, 414.47
1567568373, 7, 4, 12, 1, 0, 1.84%, 0, 0, 4, 416.38
1567568378, 11, 5, 12, 0, 0, 1.84%, 0, 0, 4, 415.86
1567568384, 15, 1, 12, 0, 0, 1.84%, 0, 0, 4, 407.84
1567568389, 16, 4, 13, 1, 0, 1.85%, 0, 0, 4, 258.11
1567568394, 17, 5, 13, 1, 0, 1.85%, 0, 0, 4, 378.25
1567568399, 20, 12, 13, 1, 0, 1.85%, 0, 0, 4, 397.08
1567568414, 24, 4, 13, 0, 0, 1.85%, 0, 0, 4, 415.82
1567568419, 28, 2, 13, 0, 0, 1.85%, 0, 0, 4, 418.63
1567568424, 29, 12, 13, 0, 0, 1.85%, 0, 0, 4, 419.25
1567568429, 30, 6, 13, 0, 0, 1.85%, 0, 0, 4, 418.25
1567568434, 35, 8, 13, 0, 0, 1.85%, 0, 0, 4, 419.11
1567568439, 38, 8, 13, 0, 0, 1.85%, 0, 0, 4, 418.54
1567568444, 39, 12, 13, 0, 0, 1.85%, 0, 0, 4, 411.35
1567568449, 42, 11, 13, 0, 0, 1.85%, 0, 0, 4, 411.72
1567568454, 43, 10, 13, 0, 0, 1.85%, 0, 0, 4, 410.86
1567568460, 44, 12, 13, 0, 0, 1.85%, 0, 0, 4, 407.93
1567568465, 46, 6, 13, 0, 0, 1.85%, 0, 0, 4, 410.63
1567568470, 48, 7, 13, 0, 0, 1.85%, 0, 0, 4, 411.34
1567568475, 54, 5, 13, 0, 0, 1.85%, 0, 0, 4, 413.08
1567568480, 57, 13, 14, 1, 1, 1.85%, 0, 0, 4, 418.20
1567568490, 58, 13, 14, 0, 0, 1.85%, 0, 0, 4, 418.90
1567568495, 60, 8, 14, 0, 0, 1.85%, 0, 0, 4, 420.14
1567568500, 62, 13, 14, 0, 0, 1.85%, 0, 0, 4, 420.90
1567568505, 64, 0, 14, 0, 0, 1.85%, 0, 0, 4, 419.43
1567568510, 64, 13, 14, 0, 0, 1.85%, 0, 0, 4, 420.13
1567568515, 65, 9, 15, 1, 0, 1.85%, 0, 0, 5, 392.25
1567568520, 65, 14, 15, 1, 0, 1.85%, 0, 0, 5, 412.71
1567568571, 67, 2, 15, 0, 0, 1.85%, 0, 0, 5, 418.07
1567568576, 68, 1, 15, 0, 0, 1.85%, 0, 0, 5, 418.40
1567568581, 69, 13, 15, 0, 0, 1.85%, 0, 0, 5, 416.85
1567568586, 70, 13, 15, 0, 0, 1.85%, 0, 0, 5, 417.07
1567568591, 71, 14, 15, 0, 0, 1.85%, 0, 0, 5, 417.77
1567568606, 76, 3, 15, 0, 0, 1.85%, 0, 0, 5, 417.88
1567568611, 76, 14, 15, 0, 0, 1.85%, 0, 0, 5, 410.00
1567568621, 77, 6, 15, 0, 0, 1.85%, 0, 0, 5, 408.55
1567568627, 81, 8, 15, 0, 0, 1.85%, 0, 0, 5, 409.21
1567568632, 84, 0, 15, 0, 0, 1.85%, 0, 0, 5, 408.54
1567568637, 87, 2, 15, 0, 0, 1.85%, 0, 0, 5, 408.87
1567568642, 92, 13, 15, 0, 0, 1.85%, 0, 0, 5, 405.38
1567568647, 92, 15, 16, 1, 1, 1.86%, 0, 0, 5, 408.89
1567568668, 93, 15, 16, 0, 0, 1.86%, 0, 0, 5, 405.04
1567568673, 94, 15, 16, 0, 0, 1.86%, 0, 0, 5, 406.97
1567568678, 95, 15, 16, 0, 0, 1.86%, 0, 0, 5, 412.19
1567568683, 96, 15, 16, 0, 0, 1.86%, 0, 0, 5, 413.45
1567568688, 97, 15, 16, 0, 0, 1.86%, 0, 0, 5, 413.22
1567568693, 98, 15, 16, 0, 0, 1.86%, 0, 0, 5, 410.40
1567568698, 99, 14, 16, 0, 0, 1.86%, 0, 0, 5, 404.19
1567568714, 99, 15, 16, 0, 0, 1.86%, 0, 0, 5, 397.69
1567568719, 100, 4, 16, 0, 0, 1.86%, 0, 0, 5, 404.33
1567568724, 100, 15, 16, 0, 0, 1.86%, 0, 0, 5, 403.56
1567568729, 101, 15, 16, 0, 0, 1.86%, 0, 0, 5, 402.54
1567568734, 102, 15, 16, 0, 0, 1.86%, 0, 0, 5, 404.53
1567568740, 103, 15, 16, 0, 0, 1.86%, 0, 0, 5, 404.33
1567568745, 104, 15, 16, 0, 0, 1.86%, 0, 0, 5, 404.12
1567568750, 105, 15, 16, 0, 0, 1.86%, 0, 0, 5, 408.02
1567568755, 106, 15, 16, 0, 0, 1.86%, 0, 0, 5, 408.72
1567568760, 107, 15, 16, 0, 0, 1.86%, 0, 0, 5, 411.04
1567568765, 108, 15, 16, 0, 0, 1.86%, 0, 0, 5, 410.68
1567568770, 109, 11, 16, 0, 0, 1.86%, 0, 0, 5, 413.29
1567568775, 109, 15, 16, 0, 0, 1.86%, 0, 0, 5, 409.30
1567568781, 110, 15, 16, 0, 0, 1.86%, 0, 0, 5, 417.56
1567568786, 111, 15, 16, 0, 0, 1.86%, 0, 0, 5, 419.25
1567568791, 112, 15, 16, 0, 0, 1.86%, 0, 0, 5, 417.61
1567568796, 113, 6, 16, 0, 0, 1.86%, 0, 0, 5, 418.86
1567568801, 113, 15, 16, 0, 0, 1.86%, 0, 0, 5, 420.57
1567568806, 114, 15, 16, 0, 0, 1.86%, 0, 0, 5, 419.62
1567568811, 116, 15, 16, 0, 0, 1.86%, 0, 0, 5, 420.91
1567568816, 118, 14, 16, 0, 0, 1.86%, 0, 0, 5, 421.31
1567568826, 119, 15, 16, 0, 0, 1.86%, 0, 0, 5, 420.69
1567568831, 121, 9, 16, 0, 0, 1.86%, 0, 0, 5, 420.87
1567568836, 122, 1, 16, 0, 0, 1.86%, 0, 0, 5, 415.48
1567568841, 123, 15, 16, 0, 0, 1.86%, 0, 0, 5, 419.82
1567568846, 127, 15, 16, 0, 0, 1.86%, 0, 0, 5, 421.35
1567568851, 128, 14, 16, 0, 0, 1.86%, 0, 0, 5, 419.39
1567568861, 129, 9, 16, 0, 0, 1.86%, 0, 0, 5, 416.37
1567568866, 130, 0, 16, 0, 0, 1.86%, 0, 0, 5, 411.24
1567568871, 132, 15, 16, 0, 0, 1.86%, 0, 0, 5, 412.87
1567568876, 134, 10, 16, 0, 0, 1.86%, 0, 0, 5, 411.59
1567568881, 137, 2, 16, 0, 0, 1.86%, 0, 0, 5, 405.24
1567568887, 140, 15, 16, 0, 0, 1.86%, 0, 0, 5, 407.38
1567568892, 143, 8, 16, 0, 0, 1.86%, 0, 0, 5, 407.13
1567568897, 143, 14, 16, 0, 0, 1.86%, 0, 0, 5, 401.22
1567568907, 143, 15, 16, 0, 0, 1.86%, 0, 0, 5, 407.69
1567568912, 145, 15, 16, 0, 0, 1.86%, 0, 0, 5, 409.20
1567568918, 147, 10, 16, 0, 0, 1.86%, 0, 0, 5, 410.81
1567568923, 148, 10, 16, 0, 0, 1.86%, 0, 0, 5, 411.64
1567568928, 149, 6, 16, 0, 0, 1.86%, 0, 0, 5, 413.21
1567568933, 150, 10, 16, 0, 0, 1.86%, 0, 0, 5, 419.30
1567568938, 152, 14, 16, 0, 0, 1.86%, 0, 0, 5, 405.59
1567568953, 153, 7, 16, 0, 0, 1.86%, 0, 0, 5, 421.39
1567568958, 155, 14, 16, 0, 0, 1.86%, 0, 0, 5, 420.35
1567568973, 156, 7, 16, 0, 0, 1.86%, 0, 0, 5, 413.94
1567568978, 157, 4, 16, 0, 0, 1.86%, 0, 0, 5, 409.47
1567568983, 159, 15, 16, 0, 0, 1.86%, 0, 0, 5, 408.73
1567568988, 161, 2, 16, 0, 0, 1.86%, 0, 0, 5, 407.08
1567568994, 161, 15, 16, 0, 0, 1.86%, 0, 0, 5, 409.02
1567568999, 164, 15, 16, 0, 0, 1.86%, 0, 0, 5, 409.98
1567569004, 167, 15, 16, 0, 0, 1.86%, 0, 0, 5, 405.90
1567569009, 169, 15, 16, 0, 0, 1.86%, 0, 0, 5, 402.40
1567569014, 171, 2, 16, 0, 0, 1.86%, 0, 0, 5, 399.61
1567569019, 172, 14, 16, 0, 0, 1.86%, 0, 0, 5, 402.90
1567569284, 173, 15, 16, 0, 0, 1.86%, 0, 0, 5, 406.42
1567569289, 175, 13, 16, 0, 0, 1.86%, 0, 0, 5, 413.39
1567569294, 177, 12, 16, 0, 0, 1.86%, 0, 0, 5, 414.97
1567569299, 178, 14, 16, 0, 0, 1.86%, 0, 0, 5, 416.18
1567569309, 178, 15, 16, 0, 0, 1.86%, 0, 0, 5, 411.52
1567569314, 181, 15, 16, 0, 0, 1.86%, 0, 0, 5, 411.51
1567569319, 183, 9, 16, 0, 0, 1.86%, 0, 0, 5, 411.10
1567569324, 184, 15, 16, 0, 0, 1.86%, 0, 0, 5, 412.13
1567569330, 185, 15, 16, 0, 0, 1.86%, 0, 0, 5, 412.27
1567569335, 189, 15, 16, 0, 0, 1.86%, 0, 0, 5, 405.74
1567569340, 192, 15, 16, 0, 0, 1.86%, 0, 0, 5, 406.56
1567570209, 194, 6, 16, 0, 0, 1.86%, 0, 0, 5, 0.00
