# unix_time, cycles_done, cur_path, paths_total, pending_total, pending_favs, map_size, unique_crashes, unique_hangs, max_depth, execs_per_sec
1569638207, 0, 0, 4, 4, 2, 0.38%, 0, 0, 1, 51.81
1569638212, 0, 1, 6, 6, 2, 0.40%, 0, 0, 2, 52.27
1569638217, 0, 1, 7, 7, 2, 0.40%, 0, 0, 2, 52.50
1569638222, 0, 1, 8, 8, 2, 0.40%, 0, 0, 2, 52.43
1569638227, 0, 1, 10, 10, 2, 0.41%, 0, 0, 2, 52.52
1569638232, 0, 1, 11, 11, 2, 0.41%, 0, 0, 2, 52.45
1569638237, 0, 1, 12, 12, 2, 0.41%, 0, 0, 2, 52.35
1569638242, 0, 1, 14, 14, 2, 0.41%, 0, 0, 2, 53.11
1569638257, 0, 1, 15, 15, 2, 0.42%, 0, 0, 2, 51.98
1569638272, 0, 1, 17, 17, 2, 0.42%, 0, 0, 2, 51.23
1569638293, 0, 1, 19, 19, 2, 0.43%, 0, 0, 2, 51.66
1569638308, 0, 1, 20, 20, 2, 0.43%, 0, 0, 2, 52.01
1569638318, 0, 1, 21, 21, 2, 0.44%, 0, 0, 2, 52.37
1569638338, 0, 1, 23, 23, 2, 0.44%, 0, 0, 2, 52.33
1569638379, 0, 1, 24, 24, 2, 0.45%, 0, 0, 2, 51.93
1569638409, 0, 1, 25, 25, 2, 0.45%, 0, 0, 2, 51.54
1569638450, 0, 1, 26, 26, 2, 0.45%, 0, 0, 2, 52.19
1569638460, 0, 1, 27, 27, 2, 0.46%, 0, 0, 2, 52.11
1569638470, 0, 1, 28, 28, 2, 0.46%, 0, 0, 2, 52.24
1569638510, 0, 1, 29, 29, 2, 0.46%, 0, 0, 2, 52.33
1569638520, 0, 1, 31, 31, 2, 0.47%, 0, 0, 2, 52.20
1569638536, 0, 1, 32, 32, 2, 0.47%, 0, 0, 2, 48.33
1569638556, 0, 1, 33, 33, 2, 0.48%, 0, 0, 2, 47.58
1569638566, 0, 7, 33, 32, 4, 0.48%, 0, 0, 2, 47.63
1569638602, 0, 10, 33, 31, 3, 0.48%, 0, 0, 2, 48.30
1569638612, 0, 13, 33, 30, 2, 0.48%, 0, 0, 2, 48.18
1569638622, 0, 19, 33, 29, 1, 0.48%, 0, 0, 2, 48.47
1569638638, 0, 25, 34, 29, 0, 0.48%, 0, 0, 3, 47.35
1569638653, 0, 25, 35, 30, 0, 0.48%, 0, 0, 3, 47.55
1569638674, 1, 2, 35, 29, 0, 0.48%, 0, 0, 3, 48.44
1569638705, 1, 3, 35, 28, 0, 0.48%, 0, 0, 3, 48.25
1569638735, 1, 5, 35, 27, 0, 0.48%, 0, 0, 3, 47.53
1569638766, 1, 5, 36, 28, 0, 0.48%, 0, 0, 3, 47.27
1569638781, 1, 7, 36, 27, 0, 0.48%, 0, 0, 3, 48.29
1569638786, 1, 8, 36, 27, 0, 0.48%, 0, 0, 3, 48.47
1569638817, 1, 9, 36, 26, 0, 0.48%, 0, 0, 3, 48.94
1569638838, 1, 9, 37, 27, 0, 0.49%, 0, 0, 3, 48.26
1569638858, 1, 10, 37, 26, 0, 0.49%, 0, 0, 3, 47.64
1569638863, 1, 15, 37, 26, 0, 0.49%, 0, 0, 3, 47.70
1569639087, 1, 17, 37, 25, 0, 0.49%, 0, 0, 3, 48.57
1569639108, 1, 30, 37, 24, 0, 0.49%, 0, 0, 3, 48.47
1569639134, 1, 35, 37, 23, 0, 0.49%, 0, 0, 3, 47.43
1569639170, 2, 7, 37, 22, 0, 0.49%, 0, 0, 3, 48.49
1569639175, 2, 10, 38, 23, 0, 0.49%, 0, 0, 3, 47.92
1569639180, 2, 13, 38, 23, 0, 0.49%, 0, 0, 3, 47.04
1569639185, 2, 18, 38, 23, 0, 0.49%, 0, 0, 3, 46.78
1569639200, 2, 24, 38, 22, 0, 0.49%, 0, 0, 3, 47.02
1569639231, 2, 24, 39, 23, 0, 0.49%, 0, 0, 3, 47.53
1569639313, 2, 24, 40, 24, 0, 0.50%, 0, 0, 3, 48.98
1569639318, 2, 24, 41, 25, 0, 0.50%, 0, 0, 3, 48.74
1569639344, 3, 4, 41, 24, 0, 0.50%, 0, 0, 3, 48.68
1569639374, 3, 5, 41, 23, 0, 0.50%, 0, 0, 3, 47.59
1569639379, 3, 9, 41, 23, 0, 0.50%, 0, 0, 3, 47.87
1569639384, 3, 11, 41, 23, 0, 0.50%, 0, 0, 3, 48.15
1569639405, 3, 11, 42, 24, 0, 0.50%, 0, 0, 3, 47.38
1569639415, 3, 11, 43, 25, 0, 0.50%, 0, 0, 3, 47.34
1569639543, 3, 13, 43, 24, 0, 0.50%, 0, 0, 3, 48.63
1569639548, 3, 16, 43, 24, 0, 0.50%, 0, 0, 3, 48.76
1569639604, 3, 34, 43, 23, 0, 0.50%, 0, 0, 3, 47.63
1569639630, 3, 34, 44, 24, 0, 0.50%, 0, 0, 4, 47.74
1569639645, 3, 39, 44, 23, 0, 0.50%, 0, 0, 4, 48.10
1569639691, 3, 39, 45, 24, 0, 0.51%, 0, 0, 4, 48.30
1569639794, 3, 39, 46, 25, 0, 0.51%, 0, 0, 4, 48.06
1569639825, 3, 44, 46, 24, 0, 0.51%, 0, 0, 4, 48.46
1569639999, 4, 7, 46, 23, 0, 0.51%, 0, 0, 4, 48.11
1569640004, 4, 12, 46, 23, 0, 0.51%, 0, 0, 4, 48.32
1569640040, 4, 12, 47, 24, 0, 0.51%, 0, 0, 4, 47.11
1569640045, 4, 12, 48, 25, 0, 0.52%, 0, 0, 4, 46.72
1569640055, 4, 13, 48, 24, 0, 0.52%, 0, 0, 4, 47.38
1569640060, 4, 14, 48, 24, 0, 0.52%, 0, 0, 4, 47.41
1569640173, 4, 23, 48, 23, 0, 0.52%, 0, 0, 4, 47.46
1569640188, 4, 23, 49, 24, 0, 0.52%, 0, 0, 4, 47.10
1569640204, 4, 26, 49, 23, 0, 0.52%, 0, 0, 4, 47.28
1569640260, 4, 29, 49, 22, 0, 0.52%, 0, 0, 4, 48.16
1569640270, 4, 36, 49, 21, 0, 0.52%, 0, 0, 4, 47.70
1569640311, 4, 37, 49, 20, 0, 0.52%, 0, 0, 4, 46.77
1569640356, 4, 41, 49, 19, 0, 0.52%, 0, 0, 4, 47.71
1569640536, 4, 46, 49, 18, 0, 0.52%, 0, 0, 4, 47.52
1569640551, 4, 46, 50, 19, 0, 0.52%, 0, 0, 4, 48.10
1569640617, 4, 48, 50, 18, 0, 0.52%, 0, 0, 4, 47.95
1569640678, 5, 6, 50, 17, 0, 0.52%, 0, 0, 4, 48.85
1569640704, 5, 6, 51, 18, 0, 0.53%, 0, 0, 4, 47.95
1569640724, 5, 10, 51, 17, 0, 0.53%, 0, 0, 4, 48.50
1569640730, 5, 15, 51, 17, 0, 0.53%, 0, 0, 4, 47.78
1569640735, 5, 22, 51, 17, 0, 0.53%, 0, 0, 4, 46.53
1569640755, 5, 27, 51, 16, 0, 0.53%, 0, 0, 4, 46.86
1569640900, 5, 28, 51, 15, 0, 0.53%, 0, 0, 4, 48.56
1569641083, 5, 33, 51, 14, 0, 0.53%, 0, 0, 4, 48.01
1569641119, 5, 38, 51, 13, 0, 0.53%, 0, 0, 4, 48.08
1569641283, 5, 40, 51, 12, 0, 0.53%, 0, 0, 4, 48.71
1569641452, 5, 42, 51, 11, 0, 0.53%, 0, 0, 4, 48.01
1569641539, 5, 42, 53, 13, 0, 0.53%, 0, 0, 4, 48.57
1569641641, 5, 43, 53, 12, 0, 0.53%, 0, 0, 4, 48.35
1569641713, 5, 49, 53, 11, 0, 0.53%, 0, 0, 4, 46.58
1569641841, 5, 51, 53, 10, 0, 0.53%, 0, 0, 4, 48.40
1569642051, 5, 51, 54, 11, 0, 0.54%, 0, 0, 5, 48.27
1569642173, 5, 52, 54, 10, 0, 0.54%, 0, 0, 5, 48.80
1569642428, 6, 7, 54, 9, 0, 0.54%, 0, 0, 5, 47.45
1569642434, 6, 11, 54, 9, 0, 0.54%, 0, 0, 5, 46.71
1569642439, 6, 16, 54, 9, 0, 0.54%, 0, 0, 5, 47.18
1569642444, 6, 31, 54, 9, 0, 0.54%, 0, 0, 5, 47.85
1569642510, 6, 50, 54, 8, 0, 0.54%, 0, 0, 5, 48.06
1569642638, 6, 53, 54, 7, 0, 0.54%, 0, 0, 5, 48.64
1569642920, 6, 53, 55, 8, 0, 0.54%, 0, 0, 6, 46.77
1569643078, 7, 0, 55, 7, 0, 0.54%, 0, 0, 6, 48.40
1569643115, 7, 10, 55, 6, 0, 0.54%, 0, 0, 6, 47.66
1569643120, 7, 19, 55, 6, 0, 0.54%, 0, 0, 6, 48.34
1569643125, 7, 20, 55, 6, 0, 0.54%, 0, 0, 6, 48.40
1569643151, 7, 21, 55, 5, 0, 0.54%, 0, 0, 6, 47.97
1569643233, 7, 47, 55, 4, 0, 0.54%, 0, 0, 6, 47.65
1569643310, 8, 6, 55, 3, 0, 0.54%, 0, 0, 6, 48.11
1569643320, 8, 7, 55, 3, 0, 0.54%, 0, 0, 6, 48.25
1569643325, 8, 10, 55, 3, 0, 0.54%, 0, 0, 6, 48.14
1569643330, 8, 19, 55, 3, 0, 0.54%, 0, 0, 6, 48.34
1569643336, 8, 33, 55, 3, 0, 0.54%, 0, 0, 6, 48.29
1569643341, 8, 34, 55, 3, 0, 0.54%, 0, 0, 6, 48.36
1569643351, 8, 40, 55, 3, 0, 0.54%, 0, 0, 6, 48.41
1569643361, 8, 44, 55, 3, 0, 0.54%, 0, 0, 6, 48.41
1569643392, 8, 45, 55, 3, 0, 0.54%, 0, 0, 6, 48.49
1569643505, 9, 7, 55, 2, 0, 0.54%, 0, 0, 6, 48.27
1569643510, 9, 10, 55, 2, 0, 0.54%, 0, 0, 6, 48.35
1569643515, 9, 19, 55, 2, 0, 0.54%, 0, 0, 6, 47.76
1569643520, 9, 35, 55, 2, 0, 0.54%, 0, 0, 6, 47.71
1569643525, 9, 37, 55, 2, 0, 0.54%, 0, 0, 6, 47.58
1569643541, 9, 51, 55, 2, 0, 0.54%, 0, 0, 6, 48.27
1569643572, 9, 54, 55, 2, 0, 0.54%, 0, 0, 6, 48.36
1569644057, 10, 7, 55, 1, 0, 0.54%, 0, 0, 6, 46.79
1569644062, 10, 10, 55, 1, 0, 0.54%, 0, 0, 6, 47.09
1569644068, 10, 11, 55, 1, 0, 0.54%, 0, 0, 6, 47.02
1569644073, 10, 12, 56, 2, 0, 0.54%, 0, 0, 6, 46.70
1569644083, 10, 14, 56, 2, 0, 0.54%, 0, 0, 6, 46.83
1569644093, 10, 27, 56, 2, 0, 0.54%, 0, 0, 6, 46.77
1569644103, 10, 28, 56, 2, 0, 0.54%, 0, 0, 6, 46.73
1569644108, 10, 55, 56, 2, 0, 0.54%, 0, 0, 6, 46.69
1569644452, 11, 0, 56, 1, 0, 0.54%, 0, 0, 6, 46.79
1569644462, 11, 7, 56, 1, 0, 0.54%, 0, 0, 6, 46.72
1569644468, 11, 10, 56, 1, 0, 0.54%, 0, 0, 6, 47.07
1569644473, 11, 19, 56, 1, 0, 0.54%, 0, 0, 6, 46.72
1569644478, 12, 7, 56, 1, 0, 0.54%, 0, 0, 6, 47.89
1569644483, 12, 10, 56, 1, 0, 0.54%, 0, 0, 6, 48.55
1569644488, 12, 19, 56, 1, 0, 0.54%, 0, 0, 6, 48.66
1569644493, 12, 47, 56, 1, 0, 0.54%, 0, 0, 6, 48.69
1569644498, 12, 49, 56, 1, 0, 0.54%, 0, 0, 6, 48.59
1569644514, 12, 55, 56, 1, 0, 0.54%, 0, 0, 6, 48.50
1569644545, 13, 7, 56, 1, 0, 0.54%, 0, 0, 6, 47.04
1569644555, 13, 13, 56, 1, 0, 0.54%, 0, 0, 6, 46.72
1569644560, 13, 21, 56, 1, 0, 0.54%, 0, 0, 6, 47.22
1569644570, 13, 27, 56, 1, 0, 0.54%, 0, 0, 6, 48.47
1569644576, 13, 29, 56, 1, 0, 0.54%, 0, 0, 6, 48.24
1569644581, 13, 31, 56, 1, 0, 0.54%, 0, 0, 6, 48.47
1569644586, 13, 32, 56, 1, 0, 0.54%, 0, 0, 6, 48.41
1569644893, 13, 36, 56, 0, 0, 0.54%, 0, 0, 6, 46.72
1569644898, 13, 47, 56, 0, 0, 0.54%, 0, 0, 6, 46.96
1569644908, 14, 5, 56, 0, 0, 0.54%, 0, 0, 6, 48.27
1569644914, 14, 7, 56, 0, 0, 0.54%, 0, 0, 6, 48.32
1569644924, 14, 11, 56, 0, 0, 0.54%, 0, 0, 6, 48.21
1569644934, 14, 19, 56, 0, 0, 0.54%, 0, 0, 6, 48.13
1569644940, 15, 2, 56, 0, 0, 0.54%, 0, 0, 6, 48.36
1569644945, 15, 7, 56, 0, 0, 0.54%, 0, 0, 6, 48.50
1569644950, 15, 10, 56, 0, 0, 0.54%, 0, 0, 6, 48.56
1569644955, 15, 11, 56, 0, 0, 0.54%, 0, 0, 6, 48.13
1569644960, 15, 13, 56, 0, 0, 0.54%, 0, 0, 6, 48.56
1569644965, 15, 44, 56, 0, 0, 0.54%, 0, 0, 6, 48.46
1569645001, 15, 51, 56, 0, 0, 0.54%, 0, 0, 6, 46.82
1569645016, 16, 4, 56, 0, 0, 0.54%, 0, 0, 6, 46.18
1569645021, 16, 7, 56, 0, 0, 0.54%, 0, 0, 6, 46.07
1569645032, 16, 13, 56, 0, 0, 0.54%, 0, 0, 6, 48.14
1569645037, 16, 36, 56, 0, 0, 0.54%, 0, 0, 6, 48.22
1569645047, 16, 45, 56, 0, 0, 0.54%, 0, 0, 6, 48.44
1569645073, 17, 7, 56, 0, 0, 0.54%, 0, 0, 6, 47.72
1569645083, 17, 10, 56, 0, 0, 0.54%, 0, 0, 6, 47.09
1569645088, 17, 19, 56, 0, 0, 0.54%, 0, 0, 6, 47.06
1569645093, 17, 21, 56, 0, 0, 0.54%, 0, 0, 6, 47.96
1569645098, 17, 28, 56, 0, 0, 0.54%, 0, 0, 6, 48.14
1569645108, 17, 41, 56, 0, 0, 0.54%, 0, 0, 6, 47.66
1569645124, 17, 42, 56, 0, 0, 0.54%, 0, 0, 6, 47.39
1569645134, 18, 7, 56, 0, 0, 0.54%, 0, 0, 6, 47.05
1569645144, 18, 13, 56, 0, 0, 0.54%, 0, 0, 6, 48.40
1569645149, 19, 7, 56, 0, 0, 0.54%, 0, 0, 6, 48.34
1569645159, 19, 12, 56, 0, 0, 0.54%, 0, 0, 6, 48.50
1569645170, 19, 17, 56, 0, 0, 0.54%, 0, 0, 6, 48.54
1569645175, 19, 19, 56, 0, 0, 0.54%, 0, 0, 6, 48.45
1569645180, 19, 25, 56, 0, 0, 0.54%, 0, 0, 6, 47.90
1569645185, 19, 36, 56, 0, 0, 0.54%, 0, 0, 6, 47.55
1569645195, 19, 43, 56, 0, 0, 0.54%, 0, 0, 6, 47.21
1569645226, 19, 53, 56, 0, 0, 0.54%, 0, 0, 6, 47.57
1569645256, 20, 7, 56, 0, 0, 0.54%, 0, 0, 6, 48.53
1569645266, 20, 11, 56, 0, 0, 0.54%, 0, 0, 6, 48.59
1569645272, 20, 13, 56, 0, 0, 0.54%, 0, 0, 6, 48.53
1569645277, 20, 15, 56, 0, 0, 0.54%, 0, 0, 6, 48.38
1569645282, 20, 18, 56, 0, 0, 0.54%, 0, 0, 6, 47.95
1569645287, 20, 19, 56, 0, 0, 0.54%, 0, 0, 6, 47.65
1569645292, 20, 20, 56, 0, 0, 0.54%, 0, 0, 6, 47.56
1569645297, 20, 34, 56, 0, 0, 0.54%, 0, 0, 6, 47.30
1569645307, 20, 49, 56, 0, 0, 0.54%, 0, 0, 6, 46.81
1569645323, 21, 5, 56, 0, 0, 0.54%, 0, 0, 6, 48.14
1569645328, 21, 7, 56, 0, 0, 0.54%, 0, 0, 6, 48.31
1569645333, 21, 10, 56, 0, 0, 0.54%, 0, 0, 6, 47.62
1569645338, 21, 19, 56, 0, 0, 0.54%, 0, 0, 6, 47.65
1569645343, 21, 20, 56, 0, 0, 0.54%, 0, 0, 6, 47.64
1569645348, 22, 2, 56, 0, 0, 0.54%, 0, 0, 6, 47.72
1569645358, 22, 7, 56, 0, 0, 0.54%, 0, 0, 6, 47.43
1569645363, 22, 10, 56, 0, 0, 0.54%, 0, 0, 6, 47.31
1569645368, 22, 16, 56, 0, 0, 0.54%, 0, 0, 6, 47.93
1569645379, 22, 35, 56, 0, 0, 0.54%, 0, 0, 6, 48.37
1569645389, 22, 39, 56, 0, 0, 0.54%, 0, 0, 6, 48.23
1569645399, 23, 7, 56, 0, 0, 0.54%, 0, 0, 6, 48.38
1569645410, 23, 13, 56, 0, 0, 0.54%, 0, 0, 6, 48.03
1569645415, 23, 20, 56, 0, 0, 0.54%, 0, 0, 6, 48.16
1569645425, 23, 30, 56, 0, 0, 0.54%, 0, 0, 6, 48.53
1569645431, 23, 50, 56, 0, 0, 0.54%, 0, 0, 6, 48.34
1569645446, 23, 52, 56, 0, 0, 0.54%, 0, 0, 6, 48.47
1569645477, 24, 7, 56, 0, 0, 0.54%, 0, 0, 6, 48.76
1569645487, 24, 13, 56, 0, 0, 0.54%, 0, 0, 6, 48.57
1569645492, 24, 38, 56, 0, 0, 0.54%, 0, 0, 6, 48.61
1569645508, 24, 45, 56, 0, 0, 0.54%, 0, 0, 6, 48.63
1569645533, 24, 54, 56, 0, 0, 0.54%, 0, 0, 6, 47.32
1569645569, 25, 7, 56, 0, 0, 0.54%, 0, 0, 6, 47.32
1569645574, 25, 10, 56, 0, 0, 0.54%, 0, 0, 6, 47.23
1569645579, 25, 19, 56, 0, 0, 0.54%, 0, 0, 6, 47.46
1569645584, 25, 22, 56, 0, 0, 0.54%, 0, 0, 6, 47.42
1569645589, 25, 25, 56, 0, 0, 0.54%, 0, 0, 6, 47.55
1569645599, 25, 31, 56, 0, 0, 0.54%, 0, 0, 6, 47.49
1569645605, 25, 33, 56, 0, 0, 0.54%, 0, 0, 6, 47.41
1569645615, 26, 1, 56, 0, 0, 0.54%, 0, 0, 6, 46.80
1569645620, 26, 7, 56, 0, 0, 0.54%, 0, 0, 6, 47.10
1569645625, 26, 10, 56, 0, 0, 0.54%, 0, 0, 6, 47.01
1569645630, 26, 13, 56, 0, 0, 0.54%, 0, 0, 6, 47.09
1569645635, 26, 16, 56, 0, 0, 0.54%, 0, 0, 6, 47.74
1569645640, 26, 19, 56, 0, 0, 0.54%, 0, 0, 6, 48.85
1569645645, 26, 40, 56, 0, 0, 0.54%, 0, 0, 6, 48.26
1569645651, 26, 52, 56, 0, 0, 0.54%, 0, 0, 6, 48.39
1569645666, 26, 54, 56, 0, 0, 0.54%, 0, 0, 6, 48.39
1569645692, 27, 7, 56, 0, 0, 0.54%, 0, 0, 6, 48.32
1569645702, 27, 13, 56, 0, 0, 0.54%, 0, 0, 6, 48.20
1569645707, 27, 47, 56, 0, 0, 0.54%, 0, 0, 6, 48.26
1569645718, 28, 7, 56, 0, 0, 0.54%, 0, 0, 6, 48.08
1569645723, 28, 8, 56, 0, 0, 0.54%, 0, 0, 6, 48.05
1569645733, 28, 13, 56, 0, 0, 0.54%, 0, 0, 6, 47.32
1569645738, 29, 7, 56, 0, 0, 0.54%, 0, 0, 6, 47.38
1569645748, 29, 10, 56, 0, 0, 0.54%, 0, 0, 6, 47.50
1569645753, 29, 19, 56, 0, 0, 0.54%, 0, 0, 6, 47.37
1569645759, 29, 27, 56, 0, 0, 0.54%, 0, 0, 6, 47.11
1569645764, 29, 33, 56, 0, 0, 0.54%, 0, 0, 6, 47.24
1569645769, 29, 33, 57, 1, 0, 0.54%, 0, 0, 6, 47.00
1569645774, 30, 7, 57, 1, 0, 0.54%, 0, 0, 6, 47.42
1569645779, 30, 10, 57, 1, 0, 0.54%, 0, 0, 6, 47.42
1569645784, 30, 12, 57, 1, 0, 0.54%, 0, 0, 6, 47.06
1569645789, 30, 13, 57, 1, 0, 0.54%, 0, 0, 6, 47.12
1569645794, 30, 17, 57, 1, 0, 0.54%, 0, 0, 6, 48.14
1569645799, 30, 19, 57, 1, 0, 0.54%, 0, 0, 6, 48.56
1569645804, 30, 38, 57, 1, 0, 0.54%, 0, 0, 6, 48.68
1569645810, 30, 46, 57, 1, 0, 0.54%, 0, 0, 6, 48.54
1569645820, 30, 49, 57, 1, 0, 0.54%, 0, 0, 6, 48.67
1569645830, 31, 1, 57, 1, 0, 0.54%, 0, 0, 6, 48.74
1569645840, 31, 4, 57, 1, 0, 0.54%, 0, 0, 6, 48.70
1569645846, 31, 7, 57, 1, 0, 0.54%, 0, 0, 6, 48.64
1569645851, 31, 10, 57, 1, 0, 0.54%, 0, 0, 6, 48.78
1569645856, 31, 19, 57, 1, 0, 0.54%, 0, 0, 6, 48.64
1569645861, 31, 44, 57, 1, 0, 0.54%, 0, 0, 6, 48.51
1569645877, 31, 51, 57, 1, 0, 0.54%, 0, 0, 6, 48.26
1569645892, 32, 1, 57, 1, 0, 0.54%, 0, 0, 6, 48.43
1569645902, 32, 7, 57, 1, 0, 0.54%, 0, 0, 6, 48.60
1569645908, 32, 10, 57, 1, 0, 0.54%, 0, 0, 6, 48.32
1569645913, 32, 19, 57, 1, 0, 0.54%, 0, 0, 6, 47.38
1569645918, 33, 6, 57, 1, 0, 0.54%, 0, 0, 6, 47.43
1569645923, 33, 7, 57, 1, 0, 0.54%, 0, 0, 6, 47.49
1569645933, 33, 8, 57, 1, 0, 0.54%, 0, 0, 6, 47.38
1569645938, 33, 10, 57, 1, 0, 0.54%, 0, 0, 6, 47.43
1569645943, 33, 19, 57, 1, 0, 0.54%, 0, 0, 6, 47.47
1569645948, 33, 33, 57, 1, 0, 0.54%, 0, 0, 6, 47.51
1569645953, 33, 35, 57, 1, 0, 0.54%, 0, 0, 6, 47.45
1569645963, 33, 36, 57, 1, 0, 0.54%, 0, 0, 6, 47.31
1569645968, 33, 51, 57, 1, 0, 0.54%, 0, 0, 6, 48.22
1569645984, 34, 7, 57, 1, 0, 0.54%, 0, 0, 6, 48.56
1569645994, 34, 13, 57, 1, 0, 0.54%, 0, 0, 6, 48.41
1569645999, 34, 36, 57, 1, 0, 0.54%, 0, 0, 6, 48.57
1569646010, 34, 48, 57, 1, 0, 0.54%, 0, 0, 6, 48.49
1569646015, 35, 7, 57, 1, 0, 0.54%, 0, 0, 6, 48.42
1569646025, 35, 9, 57, 1, 0, 0.54%, 0, 0, 6, 49.05
1569646030, 35, 10, 57, 1, 0, 0.54%, 0, 0, 6, 47.92
1569646035, 35, 19, 57, 1, 0, 0.54%, 0, 0, 6, 47.30
1569646040, 35, 23, 57, 1, 0, 0.54%, 0, 0, 6, 46.48
1569646045, 35, 34, 57, 1, 0, 0.54%, 0, 0, 6, 46.53
1569646056, 35, 55, 57, 1, 0, 0.54%, 0, 0, 6, 47.56
1569646071, 36, 7, 57, 1, 0, 0.54%, 0, 0, 6, 48.35
1569646076, 36, 10, 57, 1, 0, 0.54%, 0, 0, 6, 48.15
1569646081, 36, 16, 57, 1, 0, 0.54%, 0, 0, 6, 47.23
1569646091, 36, 24, 57, 1, 0, 0.54%, 0, 0, 6, 49.81
1569646097, 36, 25, 57, 1, 0, 0.54%, 0, 0, 6, 48.47
1569646107, 36, 30, 57, 1, 0, 0.54%, 0, 0, 6, 47.89
1569646112, 36, 56, 57, 1, 0, 0.54%, 0, 0, 6, 47.76
1569646260, 37, 7, 57, 0, 0, 0.54%, 0, 0, 6, 48.33
1569646265, 37, 10, 57, 0, 0, 0.54%, 0, 0, 6, 48.26
1569646271, 37, 19, 57, 0, 0, 0.54%, 0, 0, 6, 48.46
1569646276, 37, 23, 57, 0, 0, 0.54%, 0, 0, 6, 47.60
1569646281, 37, 28, 57, 0, 0, 0.54%, 0, 0, 6, 47.27
1569646291, 38, 7, 57, 0, 0, 0.54%, 0, 0, 6, 47.25
1569646296, 38, 10, 57, 0, 0, 0.54%, 0, 0, 6, 47.77
1569646301, 38, 19, 57, 0, 0, 0.54%, 0, 0, 6, 48.29
1569646306, 38, 47, 57, 0, 0, 0.54%, 0, 0, 6, 48.34
1569646311, 39, 2, 57, 0, 0, 0.54%, 0, 0, 6, 48.35
1569646322, 39, 7, 57, 0, 0, 0.54%, 0, 0, 6, 48.36
1569646327, 39, 10, 57, 0, 0, 0.54%, 0, 0, 6, 48.54
1569646332, 39, 19, 57, 0, 0, 0.54%, 0, 0, 6, 48.67
1569646337, 39, 25, 57, 0, 0, 0.54%, 0, 0, 6, 48.60
1569646342, 39, 28, 57, 0, 0, 0.54%, 0, 0, 6, 48.48
1569646353, 39, 48, 57, 0, 0, 0.54%, 0, 0, 6, 48.77
1569646358, 39, 53, 57, 0, 0, 0.54%, 0, 0, 6, 48.69
1569646373, 40, 7, 57, 0, 0, 0.54%, 0, 0, 6, 47.01
1569646378, 40, 10, 57, 0, 0, 0.54%, 0, 0, 6, 46.92
1569646383, 40, 19, 57, 0, 0, 0.54%, 0, 0, 6, 46.54
1569646388, 40, 31, 57, 0, 0, 0.54%, 0, 0, 6, 46.85
1569646393, 40, 44, 57, 0, 0, 0.54%, 0, 0, 6, 46.62
1569646409, 41, 7, 57, 0, 0, 0.54%, 0, 0, 6, 47.28
1569646419, 41, 13, 57, 0, 0, 0.54%, 0, 0, 6, 47.14
1569646424, 41, 19, 57, 0, 0, 0.54%, 0, 0, 6, 47.39
1569646429, 41, 39, 57, 0, 0, 0.54%, 0, 0, 6, 47.14
1569646434, 41, 44, 57, 0, 0, 0.54%, 0, 0, 6, 47.18
1569646449, 42, 7, 57, 0, 0, 0.54%, 0, 0, 6, 47.09
1569646459, 42, 13, 57, 0, 0, 0.54%, 0, 0, 6, 46.83
1569646465, 42, 28, 57, 0, 0, 0.54%, 0, 0, 6, 46.99
1569646475, 42, 56, 57, 0, 0, 0.54%, 0, 0, 6, 47.72
1569646531, 43, 7, 57, 0, 0, 0.54%, 0, 0, 6, 47.31
1569646541, 43, 13, 57, 0, 0, 0.54%, 0, 0, 6, 47.23
1569646546, 43, 19, 57, 0, 0, 0.54%, 0, 0, 6, 47.30
1569646551, 43, 32, 57, 0, 0, 0.54%, 0, 0, 6, 47.02
1569646556, 43, 36, 57, 0, 0, 0.54%, 0, 0, 6, 47.21
1569646561, 44, 0, 57, 0, 0, 0.54%, 0, 0, 6, 47.01
1569646571, 44, 7, 57, 0, 0, 0.54%, 0, 0, 6, 48.10
1569646577, 44, 8, 57, 0, 0, 0.54%, 0, 0, 6, 48.21
1569646587, 44, 13, 57, 0, 0, 0.54%, 0, 0, 6, 48.22
1569646592, 44, 20, 57, 0, 0, 0.54%, 0, 0, 6, 48.03
1569646602, 44, 22, 57, 0, 0, 0.54%, 0, 0, 6, 48.37
1569646608, 44, 42, 57, 0, 0, 0.54%, 0, 0, 6, 48.32
1569646623, 45, 7, 57, 0, 0, 0.54%, 0, 0, 6, 47.75
1569646633, 45, 13, 57, 0, 0, 0.54%, 0, 0, 6, 47.46
1569646638, 46, 7, 57, 0, 0, 0.54%, 0, 0, 6, 47.52
1569646648, 46, 13, 57, 0, 0, 0.54%, 0, 0, 6, 48.26
1569646654, 46, 35, 57, 0, 0, 0.54%, 0, 0, 6, 48.17
1569646664, 46, 41, 57, 0, 0, 0.54%, 0, 0, 6, 48.15
1569646680, 46, 45, 57, 0, 0, 0.54%, 0, 0, 6, 46.61
1569646695, 47, 7, 57, 0, 0, 0.54%, 0, 0, 6, 47.58
1569646700, 47, 10, 57, 0, 0, 0.54%, 0, 0, 6, 48.13
1569646705, 47, 19, 57, 0, 0, 0.54%, 0, 0, 6, 48.43
1569646710, 47, 23, 57, 0, 0, 0.54%, 0, 0, 6, 48.40
1569646715, 47, 25, 57, 0, 0, 0.54%, 0, 0, 6, 48.33
1569646726, 47, 32, 57, 0, 0, 0.54%, 0, 0, 6, 48.52
1569646731, 47, 40, 57, 0, 0, 0.54%, 0, 0, 6, 48.41
1569646736, 47, 45, 57, 0, 0, 0.54%, 0, 0, 6, 48.41
1569646752, 47, 49, 57, 0, 0, 0.54%, 0, 0, 6, 47.85
1569646767, 47, 55, 57, 0, 0, 0.54%, 0, 0, 6, 48.24
1569646783, 48, 7, 57, 0, 0, 0.54%, 0, 0, 6, 48.22
1569646788, 48, 10, 57, 0, 0, 0.54%, 0, 0, 6, 48.06
1569646793, 48, 12, 57, 0, 0, 0.54%, 0, 0, 6, 48.04
1569646798, 48, 13, 57, 0, 0, 0.54%, 0, 0, 6, 48.12
1569646803, 48, 19, 57, 0, 0, 0.54%, 0, 0, 6, 47.67
1569646808, 48, 20, 57, 0, 0, 0.54%, 0, 0, 6, 48.05
1569646814, 48, 28, 57, 0, 0, 0.54%, 0, 0, 6, 48.35
1569646824, 48, 35, 57, 0, 0, 0.54%, 0, 0, 6, 48.24
1569646829, 49, 7, 57, 0, 0, 0.54%, 0, 0, 6, 48.38
1569646834, 49, 10, 57, 0, 0, 0.54%, 0, 0, 6, 48.35
1569646839, 49, 13, 57, 0, 0, 0.54%, 0, 0, 6, 47.93
1569646844, 49, 15, 57, 0, 0, 0.54%, 0, 0, 6, 47.55
1569646849, 49, 19, 57, 0, 0, 0.54%, 0, 0, 6, 47.49
1569646855, 49, 28, 57, 0, 0, 0.54%, 0, 0, 6, 46.42
1569646860, 49, 51, 57, 0, 0, 0.54%, 0, 0, 6, 46.16
1569646875, 50, 7, 57, 0, 0, 0.54%, 0, 0, 6, 47.38
1569646885, 50, 13, 57, 0, 0, 0.54%, 0, 0, 6, 47.83
1569646890, 50, 16, 57, 0, 0, 0.54%, 0, 0, 6, 48.22
1569646896, 50, 18, 57, 0, 0, 0.54%, 0, 0, 6, 47.88
1569646901, 50, 54, 57, 0, 0, 0.54%, 0, 0, 6, 48.00
1569646916, 50, 56, 57, 0, 0, 0.54%, 0, 0, 6, 48.22
1569646973, 51, 1, 57, 0, 0, 0.54%, 0, 0, 6, 47.63
1569646983, 51, 4, 57, 0, 0, 0.54%, 0, 0, 6, 47.75
1569646988, 51, 7, 57, 0, 0, 0.54%, 0, 0, 6, 47.83
1569646998, 51, 13, 57, 0, 0, 0.54%, 0, 0, 6, 48.56
1569647004, 51, 17, 57, 0, 0, 0.54%, 0, 0, 6, 48.49
1569647009, 51, 19, 57, 0, 0, 0.54%, 0, 0, 6, 48.53
1569647014, 51, 25, 57, 0, 0, 0.54%, 0, 0, 6, 48.30
1569647019, 52, 7, 57, 0, 0, 0.54%, 0, 0, 6, 47.94
1569647029, 52, 13, 57, 0, 0, 0.54%, 0, 0, 6, 47.98
1569647034, 52, 53, 57, 0, 0, 0.54%, 0, 0, 6, 47.07
1569647050, 53, 7, 57, 0, 0, 0.54%, 0, 0, 6, 48.32
1569647060, 53, 13, 57, 0, 0, 0.54%, 0, 0, 6, 48.21
1569647065, 53, 47, 57, 0, 0, 0.54%, 0, 0, 6, 48.27
1569647076, 54, 7, 57, 0, 0, 0.54%, 0, 0, 6, 48.33
1569647081, 54, 8, 57, 0, 0, 0.54%, 0, 0, 6, 48.20
1569647086, 54, 10, 57, 0, 0, 0.54%, 0, 0, 6, 48.35
1569647091, 54, 13, 57, 0, 0, 0.54%, 0, 0, 6, 48.22
1569647096, 54, 37, 57, 0, 0, 0.54%, 0, 0, 6, 47.94
1569647106, 55, 7, 57, 0, 0, 0.54%, 0, 0, 6, 46.82
1569647111, 55, 8, 57, 0, 0, 0.54%, 0, 0, 6, 47.39
1569647122, 55, 13, 57, 0, 0, 0.54%, 0, 0, 6, 46.79
1569647127, 55, 29, 57, 0, 0, 0.54%, 0, 0, 6, 47.10
1569647132, 55, 54, 57, 0, 0, 0.54%, 0, 0, 6, 47.33
1569647147, 56, 7, 57, 0, 0, 0.54%, 0, 0, 6, 47.83
1569647152, 56, 10, 57, 0, 0, 0.54%, 0, 0, 6, 47.56
1569647157, 56, 19, 57, 0, 0, 0.54%, 0, 0, 6, 47.89
1569647162, 56, 20, 57, 0, 0, 0.54%, 0, 0, 6, 47.59
1569647167, 56, 22, 57, 0, 0, 0.54%, 0, 0, 6, 47.75
1569647177, 56, 27, 57, 0, 0, 0.54%, 0, 0, 6, 48.10
1569647182, 56, 34, 57, 0, 0, 0.54%, 0, 0, 6, 48.15
1569647193, 57, 7, 57, 0, 0, 0.54%, 0, 0, 6, 48.03
1569647198, 57, 8, 57, 0, 0, 0.54%, 0, 0, 6, 47.30
1569647208, 57, 13, 57, 0, 0, 0.54%, 0, 0, 6, 47.15
1569647213, 57, 36, 57, 0, 0, 0.54%, 0, 0, 6, 46.48
1569647223, 58, 3, 57, 0, 0, 0.54%, 0, 0, 6, 46.50
1569647229, 58, 7, 57, 0, 0, 0.54%, 0, 0, 6, 47.39
1569647239, 58, 13, 57, 0, 0, 0.54%, 0, 0, 6, 48.35
1569647244, 59, 7, 57, 0, 0, 0.54%, 0, 0, 6, 48.47
1569647254, 59, 13, 57, 0, 0, 0.54%, 0, 0, 6, 48.58
1569647259, 59, 30, 57, 0, 0, 0.54%, 0, 0, 6, 48.30
1569647270, 59, 52, 57, 0, 0, 0.54%, 0, 0, 6, 48.36
1569647285, 60, 4, 57, 0, 0, 0.54%, 0, 0, 6, 48.17
1569647291, 60, 7, 57, 0, 0, 0.54%, 0, 0, 6, 48.36
1569647296, 60, 10, 57, 0, 0, 0.54%, 0, 0, 6, 48.48
1569647301, 60, 19, 57, 0, 0, 0.54%, 0, 0, 6, 48.62
1569647306, 60, 22, 57, 0, 0, 0.54%, 0, 0, 6, 48.47
1569647311, 60, 23, 57, 0, 0, 0.54%, 0, 0, 6, 48.55
1569647321, 60, 51, 57, 0, 0, 0.54%, 0, 0, 6, 48.57
1569647337, 61, 7, 57, 0, 0, 0.54%, 0, 0, 6, 48.09
1569647342, 61, 10, 57, 0, 0, 0.54%, 0, 0, 6, 47.03
1569647347, 61, 13, 58, 1, 0, 0.55%, 0, 0, 6, 47.17
1569647352, 61, 56, 58, 1, 0, 0.55%, 0, 0, 6, 47.20
1569647414, 62, 0, 58, 1, 0, 0.55%, 0, 0, 6, 47.48
1569647419, 62, 7, 58, 1, 0, 0.55%, 0, 0, 6, 47.97
1569647430, 62, 13, 58, 1, 0, 0.55%, 0, 0, 6, 48.25
1569647435, 62, 53, 58, 1, 0, 0.55%, 0, 0, 6, 48.13
1569647450, 62, 57, 58, 1, 0, 0.55%, 0, 0, 6, 47.86
1569647619, 63, 7, 58, 0, 0, 0.55%, 0, 0, 6, 48.26
1569647624, 63, 10, 58, 0, 0, 0.55%, 0, 0, 6, 47.54
1569647629, 63, 13, 58, 0, 0, 0.55%, 0, 0, 6, 47.84
1569647634, 63, 26, 58, 0, 0, 0.55%, 0, 0, 6, 48.10
1569647645, 64, 5, 58, 0, 0, 0.55%, 0, 0, 6, 48.29
1569647650, 64, 7, 58, 0, 0, 0.55%, 0, 0, 6, 48.17
1569647655, 64, 10, 58, 0, 0, 0.55%, 0, 0, 6, 48.04
1569647660, 64, 18, 58, 0, 0, 0.55%, 0, 0, 6, 47.72
1569647665, 64, 19, 58, 0, 0, 0.55%, 0, 0, 6, 47.61
1569647670, 64, 57, 58, 0, 0, 0.55%, 0, 0, 6, 47.69
1569647701, 65, 7, 58, 0, 0, 0.55%, 0, 0, 6, 46.00
1569647706, 65, 8, 58, 0, 0, 0.55%, 0, 0, 6, 47.50
1569647716, 65, 13, 58, 0, 0, 0.55%, 0, 0, 6, 48.14
1569647721, 65, 14, 58, 0, 0, 0.55%, 0, 0, 6, 47.94
1569647726, 65, 19, 58, 0, 0, 0.55%, 0, 0, 6, 47.83
1569647731, 65, 42, 58, 0, 0, 0.55%, 0, 0, 6, 47.93
1569647736, 66, 7, 58, 0, 0, 0.55%, 0, 0, 6, 47.87
1569647746, 66, 13, 58, 0, 0, 0.55%, 0, 0, 6, 48.29
1569647752, 66, 37, 58, 0, 0, 0.55%, 0, 0, 6, 48.33
1569647762, 67, 1, 58, 0, 0, 0.55%, 0, 0, 6, 47.15
1569647767, 67, 7, 58, 0, 0, 0.55%, 0, 0, 6, 47.99
1569647777, 67, 13, 58, 0, 0, 0.55%, 0, 0, 6, 47.17
1569647782, 67, 14, 58, 0, 0, 0.55%, 0, 0, 6, 47.15
1569647787, 67, 19, 58, 0, 0, 0.55%, 0, 0, 6, 47.26
1569647792, 67, 26, 58, 0, 0, 0.55%, 0, 0, 6, 47.40
1569647797, 67, 34, 58, 0, 0, 0.55%, 0, 0, 6, 47.35
1569647807, 67, 55, 58, 0, 0, 0.55%, 0, 0, 6, 47.49
1569647812, 68, 7, 58, 0, 0, 0.55%, 0, 0, 6, 47.24
1569647823, 68, 13, 58, 0, 0, 0.55%, 0, 0, 6, 47.00
1569647828, 68, 35, 58, 0, 0, 0.55%, 0, 0, 6, 47.10
1569647838, 69, 7, 58, 0, 0, 0.55%, 0, 0, 6, 46.45
1569647843, 69, 10, 58, 0, 0, 0.55%, 0, 0, 6, 47.08
1569647848, 69, 15, 58, 0, 0, 0.55%, 0, 0, 6, 47.32
1569647858, 69, 16, 58, 0, 0, 0.55%, 0, 0, 6, 47.50
1569647863, 69, 19, 58, 0, 0, 0.55%, 0, 0, 6, 47.39
1569647868, 69, 24, 58, 0, 0, 0.55%, 0, 0, 6, 47.34
1569647873, 69, 48, 58, 0, 0, 0.55%, 0, 0, 6, 47.84
1569647884, 70, 7, 58, 0, 0, 0.55%, 0, 0, 6, 48.43
1569647889, 70, 10, 58, 0, 0, 0.55%, 0, 0, 6, 48.65
1569647894, 70, 19, 58, 0, 0, 0.55%, 0, 0, 6, 48.28
1569647899, 71, 3, 58, 0, 0, 0.55%, 0, 0, 6, 48.51
1569647904, 71, 7, 58, 0, 0, 0.55%, 0, 0, 6, 48.34
1569647915, 71, 13, 58, 0, 0, 0.55%, 0, 0, 6, 48.55
1569647920, 71, 15, 58, 0, 0, 0.55%, 0, 0, 6, 48.57
1569647925, 71, 19, 58, 0, 0, 0.55%, 0, 0, 6, 48.43
1569647930, 71, 22, 58, 0, 0, 0.55%, 0, 0, 6, 47.61
1569647935, 71, 49, 58, 0, 0, 0.55%, 0, 0, 6, 47.39
1569647950, 72, 7, 58, 0, 0, 0.55%, 0, 0, 6, 48.06
1569647955, 72, 10, 58, 0, 0, 0.55%, 0, 0, 6, 48.45
1569647961, 72, 16, 58, 0, 0, 0.55%, 0, 0, 6, 48.55
1569647971, 72, 22, 58, 0, 0, 0.55%, 0, 0, 6, 48.56
1569647981, 72, 40, 58, 0, 0, 0.55%, 0, 0, 6, 48.55
1569647986, 73, 0, 58, 0, 0, 0.55%, 0, 0, 6, 48.68
1569647991, 73, 7, 58, 0, 0, 0.55%, 0, 0, 6, 47.76
1569648002, 73, 13, 58, 0, 0, 0.55%, 0, 0, 6, 46.68
1569648007, 73, 19, 58, 0, 0, 0.55%, 0, 0, 6, 46.88
1569648012, 73, 28, 59, 1, 0, 0.55%, 0, 0, 6, 46.93
1569648022, 73, 58, 59, 1, 0, 0.55%, 0, 0, 6, 47.73
1569648232, 74, 7, 59, 0, 0, 0.55%, 0, 0, 6, 48.61
1569648237, 74, 10, 59, 0, 0, 0.55%, 0, 0, 6, 48.56
1569648242, 74, 19, 59, 0, 0, 0.55%, 0, 0, 6, 48.35
1569648247, 74, 34, 59, 0, 0, 0.55%, 0, 0, 6, 48.34
1569648252, 74, 48, 59, 0, 0, 0.55%, 0, 0, 6, 46.83
1569648262, 75, 7, 59, 0, 0, 0.55%, 0, 0, 6, 47.17
1569648267, 75, 10, 59, 0, 0, 0.55%, 0, 0, 6, 46.75
1569648273, 75, 19, 59, 0, 0, 0.55%, 0, 0, 6, 46.91
1569648278, 75, 22, 59, 0, 0, 0.55%, 0, 0, 6, 47.98
1569648283, 75, 48, 59, 0, 0, 0.55%, 0, 0, 6, 48.35
1569648293, 75, 55, 59, 0, 0, 0.55%, 0, 0, 6, 47.41
1569648298, 76, 7, 59, 0, 0, 0.55%, 0, 0, 6, 46.93
1569648308, 76, 13, 59, 0, 0, 0.55%, 0, 0, 6, 48.17
1569648313, 76, 14, 59, 0, 0, 0.55%, 0, 0, 6, 48.18
1569648319, 76, 19, 59, 0, 0, 0.55%, 0, 0, 6, 48.33
1569648324, 76, 37, 59, 0, 0, 0.55%, 0, 0, 6, 48.31
1569648329, 76, 58, 59, 0, 0, 0.55%, 0, 0, 6, 47.81
1569648360, 77, 4, 59, 0, 0, 0.55%, 0, 0, 6, 48.25
1569648365, 77, 7, 59, 0, 0, 0.55%, 0, 0, 6, 48.54
1569648375, 77, 9, 59, 0, 0, 0.55%, 0, 0, 6, 47.24
1569648380, 77, 10, 59, 0, 0, 0.55%, 0, 0, 6, 47.25
1569648386, 77, 15, 59, 0, 0, 0.55%, 0, 0, 6, 47.17
1569648396, 77, 25, 59, 0, 0, 0.55%, 0, 0, 6, 47.20
1569648406, 77, 31, 59, 0, 0, 0.55%, 0, 0, 6, 47.08
1569648411, 77, 36, 59, 0, 0, 0.55%, 0, 0, 6, 46.69
1569648421, 78, 6, 59, 0, 0, 0.55%, 0, 0, 6, 47.95
1569648426, 78, 7, 59, 0, 0, 0.55%, 0, 0, 6, 48.08
1569648436, 78, 13, 59, 0, 0, 0.55%, 0, 0, 6, 48.40
1569648442, 78, 26, 59, 0, 0, 0.55%, 0, 0, 6, 48.69
1569648452, 78, 54, 59, 0, 0, 0.55%, 0, 0, 6, 48.58
1569648467, 79, 7, 59, 0, 0, 0.55%, 0, 0, 6, 47.74
1569648477, 79, 13, 59, 0, 0, 0.55%, 0, 0, 6, 47.71
1569648482, 79, 44, 59, 0, 0, 0.55%, 0, 0, 6, 47.86
1569648498, 79, 45, 59, 0, 0, 0.55%, 0, 0, 6, 48.05
1569648513, 80, 7, 59, 0, 0, 0.55%, 0, 0, 6, 48.30
1569648523, 80, 9, 59, 0, 0, 0.55%, 0, 0, 6, 47.72
1569648528, 80, 10, 59, 0, 0, 0.55%, 0, 0, 6, 47.71
1569648533, 80, 19, 59, 0, 0, 0.55%, 0, 0, 6, 47.26
1569648539, 80, 22, 59, 0, 0, 0.55%, 0, 0, 6, 46.89
1569648544, 80, 28, 59, 0, 0, 0.55%, 0, 0, 6, 46.71
1569648554, 80, 34, 59, 0, 0, 0.55%, 0, 0, 6, 47.49
1569648559, 81, 0, 59, 0, 0, 0.55%, 0, 0, 6, 48.30
1569648564, 81, 4, 59, 0, 0, 0.55%, 0, 0, 6, 48.55
1569648574, 81, 7, 59, 0, 0, 0.55%, 0, 0, 6, 48.63
1569648580, 81, 9, 59, 0, 0, 0.55%, 0, 0, 6, 48.54
1569648590, 81, 13, 59, 0, 0, 0.55%, 0, 0, 6, 48.08
1569648595, 81, 49, 59, 0, 0, 0.55%, 0, 0, 6, 48.11
1569648610, 82, 6, 59, 0, 0, 0.55%, 0, 0, 6, 47.37
1569648621, 82, 7, 59, 0, 0, 0.55%, 0, 0, 6, 48.28
1569648626, 82, 10, 59, 0, 0, 0.55%, 0, 0, 6, 48.34
1569648631, 82, 19, 59, 0, 0, 0.55%, 0, 0, 6, 48.17
1569648636, 82, 32, 59, 0, 0, 0.55%, 0, 0, 6, 48.18
1569648641, 82, 33, 59, 0, 0, 0.55%, 0, 0, 6, 48.33
1569648647, 82, 56, 59, 0, 0, 0.55%, 0, 0, 6, 48.14
1569648709, 83, 7, 59, 0, 0, 0.55%, 0, 0, 6, 48.42
1569648719, 83, 13, 60, 1, 0, 0.55%, 0, 0, 6, 48.22
1569648724, 83, 19, 60, 1, 0, 0.55%, 0, 0, 6, 48.41
1569648729, 83, 21, 60, 1, 0, 0.55%, 0, 0, 6, 48.34
1569648734, 83, 23, 60, 1, 0, 0.55%, 0, 0, 6, 48.25
1569648745, 83, 25, 60, 1, 0, 0.55%, 0, 0, 6, 48.44
1569648750, 83, 32, 60, 1, 0, 0.55%, 0, 0, 6, 48.29
1569648755, 83, 36, 60, 1, 0, 0.55%, 0, 0, 6, 48.36
1569648765, 84, 7, 60, 1, 0, 0.55%, 0, 0, 6, 47.08
1569648775, 84, 13, 60, 1, 0, 0.55%, 0, 0, 6, 47.31
1569648780, 84, 21, 60, 1, 0, 0.55%, 0, 0, 6, 47.42
1569648791, 84, 24, 60, 1, 0, 0.55%, 0, 0, 6, 47.44
1569648796, 84, 40, 60, 1, 0, 0.55%, 0, 0, 6, 48.23
1569648801, 84, 53, 60, 1, 0, 0.55%, 0, 0, 6, 48.48
1569648816, 85, 6, 60, 1, 0, 0.55%, 0, 0, 6, 48.45
1569648822, 85, 7, 60, 1, 0, 0.55%, 0, 0, 6, 48.55
1569648832, 85, 8, 60, 1, 0, 0.55%, 0, 0, 6, 48.59
1569648837, 85, 10, 60, 1, 0, 0.55%, 0, 0, 6, 48.46
1569648842, 85, 12, 60, 1, 0, 0.55%, 0, 0, 6, 48.35
1569648847, 85, 16, 60, 1, 0, 0.55%, 0, 0, 6, 48.46
1569648858, 85, 36, 60, 1, 0, 0.55%, 0, 0, 6, 47.96
1569648868, 85, 39, 60, 1, 0, 0.55%, 0, 0, 6, 48.07
1569648873, 86, 7, 60, 1, 0, 0.55%, 0, 0, 6, 48.00
1569648883, 86, 13, 60, 1, 0, 0.55%, 0, 0, 6, 47.89
1569648889, 86, 21, 60, 1, 0, 0.55%, 0, 0, 6, 48.14
1569648899, 86, 22, 60, 1, 0, 0.55%, 0, 0, 6, 46.48
1569648904, 86, 25, 60, 1, 0, 0.55%, 0, 0, 6, 46.31
1569648914, 86, 26, 60, 1, 0, 0.55%, 0, 0, 6, 46.89
1569648919, 86, 29, 60, 1, 0, 0.55%, 0, 0, 6, 47.26
1569648924, 86, 43, 60, 1, 0, 0.55%, 0, 0, 6, 47.37
1569648954, 86, 45, 60, 1, 0, 0.55%, 0, 0, 6, 47.98
1569648969, 86, 59, 60, 1, 0, 0.55%, 0, 0, 6, 47.44
1569649015, 87, 5, 60, 0, 0, 0.55%, 0, 0, 6, 48.18
1569649021, 87, 7, 60, 0, 0, 0.55%, 0, 0, 6, 48.15
1569649031, 87, 8, 60, 0, 0, 0.55%, 0, 0, 6, 48.28
1569649036, 87, 13, 60, 0, 0, 0.55%, 0, 0, 6, 48.15
1569649041, 87, 20, 60, 0, 0, 0.55%, 0, 0, 6, 48.22
1569649052, 87, 39, 60, 0, 0, 0.55%, 0, 0, 6, 48.27
1569649057, 88, 7, 60, 0, 0, 0.55%, 0, 0, 6, 48.36
1569649067, 88, 13, 60, 0, 0, 0.55%, 0, 0, 6, 48.19
1569649072, 88, 26, 60, 0, 0, 0.55%, 0, 0, 6, 48.23
1569649083, 88, 30, 60, 0, 0, 0.55%, 0, 0, 6, 47.80
1569649088, 88, 45, 60, 0, 0, 0.55%, 0, 0, 6, 47.95
1569649103, 88, 58, 60, 0, 0, 0.55%, 0, 0, 6, 48.06
1569649134, 89, 7, 60, 0, 0, 0.55%, 0, 0, 6, 48.01
1569649139, 89, 10, 60, 0, 0, 0.55%, 0, 0, 6, 48.16
1569649144, 89, 19, 60, 0, 0, 0.55%, 0, 0, 6, 47.82
1569649149, 90, 6, 60, 0, 0, 0.55%, 0, 0, 6, 48.22
1569649154, 90, 7, 60, 0, 0, 0.55%, 0, 0, 6, 48.32
1569649165, 90, 13, 60, 0, 0, 0.55%, 0, 0, 6, 48.05
1569649170, 90, 57, 60, 0, 0, 0.55%, 0, 0, 6, 47.86
1569649200, 91, 0, 60, 0, 0, 0.55%, 0, 0, 6, 47.54
1569649205, 91, 7, 60, 0, 0, 0.55%, 0, 0, 6, 47.21
1569649216, 91, 13, 60, 0, 0, 0.55%, 0, 0, 6, 46.87
1569649221, 91, 19, 60, 0, 0, 0.55%, 0, 0, 6, 47.45
1569649226, 91, 31, 60, 0, 0, 0.55%, 0, 0, 6, 47.42
1569649231, 92, 4, 60, 0, 0, 0.55%, 0, 0, 6, 47.58
1569649236, 92, 5, 60, 0, 0, 0.55%, 0, 0, 6, 48.04
1569649246, 92, 7, 60, 0, 0, 0.55%, 0, 0, 6, 47.90
1569649251, 92, 10, 60, 0, 0, 0.55%, 0, 0, 6, 48.11
1569649256, 92, 19, 60, 0, 0, 0.55%, 0, 0, 6, 47.81
1569649262, 92, 22, 60, 0, 0, 0.55%, 0, 0, 6, 46.34
1569649267, 93, 7, 60, 0, 0, 0.55%, 0, 0, 6, 46.68
1569649277, 93, 13, 60, 0, 0, 0.55%, 0, 0, 6, 47.30
1569649282, 93, 14, 60, 0, 0, 0.55%, 0, 0, 6, 47.38
1569649287, 93, 19, 60, 0, 0, 0.55%, 0, 0, 6, 46.89
1569649292, 93, 36, 60, 0, 0, 0.55%, 0, 0, 6, 46.99
1569649297, 93, 41, 60, 0, 0, 0.55%, 0, 0, 6, 46.82
1569649308, 94, 7, 60, 0, 0, 0.55%, 0, 0, 6, 47.03
1569649313, 94, 10, 60, 0, 0, 0.55%, 0, 0, 6, 47.25
1569649318, 94, 19, 60, 0, 0, 0.55%, 0, 0, 6, 47.44
1569649323, 94, 52, 60, 0, 0, 0.55%, 0, 0, 6, 46.11
1569649338, 94, 59, 60, 0, 0, 0.55%, 0, 0, 6, 47.10
1569649348, 95, 6, 60, 0, 0, 0.55%, 0, 0, 6, 47.16
1569649353, 95, 7, 60, 0, 0, 0.55%, 0, 0, 6, 47.95
1569649364, 95, 13, 60, 0, 0, 0.55%, 0, 0, 6, 48.57
1569649369, 95, 20, 60, 0, 0, 0.55%, 0, 0, 6, 48.61
1569649379, 95, 27, 60, 0, 0, 0.55%, 0, 0, 6, 48.66
1569649384, 95, 35, 60, 0, 0, 0.55%, 0, 0, 6, 48.32
1569649394, 95, 36, 61, 1, 0, 0.56%, 0, 0, 6, 47.23
1569649405, 96, 0, 61, 1, 0, 0.56%, 0, 0, 6, 48.23
1569649410, 96, 7, 61, 1, 0, 0.56%, 0, 0, 6, 48.43
1569649420, 96, 13, 61, 1, 0, 0.56%, 0, 0, 6, 48.15
1569649425, 96, 41, 61, 1, 0, 0.56%, 0, 0, 6, 47.27
1569649436, 96, 48, 61, 1, 0, 0.56%, 0, 0, 6, 46.61
1569649441, 96, 50, 61, 1, 0, 0.56%, 0, 0, 6, 45.82
1569649451, 97, 7, 61, 1, 0, 0.56%, 0, 0, 6, 47.95
1569649456, 97, 10, 61, 1, 0, 0.56%, 0, 0, 6, 47.84
1569649461, 97, 19, 61, 1, 0, 0.56%, 0, 0, 6, 48.08
1569649467, 97, 44, 61, 1, 0, 0.56%, 0, 0, 6, 48.31
1569649482, 97, 51, 61, 1, 0, 0.56%, 0, 0, 6, 48.47
1569649497, 98, 3, 61, 1, 0, 0.56%, 0, 0, 6, 47.19
1569649502, 98, 7, 61, 1, 0, 0.56%, 0, 0, 6, 47.06
1569649513, 98, 13, 61, 1, 0, 0.56%, 0, 0, 6, 48.20
1569649518, 98, 52, 61, 1, 0, 0.56%, 0, 0, 6, 48.42
1569649533, 98, 58, 61, 1, 0, 0.56%, 0, 0, 6, 47.68
1569649564, 99, 7, 61, 1, 0, 0.56%, 0, 0, 6, 46.82
1569649574, 99, 13, 61, 1, 0, 0.56%, 0, 0, 6, 48.30
1569649579, 99, 17, 61, 1, 0, 0.56%, 0, 0, 6, 47.50
1569649584, 99, 42, 61, 1, 0, 0.56%, 0, 0, 6, 47.46
1569649594, 99, 60, 61, 1, 0, 0.56%, 0, 0, 6, 47.35
1569649738, 100, 7, 61, 0, 0, 0.56%, 0, 0, 6, 48.08
1569649743, 100, 10, 61, 0, 0, 0.56%, 0, 0, 6, 48.12
1569649748, 100, 19, 61, 0, 0, 0.56%, 0, 0, 6, 48.17
1569649754, 100, 40, 61, 0, 0, 0.56%, 0, 0, 6, 48.24
1569649759, 100, 48, 61, 0, 0, 0.56%, 0, 0, 6, 48.15
1569649769, 100, 58, 61, 0, 0, 0.56%, 0, 0, 6, 48.26
1569649795, 101, 1, 61, 0, 0, 0.56%, 0, 0, 6, 48.16
1569649805, 101, 7, 62, 1, 0, 0.56%, 0, 0, 6, 48.10
1569649816, 101, 13, 62, 1, 0, 0.56%, 0, 0, 6, 47.77
1569649821, 101, 22, 62, 1, 0, 0.56%, 0, 0, 6, 47.85
1569649831, 101, 28, 62, 1, 0, 0.56%, 0, 0, 6, 47.95
1569649836, 101, 33, 62, 1, 0, 0.56%, 0, 0, 6, 47.58
1569649846, 101, 53, 62, 1, 0, 0.56%, 0, 0, 6, 48.05
1569649861, 102, 7, 62, 1, 0, 0.56%, 0, 0, 6, 48.36
1569649867, 102, 10, 62, 1, 0, 0.56%, 0, 0, 6, 48.24
1569649872, 102, 19, 62, 1, 0, 0.56%, 0, 0, 6, 48.39
1569649877, 102, 46, 62, 1, 0, 0.56%, 0, 0, 6, 48.58
1569649882, 103, 7, 62, 1, 0, 0.56%, 0, 0, 6, 48.54
1569649892, 103, 13, 62, 1, 0, 0.56%, 0, 0, 6, 48.02
1569649897, 104, 7, 62, 1, 0, 0.56%, 0, 0, 6, 48.11
1569649908, 104, 13, 62, 1, 0, 0.56%, 0, 0, 6, 48.07
1569649913, 104, 25, 62, 1, 0, 0.56%, 0, 0, 6, 48.29
1569649923, 104, 49, 62, 1, 0, 0.56%, 0, 0, 6, 48.13
1569649934, 105, 7, 62, 1, 0, 0.56%, 0, 0, 6, 48.15
1569649944, 105, 13, 62, 1, 0, 0.56%, 0, 0, 6, 47.28
1569649949, 105, 17, 62, 1, 0, 0.56%, 0, 0, 6, 47.17
1569649954, 105, 18, 62, 1, 0, 0.56%, 0, 0, 6, 47.11
1569649959, 105, 24, 62, 1, 0, 0.56%, 0, 0, 6, 47.37
1569649969, 105, 50, 62, 1, 0, 0.56%, 0, 0, 6, 47.14
1569649974, 106, 7, 62, 1, 0, 0.56%, 0, 0, 6, 47.11
1569649984, 106, 13, 62, 1, 0, 0.56%, 0, 0, 6, 46.96
1569649990, 106, 41, 62, 1, 0, 0.56%, 0, 0, 6, 47.19
1569650000, 107, 7, 62, 1, 0, 0.56%, 0, 0, 6, 47.18
1569650010, 107, 13, 62, 1, 0, 0.56%, 0, 0, 6, 47.97
1569650015, 107, 32, 62, 1, 0, 0.56%, 0, 0, 6, 47.30
1569650025, 107, 61, 62, 1, 0, 0.56%, 0, 0, 6, 47.43
1569650096, 108, 1, 62, 0, 0, 0.56%, 0, 0, 6, 47.40
1569650101, 108, 7, 62, 0, 0, 0.56%, 0, 0, 6, 46.76
1569650112, 108, 13, 62, 0, 0, 0.56%, 0, 0, 6, 47.35
1569650117, 108, 19, 62, 0, 0, 0.56%, 0, 0, 6, 47.37
1569650122, 108, 27, 62, 0, 0, 0.56%, 0, 0, 6, 47.54
1569650132, 108, 55, 62, 0, 0, 0.56%, 0, 0, 6, 47.78
1569650137, 109, 7, 62, 0, 0, 0.56%, 0, 0, 6, 47.79
1569650147, 109, 13, 62, 0, 0, 0.56%, 0, 0, 6, 48.29
1569650152, 110, 7, 62, 0, 0, 0.56%, 0, 0, 6, 48.02
1569650162, 110, 13, 62, 0, 0, 0.56%, 0, 0, 6, 47.76
1569650167, 110, 14, 62, 0, 0, 0.56%, 0, 0, 6, 47.56
1569650172, 110, 19, 62, 0, 0, 0.56%, 0, 0, 6, 47.76
1569650177, 110, 23, 62, 0, 0, 0.56%, 0, 0, 6, 48.16
1569650183, 110, 37, 62, 0, 0, 0.56%, 0, 0, 6, 48.09
1569650193, 110, 51, 62, 0, 0, 0.56%, 0, 0, 6, 47.99
1569650208, 110, 58, 62, 0, 0, 0.56%, 0, 0, 6, 48.08
1569650239, 111, 0, 62, 0, 0, 0.56%, 0, 0, 6, 47.47
1569650244, 111, 7, 62, 0, 0, 0.56%, 0, 0, 6, 47.84
1569650254, 111, 11, 62, 0, 0, 0.56%, 0, 0, 6, 47.84
1569650264, 111, 12, 62, 0, 0, 0.56%, 0, 0, 6, 47.59
1569650269, 111, 13, 62, 0, 0, 0.56%, 0, 0, 6, 47.29
1569650274, 111, 37, 62, 0, 0, 0.56%, 0, 0, 6, 47.08
1569650284, 111, 41, 62, 0, 0, 0.56%, 0, 0, 6, 46.61
1569650289, 112, 5, 62, 0, 0, 0.56%, 0, 0, 6, 46.62
1569650294, 112, 7, 62, 0, 0, 0.56%, 0, 0, 6, 47.18
1569650305, 112, 13, 62, 0, 0, 0.56%, 0, 0, 6, 47.91
1569650310, 112, 22, 62, 0, 0, 0.56%, 0, 0, 6, 48.01
1569650320, 112, 37, 62, 0, 0, 0.56%, 0, 0, 6, 48.07
1569650325, 112, 40, 62, 0, 0, 0.56%, 0, 0, 6, 48.04
1569650335, 113, 7, 62, 0, 0, 0.56%, 0, 0, 6, 47.66
1569650340, 113, 10, 62, 0, 0, 0.56%, 0, 0, 6, 47.74
1569650345, 113, 19, 62, 0, 0, 0.56%, 0, 0, 6, 47.33
1569650350, 113, 25, 62, 0, 0, 0.56%, 0, 0, 6, 47.42
1569650356, 113, 49, 62, 0, 0, 0.56%, 0, 0, 6, 47.50
1569650371, 114, 7, 62, 0, 0, 0.56%, 0, 0, 6, 47.93
1569650381, 114, 13, 62, 0, 0, 0.56%, 0, 0, 6, 48.12
1569650386, 114, 52, 62, 0, 0, 0.56%, 0, 0, 6, 48.12
1569650402, 114, 56, 62, 0, 0, 0.56%, 0, 0, 6, 47.34
1569650463, 114, 57, 62, 0, 0, 0.56%, 0, 0, 6, 47.80
1569650494, 115, 7, 62, 0, 0, 0.56%, 0, 0, 6, 48.06
1569650499, 115, 10, 62, 0, 0, 0.56%, 0, 0, 6, 48.02
1569650504, 115, 19, 62, 0, 0, 0.56%, 0, 0, 6, 47.97
1569650509, 115, 25, 62, 0, 0, 0.56%, 0, 0, 6, 47.92
1569650514, 115, 38, 62, 0, 0, 0.56%, 0, 0, 6, 47.87
1569650524, 115, 41, 62, 0, 0, 0.56%, 0, 0, 6, 47.90
1569650529, 115, 43, 62, 0, 0, 0.56%, 0, 0, 6, 47.57
1569650545, 115, 47, 62, 0, 0, 0.56%, 0, 0, 6, 48.12
1569650550, 115, 57, 62, 0, 0, 0.56%, 0, 0, 6, 48.13
1569650580, 116, 7, 62, 0, 0, 0.56%, 0, 0, 6, 47.96
1569650590, 116, 13, 62, 0, 0, 0.56%, 0, 0, 6, 47.30
1569650595, 116, 25, 62, 0, 0, 0.56%, 0, 0, 6, 47.68
1569650601, 116, 25, 63, 1, 0, 0.56%, 0, 0, 6, 47.82
1569650606, 116, 41, 63, 1, 0, 0.56%, 0, 0, 6, 47.71
1569650616, 116, 50, 63, 1, 0, 0.56%, 0, 0, 6, 47.24
1569650621, 117, 7, 63, 1, 0, 0.56%, 0, 0, 6, 47.18
1569650631, 117, 13, 63, 1, 0, 0.56%, 0, 0, 6, 46.80
1569650636, 117, 25, 63, 1, 0, 0.56%, 0, 0, 6, 46.99
1569650647, 118, 7, 63, 1, 0, 0.56%, 0, 0, 6, 45.62
1569650652, 118, 10, 63, 1, 0, 0.56%, 0, 0, 6, 46.50
1569650657, 118, 11, 63, 1, 0, 0.56%, 0, 0, 6, 47.05
1569650662, 118, 13, 63, 1, 0, 0.56%, 0, 0, 6, 47.39
1569650667, 119, 7, 63, 1, 0, 0.56%, 0, 0, 6, 47.84
1569650677, 119, 8, 63, 1, 0, 0.56%, 0, 0, 6, 47.83
1569650682, 119, 10, 63, 1, 0, 0.56%, 0, 0, 6, 48.05
1569650687, 119, 19, 63, 1, 0, 0.56%, 0, 0, 6, 48.15
1569650693, 119, 22, 63, 1, 0, 0.56%, 0, 0, 6, 47.94
1569650698, 119, 62, 63, 1, 0, 0.56%, 0, 0, 6, 47.82
1569650825, 120, 7, 63, 0, 0, 0.56%, 0, 0, 6, 47.81
1569650836, 120, 13, 63, 0, 0, 0.56%, 0, 0, 6, 48.35
1569650841, 120, 24, 63, 0, 0, 0.56%, 0, 0, 6, 48.27
1569650851, 120, 35, 63, 0, 0, 0.56%, 0, 0, 6, 48.07
1569650856, 120, 40, 63, 0, 0, 0.56%, 0, 0, 6, 48.20
1569650861, 120, 42, 63, 0, 0, 0.56%, 0, 0, 6, 47.96
1569650871, 121, 7, 63, 0, 0, 0.56%, 0, 0, 6, 47.98
1569650877, 121, 10, 63, 0, 0, 0.56%, 0, 0, 6, 47.54
1569650882, 121, 19, 63, 0, 0, 0.56%, 0, 0, 6, 47.44
1569650887, 121, 39, 63, 0, 0, 0.56%, 0, 0, 6, 47.01
1569650892, 121, 45, 63, 0, 0, 0.56%, 0, 0, 6, 47.27
1569650907, 122, 7, 63, 0, 0, 0.56%, 0, 0, 6, 47.85
1569650917, 122, 13, 63, 0, 0, 0.56%, 0, 0, 6, 47.65
1569650922, 123, 7, 63, 0, 0, 0.56%, 0, 0, 6, 47.86
1569650932, 123, 10, 63, 0, 0, 0.56%, 0, 0, 6, 47.70
1569650937, 123, 19, 63, 0, 0, 0.56%, 0, 0, 6, 47.92
1569650942, 124, 7, 63, 0, 0, 0.56%, 0, 0, 6, 47.59
1569650947, 124, 10, 63, 0, 0, 0.56%, 0, 0, 6, 47.03
1569650952, 124, 19, 63, 0, 0, 0.56%, 0, 0, 6, 47.24
1569650958, 124, 56, 63, 0, 0, 0.56%, 0, 0, 6, 47.35
1569651019, 125, 1, 63, 0, 0, 0.56%, 0, 0, 6, 48.22
1569651024, 125, 7, 63, 0, 0, 0.56%, 0, 0, 6, 48.04
1569651034, 125, 13, 63, 0, 0, 0.56%, 0, 0, 6, 48.16
1569651040, 125, 48, 63, 0, 0, 0.56%, 0, 0, 6, 48.08
1569651045, 125, 57, 63, 0, 0, 0.56%, 0, 0, 6, 48.12
1569651076, 126, 7, 63, 0, 0, 0.56%, 0, 0, 6, 47.11
1569651086, 126, 10, 63, 0, 0, 0.56%, 0, 0, 6, 48.19
1569651091, 126, 19, 63, 0, 0, 0.56%, 0, 0, 6, 48.46
1569651096, 126, 25, 63, 0, 0, 0.56%, 0, 0, 6, 48.38
1569651101, 126, 50, 63, 0, 0, 0.56%, 0, 0, 6, 48.38
1569651106, 127, 7, 63, 0, 0, 0.56%, 0, 0, 6, 48.41
1569651117, 127, 13, 63, 0, 0, 0.56%, 0, 0, 6, 48.35
1569651122, 127, 27, 63, 0, 0, 0.56%, 0, 0, 6, 48.32
1569651132, 127, 31, 63, 0, 0, 0.56%, 0, 0, 6, 48.38
1569651137, 127, 32, 63, 0, 0, 0.56%, 0, 0, 6, 48.51
1569651148, 127, 54, 63, 0, 0, 0.56%, 0, 0, 6, 47.50
1569651163, 128, 7, 63, 0, 0, 0.56%, 0, 0, 6, 47.33
1569651173, 128, 13, 63, 0, 0, 0.56%, 0, 0, 6, 47.36
1569651178, 128, 51, 63, 0, 0, 0.56%, 0, 0, 6, 47.49
1569651193, 128, 54, 63, 0, 0, 0.56%, 0, 0, 6, 47.36
1569651208, 129, 6, 63, 0, 0, 0.56%, 0, 0, 6, 47.22
1569651219, 129, 7, 63, 0, 0, 0.56%, 0, 0, 6, 47.15
1569651224, 129, 10, 63, 0, 0, 0.56%, 0, 0, 6, 47.43
1569651229, 129, 19, 63, 0, 0, 0.56%, 0, 0, 6, 47.58
1569651234, 129, 30, 63, 0, 0, 0.56%, 0, 0, 6, 47.13
1569651239, 129, 50, 63, 0, 0, 0.56%, 0, 0, 6, 47.20
1569651249, 130, 3, 63, 0, 0, 0.56%, 0, 0, 6, 46.83
1569651254, 130, 7, 63, 0, 0, 0.56%, 0, 0, 6, 46.94
1569651259, 130, 10, 63, 0, 0, 0.56%, 0, 0, 6, 46.87
1569651264, 130, 11, 63, 0, 0, 0.56%, 0, 0, 6, 47.14
1569651275, 130, 17, 63, 0, 0, 0.56%, 0, 0, 6, 47.59
1569651280, 130, 19, 63, 0, 0, 0.56%, 0, 0, 6, 48.00
1569651285, 130, 33, 63, 0, 0, 0.56%, 0, 0, 6, 48.11
1569651290, 131, 7, 63, 0, 0, 0.56%, 0, 0, 6, 48.33
1569651300, 131, 13, 63, 0, 0, 0.56%, 0, 0, 6, 47.87
1569651305, 131, 19, 63, 0, 0, 0.56%, 0, 0, 6, 47.35
1569651311, 131, 21, 63, 0, 0, 0.56%, 0, 0, 6, 47.95
1569651316, 131, 42, 63, 0, 0, 0.56%, 0, 0, 6, 48.43
1569651321, 131, 43, 63, 0, 0, 0.56%, 0, 0, 6, 48.48
1569651336, 131, 44, 63, 0, 0, 0.56%, 0, 0, 6, 48.34
1569651352, 132, 7, 63, 0, 0, 0.56%, 0, 0, 6, 48.54
1569651362, 132, 10, 64, 1, 0, 0.56%, 0, 0, 6, 48.41
1569651367, 132, 17, 64, 1, 0, 0.56%, 0, 0, 6, 48.36
1569651378, 132, 30, 64, 1, 0, 0.56%, 0, 0, 6, 48.34
1569651388, 132, 37, 64, 1, 0, 0.56%, 0, 0, 6, 48.38
1569651393, 132, 58, 64, 1, 0, 0.56%, 0, 0, 6, 48.43
1569651424, 133, 7, 64, 1, 0, 0.56%, 0, 0, 6, 48.21
1569651429, 133, 10, 64, 1, 0, 0.56%, 0, 0, 6, 48.26
1569651434, 133, 19, 64, 1, 0, 0.56%, 0, 0, 6, 48.40
1569651439, 133, 24, 64, 1, 0, 0.56%, 0, 0, 6, 48.20
1569651444, 133, 31, 64, 1, 0, 0.56%, 0, 0, 6, 47.57
1569651455, 133, 54, 64, 1, 0, 0.56%, 0, 0, 6, 47.07
1569651470, 134, 7, 64, 1, 0, 0.56%, 0, 0, 6, 47.15
1569651475, 134, 10, 64, 1, 0, 0.56%, 0, 0, 6, 46.67
1569651480, 134, 19, 64, 1, 0, 0.56%, 0, 0, 6, 46.85
1569651485, 134, 30, 64, 1, 0, 0.56%, 0, 0, 6, 45.83
1569651490, 134, 52, 64, 1, 0, 0.56%, 0, 0, 6, 45.46
1569651506, 134, 53, 64, 1, 0, 0.56%, 0, 0, 6, 48.26
1569651521, 134, 58, 64, 1, 0, 0.56%, 0, 0, 6, 48.61
1569651552, 135, 2, 64, 1, 0, 0.56%, 0, 0, 6, 48.19
1569651558, 135, 7, 64, 1, 0, 0.56%, 0, 0, 6, 48.26
1569651568, 135, 11, 64, 1, 0, 0.56%, 0, 0, 6, 48.44
1569651578, 135, 19, 64, 1, 0, 0.56%, 0, 0, 6, 48.38
1569651583, 135, 37, 64, 1, 0, 0.56%, 0, 0, 6, 48.11
1569651589, 135, 47, 64, 1, 0, 0.56%, 0, 0, 6, 48.40
1569651599, 136, 7, 64, 1, 0, 0.56%, 0, 0, 6, 48.41
1569651604, 136, 10, 64, 1, 0, 0.56%, 0, 0, 6, 48.01
1569651609, 136, 16, 64, 1, 0, 0.56%, 0, 0, 6, 48.10
1569651620, 137, 7, 64, 1, 0, 0.56%, 0, 0, 6, 48.34
1569651630, 137, 13, 64, 1, 0, 0.56%, 0, 0, 6, 48.35
1569651635, 137, 63, 64, 1, 0, 0.56%, 0, 0, 6, 47.81
1569651717, 138, 0, 64, 0, 0, 0.56%, 0, 0, 6, 46.90
1569651722, 138, 5, 64, 0, 0, 0.56%, 0, 0, 6, 47.09
1569651732, 138, 7, 64, 0, 0, 0.56%, 0, 0, 6, 46.56
1569651737, 138, 10, 64, 0, 0, 0.56%, 0, 0, 6, 46.72
1569651742, 138, 19, 64, 0, 0, 0.56%, 0, 0, 6, 47.16
1569651747, 138, 26, 64, 0, 0, 0.56%, 0, 0, 6, 47.39
1569651752, 139, 7, 64, 0, 0, 0.56%, 0, 0, 6, 47.28
1569651763, 139, 13, 64, 0, 0, 0.56%, 0, 0, 6, 47.33
1569651768, 139, 17, 64, 0, 0, 0.56%, 0, 0, 6, 47.34
1569651773, 139, 19, 64, 0, 0, 0.56%, 0, 0, 6, 47.14
1569651778, 139, 20, 64, 0, 0, 0.56%, 0, 0, 6, 47.27
1569651783, 139, 55, 64, 0, 0, 0.56%, 0, 0, 6, 47.36
1569651793, 140, 7, 64, 0, 0, 0.56%, 0, 0, 6, 47.86
1569651798, 140, 10, 64, 0, 0, 0.56%, 0, 0, 6, 48.54
1569651803, 140, 19, 64, 0, 0, 0.56%, 0, 0, 6, 48.66
1569651808, 141, 7, 64, 0, 0, 0.56%, 0, 0, 6, 48.70
1569651814, 141, 10, 64, 0, 0, 0.56%, 0, 0, 6, 48.54
1569651819, 141, 14, 64, 0, 0, 0.56%, 0, 0, 6, 48.38
1569651829, 142, 7, 64, 0, 0, 0.56%, 0, 0, 6, 48.70
1569651839, 142, 13, 64, 0, 0, 0.56%, 0, 0, 6, 48.57
1569651844, 142, 15, 64, 0, 0, 0.56%, 0, 0, 6, 48.49
1569651850, 142, 19, 64, 0, 0, 0.56%, 0, 0, 6, 48.38
1569651855, 143, 4, 64, 0, 0, 0.56%, 0, 0, 6, 48.41
1569651860, 143, 7, 64, 0, 0, 0.56%, 0, 0, 6, 48.63
1569651870, 143, 13, 64, 0, 0, 0.56%, 0, 0, 6, 48.64
1569651875, 143, 33, 64, 0, 0, 0.56%, 0, 0, 6, 48.58
1569651886, 143, 54, 64, 0, 0, 0.56%, 0, 0, 6, 48.55
1569651901, 143, 61, 64, 0, 0, 0.56%, 0, 0, 6, 48.40
1569651927, 144, 0, 64, 0, 0, 0.56%, 0, 0, 6, 48.64
1569651937, 144, 7, 64, 0, 0, 0.56%, 0, 0, 6, 47.46
1569651942, 144, 10, 64, 0, 0, 0.56%, 0, 0, 6, 47.34
1569651947, 144, 19, 64, 0, 0, 0.56%, 0, 0, 6, 47.53
1569651952, 144, 22, 64, 0, 0, 0.56%, 0, 0, 6, 47.37
1569651957, 144, 23, 64, 0, 0, 0.56%, 0, 0, 6, 47.07
1569651967, 144, 30, 64, 0, 0, 0.56%, 0, 0, 6, 47.07
1569651972, 144, 42, 64, 0, 0, 0.56%, 0, 0, 6, 47.00
1569651983, 145, 7, 64, 0, 0, 0.56%, 0, 0, 6, 48.01
1569651988, 145, 10, 64, 0, 0, 0.56%, 0, 0, 6, 47.35
1569651993, 145, 13, 64, 0, 0, 0.56%, 0, 0, 6, 48.02
1569651998, 145, 51, 64, 0, 0, 0.56%, 0, 0, 6, 48.55
1569652013, 145, 52, 64, 0, 0, 0.56%, 0, 0, 6, 46.27
1569652029, 145, 60, 64, 0, 0, 0.56%, 0, 0, 6, 45.40
1569652090, 146, 7, 64, 0, 0, 0.56%, 0, 0, 6, 48.33
1569652096, 146, 10, 64, 0, 0, 0.56%, 0, 0, 6, 48.21
1569652101, 146, 19, 64, 0, 0, 0.56%, 0, 0, 6, 48.28
1569652106, 146, 53, 64, 0, 0, 0.56%, 0, 0, 6, 48.46
1569652121, 147, 7, 64, 0, 0, 0.56%, 0, 0, 6, 48.59
1569652127, 147, 9, 64, 0, 0, 0.56%, 0, 0, 6, 48.51
1569652137, 147, 13, 64, 0, 0, 0.56%, 0, 0, 6, 48.33
1569652142, 147, 17, 64, 0, 0, 0.56%, 0, 0, 6, 48.30
1569652147, 147, 19, 64, 0, 0, 0.56%, 0, 0, 6, 48.58
1569652152, 147, 24, 64, 0, 0, 0.56%, 0, 0, 6, 48.26
1569652158, 147, 31, 64, 0, 0, 0.56%, 0, 0, 6, 48.55
1569652163, 147, 35, 64, 0, 0, 0.56%, 0, 0, 6, 48.66
1569652173, 147, 50, 64, 0, 0, 0.56%, 0, 0, 6, 48.95
1569652178, 148, 7, 64, 0, 0, 0.56%, 0, 0, 6, 48.70
1569652188, 148, 13, 64, 0, 0, 0.56%, 0, 0, 6, 47.72
1569652193, 149, 3, 64, 0, 0, 0.56%, 0, 0, 6, 47.56
1569652203, 149, 7, 64, 0, 0, 0.56%, 0, 0, 6, 46.72
1569652208, 149, 10, 64, 0, 0, 0.56%, 0, 0, 6, 46.09
1569652214, 149, 13, 64, 0, 0, 0.56%, 0, 0, 6, 47.48
1569652219, 149, 23, 64, 0, 0, 0.56%, 0, 0, 6, 47.33
1569652229, 149, 62, 64, 0, 0, 0.56%, 0, 0, 6, 48.09
1569652255, 150, 7, 64, 0, 0, 0.56%, 0, 0, 6, 48.66
1569652265, 150, 13, 64, 0, 0, 0.56%, 0, 0, 6, 48.68
1569652270, 150, 15, 64, 0, 0, 0.56%, 0, 0, 6, 47.57
1569652280, 150, 60, 64, 0, 0, 0.56%, 0, 0, 6, 47.51
1569652341, 151, 2, 64, 0, 0, 0.56%, 0, 0, 6, 47.14
1569652346, 151, 7, 64, 0, 0, 0.56%, 0, 0, 6, 47.17
1569652357, 151, 13, 64, 0, 0, 0.56%, 0, 0, 6, 46.74
1569652362, 151, 23, 64, 0, 0, 0.56%, 0, 0, 6, 46.82
1569652372, 151, 28, 64, 0, 0, 0.56%, 0, 0, 6, 46.93
1569652377, 151, 50, 64, 0, 0, 0.56%, 0, 0, 6, 47.11
1569652387, 151, 53, 64, 0, 0, 0.56%, 0, 0, 6, 46.55
1569652402, 152, 7, 64, 0, 0, 0.56%, 0, 0, 6, 47.67
1569652408, 152, 10, 64, 0, 0, 0.56%, 0, 0, 6, 47.16
1569652413, 152, 16, 64, 0, 0, 0.56%, 0, 0, 6, 47.16
1569652423, 152, 17, 64, 0, 0, 0.56%, 0, 0, 6, 48.41
1569652428, 152, 19, 64, 0, 0, 0.56%, 0, 0, 6, 48.56
1569652433, 152, 24, 64, 0, 0, 0.56%, 0, 0, 6, 48.59
1569652438, 152, 35, 64, 0, 0, 0.56%, 0, 0, 6, 48.36
1569652449, 152, 37, 64, 0, 0, 0.56%, 0, 0, 6, 48.52
1569652454, 152, 46, 64, 0, 0, 0.56%, 0, 0, 6, 48.36
1569652464, 153, 7, 64, 0, 0, 0.56%, 0, 0, 6, 48.75
1569652469, 153, 10, 64, 0, 0, 0.56%, 0, 0, 6, 47.74
1569652474, 153, 19, 64, 0, 0, 0.56%, 0, 0, 6, 47.44
1569652479, 153, 33, 64, 0, 0, 0.56%, 0, 0, 6, 47.27
1569652484, 153, 40, 64, 0, 0, 0.56%, 0, 0, 6, 47.12
1569652495, 153, 55, 64, 0, 0, 0.56%, 0, 0, 6, 47.44
1569652500, 154, 7, 64, 0, 0, 0.56%, 0, 0, 6, 47.06
1569652510, 154, 13, 64, 0, 0, 0.56%, 0, 0, 6, 47.31
1569652515, 154, 49, 64, 0, 0, 0.56%, 0, 0, 6, 48.12
1569652531, 154, 52, 64, 0, 0, 0.56%, 0, 0, 6, 48.51
1569652546, 155, 7, 64, 0, 0, 0.56%, 0, 0, 6, 47.82
1569652551, 155, 10, 64, 0, 0, 0.56%, 0, 0, 6, 47.86
1569652556, 155, 19, 64, 0, 0, 0.56%, 0, 0, 6, 47.82
1569652561, 155, 28, 64, 0, 0, 0.56%, 0, 0, 6, 48.18
1569652566, 156, 7, 64, 0, 0, 0.56%, 0, 0, 6, 48.34
1569652576, 156, 11, 64, 0, 0, 0.56%, 0, 0, 6, 47.25
1569652586, 156, 19, 64, 0, 0, 0.56%, 0, 0, 6, 47.82
1569652592, 156, 50, 64, 0, 0, 0.56%, 0, 0, 6, 47.86
1569652597, 157, 5, 64, 0, 0, 0.56%, 0, 0, 6, 47.76
1569652607, 157, 7, 64, 0, 0, 0.56%, 0, 0, 6, 48.11
1569652612, 157, 8, 64, 0, 0, 0.56%, 0, 0, 6, 47.84
1569652622, 157, 13, 64, 0, 0, 0.56%, 0, 0, 6, 46.99
1569652627, 157, 16, 64, 0, 0, 0.56%, 0, 0, 6, 47.38
1569652637, 157, 26, 64, 0, 0, 0.56%, 0, 0, 6, 46.79
1569652647, 157, 27, 64, 0, 0, 0.56%, 0, 0, 6, 48.00
1569652653, 158, 7, 64, 0, 0, 0.56%, 0, 0, 6, 48.32
1569652663, 158, 13, 64, 0, 0, 0.56%, 0, 0, 6, 48.31
1569652668, 158, 47, 64, 0, 0, 0.56%, 0, 0, 6, 48.33
1569652678, 158, 52, 64, 0, 0, 0.56%, 0, 0, 6, 48.38
1569652694, 159, 3, 64, 0, 0, 0.56%, 0, 0, 6, 46.35
1569652699, 159, 7, 64, 0, 0, 0.56%, 0, 0, 6, 47.03
1569652704, 159, 10, 64, 0, 0, 0.56%, 0, 0, 6, 47.24
1569652709, 159, 19, 64, 0, 0, 0.56%, 0, 0, 6, 47.67
1569652714, 159, 36, 64, 0, 0, 0.56%, 0, 0, 6, 47.75
1569652719, 159, 54, 64, 0, 0, 0.56%, 0, 0, 6, 47.80
1569652734, 160, 2, 64, 0, 0, 0.56%, 0, 0, 6, 48.21
1569652739, 160, 5, 64, 0, 0, 0.56%, 0, 0, 6, 48.24
1569652750, 160, 7, 64, 0, 0, 0.56%, 0, 0, 6, 48.11
1569652755, 160, 10, 64, 0, 0, 0.56%, 0, 0, 6, 47.11
1569652760, 160, 13, 64, 0, 0, 0.56%, 0, 0, 6, 47.44
1569652765, 160, 32, 64, 0, 0, 0.56%, 0, 0, 6, 47.71
1569652775, 160, 48, 64, 0, 0, 0.56%, 0, 0, 6, 47.59
1569652780, 160, 51, 64, 0, 0, 0.56%, 0, 0, 6, 47.29
1569652795, 161, 5, 64, 0, 0, 0.56%, 0, 0, 6, 48.18
1569652800, 161, 7, 64, 0, 0, 0.56%, 0, 0, 6, 47.20
1569652811, 161, 13, 64, 0, 0, 0.56%, 0, 0, 6, 48.30
1569652816, 161, 23, 64, 0, 0, 0.56%, 0, 0, 6, 47.66
1569652826, 161, 26, 64, 0, 0, 0.56%, 0, 0, 6, 47.31
1569652831, 161, 43, 64, 0, 0, 0.56%, 0, 0, 6, 47.17
1569652847, 161, 53, 64, 0, 0, 0.56%, 0, 0, 6, 47.90
1569652862, 161, 54, 64, 0, 0, 0.56%, 0, 0, 6, 48.11
1569652877, 161, 56, 64, 0, 0, 0.56%, 0, 0, 6, 48.11
1569652909, 162, 7, 64, 0, 0, 0.56%, 0, 0, 6, 48.24
1569652919, 162, 13, 64, 0, 0, 0.56%, 0, 0, 6, 48.13
1569652924, 162, 21, 64, 0, 0, 0.56%, 0, 0, 6, 48.10
1569652935, 162, 53, 64, 0, 0, 0.56%, 0, 0, 6, 48.16
1569652950, 162, 58, 64, 0, 0, 0.56%, 0, 0, 6, 48.16
1569652981, 163, 7, 64, 0, 0, 0.56%, 0, 0, 6, 46.98
1569652986, 163, 10, 64, 0, 0, 0.56%, 0, 0, 6, 46.85
1569652991, 163, 19, 64, 0, 0, 0.56%, 0, 0, 6, 46.69
1569652996, 163, 43, 64, 0, 0, 0.56%, 0, 0, 6, 46.94
1569653011, 163, 45, 64, 0, 0, 0.56%, 0, 0, 6, 47.70
1569653026, 164, 7, 64, 0, 0, 0.56%, 0, 0, 6, 47.75
1569653031, 164, 10, 64, 0, 0, 0.56%, 0, 0, 6, 47.75
1569653036, 164, 18, 64, 0, 0, 0.56%, 0, 0, 6, 47.86
1569653042, 164, 30, 64, 0, 0, 0.56%, 0, 0, 6, 47.31
1569653052, 165, 7, 64, 0, 0, 0.56%, 0, 0, 6, 46.10
1569653062, 165, 8, 64, 0, 0, 0.56%, 0, 0, 6, 47.08
1569653067, 165, 10, 64, 0, 0, 0.56%, 0, 0, 6, 47.40
1569653072, 165, 12, 64, 0, 0, 0.56%, 0, 0, 6, 47.46
1569653077, 165, 13, 64, 0, 0, 0.56%, 0, 0, 6, 47.68
1569653082, 165, 27, 64, 0, 0, 0.56%, 0, 0, 6, 47.87
1569653092, 165, 37, 64, 0, 0, 0.56%, 0, 0, 6, 47.42
1569653097, 166, 7, 64, 0, 0, 0.56%, 0, 0, 6, 47.65
1569653107, 166, 13, 64, 0, 0, 0.56%, 0, 0, 6, 47.08
1569653112, 166, 25, 64, 0, 0, 0.56%, 0, 0, 6, 46.77
1569653122, 166, 49, 64, 0, 0, 0.56%, 0, 0, 6, 47.54
1569653138, 167, 7, 64, 0, 0, 0.56%, 0, 0, 6, 47.66
1569653148, 167, 13, 64, 0, 0, 0.56%, 0, 0, 6, 47.66
1569653153, 167, 30, 64, 0, 0, 0.56%, 0, 0, 6, 47.46
1569653163, 167, 37, 64, 0, 0, 0.56%, 0, 0, 6, 47.12
1569653168, 168, 0, 64, 0, 0, 0.56%, 0, 0, 6, 47.08
1569653173, 168, 7, 64, 0, 0, 0.56%, 0, 0, 6, 47.20
1569653178, 168, 7, 65, 1, 0, 0.57%, 0, 0, 6, 47.22
1569653188, 168, 12, 65, 1, 0, 0.57%, 0, 0, 6, 48.52
1569653199, 168, 19, 65, 1, 0, 0.57%, 0, 0, 6, 48.42
1569653204, 168, 64, 65, 1, 0, 0.57%, 0, 0, 6, 48.25
1569653551, 169, 7, 65, 0, 0, 0.57%, 0, 0, 6, 48.44
1569653556, 169, 10, 65, 0, 0, 0.57%, 0, 0, 6, 48.37
1569653562, 169, 19, 65, 0, 0, 0.57%, 0, 0, 6, 48.46
1569653567, 169, 23, 65, 0, 0, 0.57%, 0, 0, 6, 48.50
1569653572, 169, 30, 65, 0, 0, 0.57%, 0, 0, 6, 48.38
1569653582, 169, 57, 65, 0, 0, 0.57%, 0, 0, 6, 48.37
1569653613, 169, 61, 65, 0, 0, 0.57%, 0, 0, 6, 47.72
1569653638, 169, 61, 66, 1, 0, 0.57%, 0, 0, 6, 47.26
1569653643, 170, 1, 66, 1, 0, 0.57%, 0, 0, 6, 47.04
1569653654, 170, 7, 66, 1, 0, 0.57%, 0, 0, 6, 46.98
1569653659, 170, 10, 66, 1, 0, 0.57%, 0, 0, 6, 46.85
1569653664, 170, 19, 66, 1, 0, 0.57%, 0, 0, 6, 47.10
1569653669, 170, 54, 66, 1, 0, 0.57%, 0, 0, 6, 47.42
1569653684, 170, 55, 66, 1, 0, 0.57%, 0, 0, 6, 47.46
1569653689, 171, 7, 66, 1, 0, 0.57%, 0, 0, 6, 47.27
1569653699, 171, 13, 66, 1, 0, 0.57%, 0, 0, 6, 47.40
1569653704, 171, 15, 66, 1, 0, 0.57%, 0, 0, 6, 46.83
1569653709, 171, 17, 66, 1, 0, 0.57%, 0, 0, 6, 46.07
1569653720, 171, 40, 66, 1, 0, 0.57%, 0, 0, 6, 46.95
1569653730, 171, 54, 66, 1, 0, 0.57%, 0, 0, 6, 48.47
1569653745, 172, 7, 66, 1, 0, 0.57%, 0, 0, 6, 48.42
1569653751, 172, 10, 66, 1, 0, 0.57%, 0, 0, 6, 48.24
1569653756, 172, 19, 66, 1, 0, 0.57%, 0, 0, 6, 48.14
1569653761, 172, 28, 66, 1, 0, 0.57%, 0, 0, 6, 48.24
1569653766, 172, 64, 66, 1, 0, 0.57%, 0, 0, 6, 48.34
1569653797, 173, 7, 66, 1, 0, 0.57%, 0, 0, 6, 47.03
1569653802, 173, 10, 66, 1, 0, 0.57%, 0, 0, 6, 46.92
1569653807, 173, 19, 66, 1, 0, 0.57%, 0, 0, 6, 46.99
1569653812, 173, 30, 66, 1, 0, 0.57%, 0, 0, 6, 47.34
1569653817, 173, 37, 66, 1, 0, 0.57%, 0, 0, 6, 48.14
1569653828, 173, 54, 66, 1, 0, 0.57%, 0, 0, 6, 47.85
1569653843, 173, 57, 66, 1, 0, 0.57%, 0, 0, 6, 47.79
1569653873, 174, 7, 66, 1, 0, 0.57%, 0, 0, 6, 47.66
1569653879, 174, 10, 66, 1, 0, 0.57%, 0, 0, 6, 48.13
1569653884, 174, 19, 66, 1, 0, 0.57%, 0, 0, 6, 48.23
1569653889, 174, 65, 66, 1, 0, 0.57%, 0, 0, 6, 48.21
1569653935, 175, 7, 66, 0, 0, 0.57%, 0, 0, 6, 48.19
1569653940, 175, 10, 66, 0, 0, 0.57%, 0, 0, 6, 48.27
1569653945, 175, 14, 66, 0, 0, 0.57%, 0, 0, 6, 47.68
1569653951, 175, 19, 66, 0, 0, 0.57%, 0, 0, 6, 48.44
1569653956, 175, 35, 66, 0, 0, 0.57%, 0, 0, 6, 48.49
1569653961, 175, 41, 66, 0, 0, 0.57%, 0, 0, 6, 48.28
1569653971, 176, 7, 66, 0, 0, 0.57%, 0, 0, 6, 48.50
1569653976, 176, 10, 66, 0, 0, 0.57%, 0, 0, 6, 48.44
1569653981, 176, 19, 66, 0, 0, 0.57%, 0, 0, 6, 48.43
1569653987, 176, 35, 66, 0, 0, 0.57%, 0, 0, 6, 48.48
1569653992, 176, 39, 66, 0, 0, 0.57%, 0, 0, 6, 48.46
1569654002, 176, 55, 66, 0, 0, 0.57%, 0, 0, 6, 48.18
1569654007, 177, 5, 66, 0, 0, 0.57%, 0, 0, 6, 48.15
1569654018, 177, 7, 66, 0, 0, 0.57%, 0, 0, 6, 48.29
1569654023, 177, 10, 66, 0, 0, 0.57%, 0, 0, 6, 48.35
1569654028, 177, 19, 66, 0, 0, 0.57%, 0, 0, 6, 48.30
1569654033, 178, 7, 66, 0, 0, 0.57%, 0, 0, 6, 47.95
1569654038, 178, 10, 66, 0, 0, 0.57%, 0, 0, 6, 47.97
1569654043, 178, 19, 66, 0, 0, 0.57%, 0, 0, 6, 48.19
1569654049, 179, 7, 66, 0, 0, 0.57%, 0, 0, 6, 48.44
1569654054, 179, 10, 66, 0, 0, 0.57%, 0, 0, 6, 48.42
1569654059, 179, 19, 66, 0, 0, 0.57%, 0, 0, 6, 48.49
1569654064, 179, 45, 66, 0, 0, 0.57%, 0, 0, 6, 48.43
1569654080, 179, 56, 66, 0, 0, 0.57%, 0, 0, 6, 48.06
1569654095, 180, 0, 66, 0, 0, 0.57%, 0, 0, 6, 47.76
1569654100, 180, 7, 66, 0, 0, 0.57%, 0, 0, 6, 47.54
1569654110, 180, 13, 66, 0, 0, 0.57%, 0, 0, 6, 47.80
1569654115, 181, 3, 66, 0, 0, 0.57%, 0, 0, 6, 47.42
1569654120, 181, 5, 66, 0, 0, 0.57%, 0, 0, 6, 47.42
1569654130, 181, 7, 66, 0, 0, 0.57%, 0, 0, 6, 47.27
1569654135, 181, 10, 66, 0, 0, 0.57%, 0, 0, 6, 46.72
1569654140, 181, 14, 66, 0, 0, 0.57%, 0, 0, 6, 47.30
1569654151, 181, 16, 66, 0, 0, 0.57%, 0, 0, 6, 48.51
1569654156, 181, 18, 66, 0, 0, 0.57%, 0, 0, 6, 48.24
1569654161, 181, 49, 66, 0, 0, 0.57%, 0, 0, 6, 48.30
1569654176, 181, 54, 66, 0, 0, 0.57%, 0, 0, 6, 48.47
1569654192, 182, 3, 66, 0, 0, 0.57%, 0, 0, 6, 48.11
1569654202, 182, 7, 66, 0, 0, 0.57%, 0, 0, 6, 48.34
1569654207, 182, 10, 66, 0, 0, 0.57%, 0, 0, 6, 47.59
1569654212, 182, 19, 66, 0, 0, 0.57%, 0, 0, 6, 47.37
1569654218, 183, 7, 66, 0, 0, 0.57%, 0, 0, 6, 47.73
1569654223, 183, 10, 66, 0, 0, 0.57%, 0, 0, 6, 47.92
1569654228, 183, 19, 66, 0, 0, 0.57%, 0, 0, 6, 47.92
1569654233, 183, 61, 66, 0, 0, 0.57%, 0, 0, 6, 47.46
1569654264, 184, 5, 66, 0, 0, 0.57%, 0, 0, 6, 47.17
1569654269, 184, 6, 66, 0, 0, 0.57%, 0, 0, 6, 47.46
1569654279, 184, 7, 66, 0, 0, 0.57%, 0, 0, 6, 48.20
1569654284, 184, 10, 66, 0, 0, 0.57%, 0, 0, 6, 48.16
1569654289, 184, 19, 66, 0, 0, 0.57%, 0, 0, 6, 48.24
1569654295, 184, 44, 66, 0, 0, 0.57%, 0, 0, 6, 48.31
1569654310, 185, 2, 66, 0, 0, 0.57%, 0, 0, 6, 48.18
1569654315, 185, 5, 66, 0, 0, 0.57%, 0, 0, 6, 48.30
1569654320, 185, 7, 66, 0, 0, 0.57%, 0, 0, 6, 48.21
1569654331, 185, 13, 66, 0, 0, 0.57%, 0, 0, 6, 48.05
1569654336, 185, 53, 66, 0, 0, 0.57%, 0, 0, 6, 48.02
1569654351, 185, 56, 66, 0, 0, 0.57%, 0, 0, 6, 48.05
1569654366, 186, 7, 66, 0, 0, 0.57%, 0, 0, 6, 48.09
1569654371, 186, 10, 66, 0, 0, 0.57%, 0, 0, 6, 47.88
1569654376, 186, 19, 66, 0, 0, 0.57%, 0, 0, 6, 48.16
1569654382, 186, 21, 66, 0, 0, 0.57%, 0, 0, 6, 47.95
1569654387, 186, 32, 66, 0, 0, 0.57%, 0, 0, 6, 47.60
1569654397, 186, 37, 66, 0, 0, 0.57%, 0, 0, 6, 47.45
1569654402, 186, 65, 66, 0, 0, 0.57%, 0, 0, 6, 46.82
1569654412, 187, 1, 66, 0, 0, 0.57%, 0, 0, 6, 46.95
1569654422, 187, 5, 66, 0, 0, 0.57%, 0, 0, 6, 46.84
1569654427, 187, 7, 66, 0, 0, 0.57%, 0, 0, 6, 46.99
1569654438, 187, 13, 66, 0, 0, 0.57%, 0, 0, 6, 46.52
1569654443, 187, 30, 66, 0, 0, 0.57%, 0, 0, 6, 47.05
1569654453, 187, 32, 66, 0, 0, 0.57%, 0, 0, 6, 47.83
1569654458, 187, 49, 66, 0, 0, 0.57%, 0, 0, 6, 47.95
1569654473, 187, 55, 66, 0, 0, 0.57%, 0, 0, 6, 47.18
1569654478, 188, 7, 66, 0, 0, 0.57%, 0, 0, 6, 47.24
1569654488, 188, 8, 66, 0, 0, 0.57%, 0, 0, 6, 47.08
1569654493, 188, 10, 66, 0, 0, 0.57%, 0, 0, 6, 47.30
1569654498, 188, 13, 66, 0, 0, 0.57%, 0, 0, 6, 47.66
1569654503, 188, 51, 66, 0, 0, 0.57%, 0, 0, 6, 47.50
1569654518, 188, 58, 66, 0, 0, 0.57%, 0, 0, 6, 47.79
1569654549, 189, 7, 66, 0, 0, 0.57%, 0, 0, 6, 47.93
1569654554, 189, 10, 66, 0, 0, 0.57%, 0, 0, 6, 47.92
1569654559, 189, 19, 66, 0, 0, 0.57%, 0, 0, 6, 48.12
1569654564, 189, 22, 66, 0, 0, 0.57%, 0, 0, 6, 47.89
1569654570, 189, 25, 66, 0, 0, 0.57%, 0, 0, 6, 48.08
1569654580, 189, 50, 66, 0, 0, 0.57%, 0, 0, 6, 48.25
1569654585, 190, 1, 66, 0, 0, 0.57%, 0, 0, 6, 48.22
1569654590, 190, 7, 66, 0, 0, 0.57%, 0, 0, 6, 48.30
1569654601, 190, 13, 66, 0, 0, 0.57%, 0, 0, 6, 48.15
1569654606, 190, 31, 66, 0, 0, 0.57%, 0, 0, 6, 47.90
1569654616, 190, 50, 66, 0, 0, 0.57%, 0, 0, 6, 48.04
1569654621, 190, 58, 66, 0, 0, 0.57%, 0, 0, 6, 48.10
1569654652, 191, 7, 66, 0, 0, 0.57%, 0, 0, 6, 47.64
1569654662, 191, 13, 66, 0, 0, 0.57%, 0, 0, 6, 47.48
1569654667, 191, 21, 66, 0, 0, 0.57%, 0, 0, 6, 47.55
1569654677, 191, 58, 66, 0, 0, 0.57%, 0, 0, 6, 47.72
1569654708, 192, 7, 66, 0, 0, 0.57%, 0, 0, 6, 48.22
1569654713, 192, 10, 66, 0, 0, 0.57%, 0, 0, 6, 48.26
1569654718, 192, 19, 66, 0, 0, 0.57%, 0, 0, 6, 48.41
1569654723, 192, 34, 66, 0, 0, 0.57%, 0, 0, 6, 48.02
1569654728, 193, 1, 66, 0, 0, 0.57%, 0, 0, 6, 47.96
1569654739, 193, 7, 66, 0, 0, 0.57%, 0, 0, 6, 48.11
1569654744, 193, 10, 66, 0, 0, 0.57%, 0, 0, 6, 47.82
1569654749, 193, 16, 66, 0, 0, 0.57%, 0, 0, 6, 47.79
1569654759, 193, 60, 66, 0, 0, 0.57%, 0, 0, 6, 46.95
1569654774, 193, 60, 67, 1, 0, 0.57%, 0, 0, 6, 47.29
1569654840, 193, 66, 67, 1, 0, 0.57%, 0, 0, 6, 46.94
1569655371, 194, 7, 67, 0, 0, 0.57%, 0, 0, 6, 46.82
1569655376, 194, 10, 67, 0, 0, 0.57%, 0, 0, 6, 46.78
1569655381, 194, 19, 67, 0, 0, 0.57%, 0, 0, 6, 47.11
1569655386, 194, 50, 67, 0, 0, 0.57%, 0, 0, 6, 47.07
1569655392, 195, 5, 67, 0, 0, 0.57%, 0, 0, 6, 47.99
1569655402, 195, 7, 67, 0, 0, 0.57%, 0, 0, 6, 48.27
1569655407, 195, 10, 67, 0, 0, 0.57%, 0, 0, 6, 48.15
1569655412, 195, 16, 67, 0, 0, 0.57%, 0, 0, 6, 48.26
1569655423, 195, 19, 67, 0, 0, 0.57%, 0, 0, 6, 47.92
1569655428, 195, 26, 67, 0, 0, 0.57%, 0, 0, 6, 48.31
1569655433, 195, 53, 67, 0, 0, 0.57%, 0, 0, 6, 48.30
1569655448, 195, 59, 67, 0, 0, 0.57%, 0, 0, 6, 47.82
1569655458, 196, 7, 67, 0, 0, 0.57%, 0, 0, 6, 47.79
1569655469, 196, 13, 67, 0, 0, 0.57%, 0, 0, 6, 48.01
1569655474, 196, 23, 67, 0, 0, 0.57%, 0, 0, 6, 47.77
1569655484, 196, 53, 67, 0, 0, 0.57%, 0, 0, 6, 47.68
1569655499, 196, 61, 67, 0, 0, 0.57%, 0, 0, 6, 47.46
1569655529, 197, 7, 67, 0, 0, 0.57%, 0, 0, 6, 47.60
1569655540, 197, 13, 67, 0, 0, 0.57%, 0, 0, 6, 48.22
1569655545, 197, 28, 67, 0, 0, 0.57%, 0, 0, 6, 47.51
1569655555, 197, 48, 67, 0, 0, 0.57%, 0, 0, 6, 47.98
1569655560, 197, 50, 67, 0, 0, 0.57%, 0, 0, 6, 47.84
1569655570, 197, 58, 68, 1, 0, 0.58%, 0, 0, 6, 48.00
1569655611, 197, 66, 68, 1, 0, 0.58%, 0, 0, 6, 44.64
1569655672, 198, 7, 68, 1, 0, 0.58%, 0, 0, 6, 47.58
1569655682, 198, 9, 68, 1, 0, 0.58%, 0, 0, 6, 47.38
1569655687, 198, 10, 68, 1, 0, 0.58%, 0, 0, 6, 47.43
1569655692, 198, 19, 68, 1, 0, 0.58%, 0, 0, 6, 47.28
1569655697, 198, 21, 68, 1, 0, 0.58%, 0, 0, 6, 47.40
1569655702, 198, 26, 68, 1, 0, 0.58%, 0, 0, 6, 47.89
1569655713, 198, 31, 68, 1, 0, 0.58%, 0, 0, 6, 48.20
1569655718, 198, 37, 68, 1, 0, 0.58%, 0, 0, 6, 48.40
1569655728, 198, 44, 68, 1, 0, 0.58%, 0, 0, 6, 48.05
1569655744, 198, 66, 68, 1, 0, 0.58%, 0, 0, 6, 47.93
1569655805, 198, 67, 68, 1, 0, 0.58%, 0, 0, 6, 48.36
1569655912, 198, 67, 69, 2, 0, 0.58%, 0, 0, 6, 47.84
1569656116, 198, 68, 69, 1, 0, 0.58%, 0, 0, 6, 46.81
1569656429, 199, 2, 69, 0, 0, 0.58%, 0, 0, 6, 47.96
1569656434, 199, 7, 69, 0, 0, 0.58%, 0, 0, 6, 47.71
1569656445, 199, 12, 69, 0, 0, 0.58%, 0, 0, 6, 48.07
1569656455, 199, 14, 69, 0, 0, 0.58%, 0, 0, 6, 48.00
1569656465, 199, 20, 69, 0, 0, 0.58%, 0, 0, 6, 47.66
1569656475, 199, 66, 69, 0, 0, 0.58%, 0, 0, 6, 47.20
1569656537, 200, 7, 69, 0, 0, 0.58%, 0, 0, 6, 48.58
1569656542, 200, 10, 69, 0, 0, 0.58%, 0, 0, 6, 48.52
1569656547, 200, 19, 69, 0, 0, 0.58%, 0, 0, 6, 48.33
1569656552, 200, 26, 69, 0, 0, 0.58%, 0, 0, 6, 48.08
1569656557, 200, 51, 69, 0, 0, 0.58%, 0, 0, 6, 48.18
1569656573, 201, 7, 69, 0, 0, 0.58%, 0, 0, 6, 47.74
1569656578, 201, 10, 69, 0, 0, 0.58%, 0, 0, 6, 48.24
1569656583, 201, 14, 69, 0, 0, 0.58%, 0, 0, 6, 47.85
1569656593, 201, 19, 69, 0, 0, 0.58%, 0, 0, 6, 47.13
1569656598, 201, 20, 69, 0, 0, 0.58%, 0, 0, 6, 47.42
1569656608, 202, 0, 69, 0, 0, 0.58%, 0, 0, 6, 47.49
1569656613, 202, 7, 69, 0, 0, 0.58%, 0, 0, 6, 47.36
1569656618, 202, 10, 69, 0, 0, 0.58%, 0, 0, 6, 46.97
1569656624, 202, 11, 69, 0, 0, 0.58%, 0, 0, 6, 46.64
1569656629, 202, 13, 69, 0, 0, 0.58%, 0, 0, 6, 46.53
1569656634, 202, 41, 69, 0, 0, 0.58%, 0, 0, 6, 46.89
1569656644, 203, 4, 69, 0, 0, 0.58%, 0, 0, 6, 47.01
1569656649, 203, 7, 69, 0, 0, 0.58%, 0, 0, 6, 46.92
1569656659, 203, 13, 69, 0, 0, 0.58%, 0, 0, 6, 46.07
1569656665, 203, 25, 69, 0, 0, 0.58%, 0, 0, 6, 47.03
1569656675, 203, 41, 69, 0, 0, 0.58%, 0, 0, 6, 46.83
1569656680, 203, 58, 69, 0, 0, 0.58%, 0, 0, 6, 46.84
1569656700, 203, 58, 70, 1, 0, 0.58%, 0, 0, 6, 45.72
1569656716, 204, 7, 70, 1, 0, 0.58%, 0, 0, 6, 47.18
1569656726, 204, 13, 70, 1, 0, 0.58%, 0, 0, 6, 47.24
1569656731, 204, 17, 70, 1, 0, 0.58%, 0, 0, 6, 47.13
1569656736, 204, 19, 70, 1, 0, 0.58%, 0, 0, 6, 47.21
1569656741, 204, 20, 70, 1, 0, 0.58%, 0, 0, 6, 47.38
1569656746, 204, 53, 70, 1, 0, 0.58%, 0, 0, 6, 47.38
1569656761, 205, 7, 70, 1, 0, 0.58%, 0, 0, 6, 47.25
1569656771, 205, 13, 70, 1, 0, 0.58%, 0, 0, 6, 47.34
1569656777, 205, 61, 70, 1, 0, 0.58%, 0, 0, 6, 47.13
1569656812, 206, 1, 70, 1, 0, 0.58%, 0, 0, 6, 47.28
1569656817, 206, 2, 70, 1, 0, 0.58%, 0, 0, 6, 47.30
1569656822, 206, 6, 70, 1, 0, 0.58%, 0, 0, 6, 46.90
1569656832, 206, 7, 70, 1, 0, 0.58%, 0, 0, 6, 47.35
1569656842, 206, 13, 70, 1, 0, 0.58%, 0, 0, 6, 46.12
1569656847, 206, 42, 70, 1, 0, 0.58%, 0, 0, 6, 46.67
1569656858, 207, 0, 70, 1, 0, 0.58%, 0, 0, 6, 46.66
1569656863, 207, 7, 70, 1, 0, 0.58%, 0, 0, 6, 46.77
1569656873, 207, 8, 70, 1, 0, 0.58%, 0, 0, 6, 47.44
1569656878, 207, 10, 70, 1, 0, 0.58%, 0, 0, 6, 47.56
1569656883, 207, 19, 70, 1, 0, 0.58%, 0, 0, 6, 47.34
1569656888, 208, 7, 70, 1, 0, 0.58%, 0, 0, 6, 47.49
1569656893, 208, 10, 70, 1, 0, 0.58%, 0, 0, 6, 47.21
1569656898, 208, 12, 70, 1, 0, 0.58%, 0, 0, 6, 47.39
1569656903, 208, 13, 70, 1, 0, 0.58%, 0, 0, 6, 47.56
1569656908, 208, 21, 70, 1, 0, 0.58%, 0, 0, 6, 47.11
1569656919, 208, 35, 70, 1, 0, 0.58%, 0, 0, 6, 46.49
1569656924, 209, 7, 70, 1, 0, 0.58%, 0, 0, 6, 46.50
1569656934, 209, 13, 70, 1, 0, 0.58%, 0, 0, 6, 46.39
1569656939, 209, 23, 70, 1, 0, 0.58%, 0, 0, 6, 46.64
1569656950, 209, 66, 70, 1, 0, 0.58%, 0, 0, 6, 46.27
1569657011, 210, 6, 70, 1, 0, 0.58%, 0, 0, 6, 46.22
1569657022, 210, 7, 70, 1, 0, 0.58%, 0, 0, 6, 45.39
1569657027, 210, 10, 70, 1, 0, 0.58%, 0, 0, 6, 45.74
1569657032, 210, 19, 70, 1, 0, 0.58%, 0, 0, 6, 45.98
1569657037, 210, 65, 70, 1, 0, 0.58%, 0, 0, 6, 45.91
1569657047, 211, 7, 70, 1, 0, 0.58%, 0, 0, 6, 46.85
1569657057, 211, 13, 70, 1, 0, 0.58%, 0, 0, 6, 46.39
1569657063, 211, 24, 70, 1, 0, 0.58%, 0, 0, 6, 46.34
1569657073, 211, 31, 70, 1, 0, 0.58%, 0, 0, 6, 46.12
1569657078, 211, 63, 70, 1, 0, 0.58%, 0, 0, 6, 46.12
1569657109, 211, 69, 70, 1, 0, 0.58%, 0, 0, 6, 46.07
1569657170, 211, 69, 71, 2, 0, 0.59%, 0, 0, 6, 46.28
1569657303, 211, 69, 73, 4, 0, 0.59%, 0, 0, 6, 47.21
1569657643, 212, 1, 73, 3, 0, 0.59%, 0, 0, 6, 48.01
1569657648, 212, 7, 73, 3, 0, 0.59%, 0, 0, 6, 48.05
1569657658, 212, 13, 73, 3, 0, 0.59%, 0, 0, 6, 47.90
1569657663, 212, 19, 73, 3, 0, 0.59%, 0, 0, 6, 47.54
1569657668, 212, 30, 73, 3, 0, 0.59%, 0, 0, 6, 47.76
1569657673, 212, 32, 73, 3, 0, 0.59%, 0, 0, 6, 47.85
1569657683, 212, 72, 73, 3, 0, 0.59%, 0, 0, 6, 47.83
1569657775, 212, 72, 74, 4, 0, 0.60%, 0, 0, 6, 46.49
1569659226, 212, 72, 75, 5, 0, 0.60%, 0, 0, 6, 45.94
1569659489, 212, 72, 76, 6, 0, 0.60%, 0, 0, 6, 47.79
1569660607, 212, 72, 77, 7, 0, 0.60%, 0, 0, 6, 47.86
1569662155, 212, 72, 78, 8, 0, 0.61%, 0, 0, 6, 46.33
1569662914, 212, 72, 79, 9, 0, 0.61%, 0, 0, 6, 47.51
1569663075, 212, 72, 80, 10, 0, 0.61%, 0, 0, 6, 47.62
1569663518, 212, 72, 81, 11, 0, 0.61%, 0, 0, 6, 47.14
1569664112, 212, 73, 81, 10, 1, 0.61%, 0, 0, 6, 46.55
1569665687, 212, 73, 82, 11, 1, 0.62%, 0, 0, 7, 47.86
1569668637, 212, 73, 83, 12, 1, 0.62%, 0, 0, 7, 46.59
1569669701, 212, 73, 84, 13, 1, 0.62%, 0, 0, 7, 47.98
1569670530, 212, 79, 84, 12, 0, 0.62%, 0, 0, 7, 47.40
1569671913, 212, 79, 85, 13, 0, 0.62%, 0, 0, 7, 47.36
1569672759, 212, 79, 86, 14, 0, 0.63%, 0, 0, 7, 47.40
1569673687, 212, 79, 87, 15, 0, 0.63%, 0, 0, 7, 46.98
1569674419, 212, 79, 88, 16, 0, 0.63%, 0, 0, 7, 47.35
1569674688, 212, 79, 89, 17, 0, 0.63%, 0, 0, 7, 46.83
1569674708, 212, 79, 90, 18, 0, 0.64%, 0, 0, 7, 47.52
1569676235, 212, 79, 91, 19, 0, 0.64%, 0, 0, 7, 48.25
1569676926, 212, 89, 91, 18, 0, 0.64%, 0, 0, 7, 48.23
1569676997, 212, 89, 92, 19, 0, 0.64%, 0, 0, 8, 48.14
1569677177, 212, 89, 93, 20, 0, 0.64%, 0, 0, 8, 47.00
1569678124, 212, 89, 94, 21, 0, 0.65%, 0, 0, 8, 47.21
1569678770, 212, 89, 95, 22, 0, 0.65%, 0, 0, 8, 46.97
1569680593, 212, 89, 96, 23, 0, 0.65%, 0, 0, 8, 47.26
1569682452, 212, 89, 97, 24, 0, 0.65%, 0, 0, 8, 46.87
1569683266, 212, 90, 97, 23, 0, 0.65%, 0, 0, 8, 48.04
1569684118, 212, 90, 98, 24, 0, 0.66%, 0, 0, 8, 48.08
1569685490, 212, 90, 99, 25, 0, 0.66%, 0, 0, 8, 48.46
1569686819, 212, 90, 100, 26, 0, 0.66%, 0, 0, 8, 48.41
1569689597, 212, 91, 100, 25, 0, 0.66%, 0, 0, 8, 48.40
1569696004, 212, 92, 100, 24, 0, 0.66%, 0, 0, 8, 47.18
1569702400, 212, 99, 100, 23, 0, 0.66%, 0, 0, 8, 48.15
