# unix_time, cycles_done, cur_path, paths_total, pending_total, pending_favs, map_size, unique_crashes, unique_hangs, max_depth, execs_per_sec
1570686019, 0, 0, 2, 2, 1, 0.46%, 0, 0, 1, 39.90
1570686029, 0, 0, 3, 3, 1, 0.47%, 0, 0, 2, 43.67
1570686039, 0, 2, 3, 2, 1, 0.47%, 0, 0, 2, 40.71
1570686044, 0, 2, 3, 2, 1, 0.47%, 0, 1, 2, 39.47
1570686054, 0, 2, 4, 3, 1, 0.49%, 0, 2, 3, 40.67
1570686064, 0, 3, 4, 2, 1, 0.49%, 0, 2, 3, 40.96
1570686091, 0, 3, 4, 2, 1, 0.49%, 0, 3, 3, 7.94
1570686096, 1, 1, 4, 1, 0, 0.49%, 0, 3, 3, 43.71
1570686116, 2, 0, 4, 0, 0, 0.49%, 0, 3, 3, 41.57
1570686121, 2, 1, 4, 0, 0, 0.49%, 0, 3, 3, 41.00
1570686126, 2, 2, 4, 0, 0, 0.49%, 0, 3, 3, 39.60
1570686137, 2, 3, 4, 0, 0, 0.49%, 0, 4, 3, 34.40
1570686142, 3, 0, 4, 0, 0, 0.49%, 0, 4, 3, 37.41
1570686147, 3, 1, 4, 0, 0, 0.49%, 0, 4, 3, 37.38
1570686157, 3, 2, 4, 0, 0, 0.49%, 0, 4, 3, 36.25
1570686162, 3, 3, 4, 0, 0, 0.49%, 0, 4, 3, 35.04
1570686172, 4, 0, 4, 0, 0, 0.49%, 0, 4, 3, 36.10
1570686177, 4, 1, 4, 0, 0, 0.49%, 0, 4, 3, 39.51
1570686182, 4, 2, 4, 0, 0, 0.49%, 0, 4, 3, 39.30
1570686187, 4, 3, 4, 0, 0, 0.49%, 0, 4, 3, 34.62
1570686198, 5, 0, 4, 0, 0, 0.49%, 0, 4, 3, 38.53
1570686203, 5, 1, 4, 0, 0, 0.49%, 0, 4, 3, 37.58
1570686208, 5, 2, 4, 0, 0, 0.49%, 0, 4, 3, 37.64
1570686213, 5, 3, 4, 0, 0, 0.49%, 0, 4, 3, 37.09
1570686223, 6, 0, 4, 0, 0, 0.49%, 0, 4, 3, 38.20
1570686228, 6, 1, 4, 0, 0, 0.49%, 0, 4, 3, 36.30
1570686239, 6, 2, 4, 0, 0, 0.49%, 0, 4, 3, 34.70
1570686244, 6, 3, 4, 0, 0, 0.49%, 0, 4, 3, 33.59
1570686254, 7, 0, 4, 0, 0, 0.49%, 0, 4, 3, 33.52
1570686259, 7, 1, 4, 0, 0, 0.49%, 0, 4, 3, 33.87
1570686264, 7, 2, 4, 0, 0, 0.49%, 0, 4, 3, 34.93
1570686269, 7, 3, 4, 0, 0, 0.49%, 0, 4, 3, 34.03
1570686280, 8, 0, 4, 0, 0, 0.49%, 0, 4, 3, 33.54
1570686285, 8, 1, 4, 0, 0, 0.49%, 0, 4, 3, 34.25
1570686295, 8, 2, 4, 0, 0, 0.49%, 0, 4, 3, 33.24
1570686300, 8, 3, 4, 0, 0, 0.49%, 0, 4, 3, 32.53
1570686310, 9, 0, 4, 0, 0, 0.49%, 0, 4, 3, 34.45
1570686316, 9, 1, 4, 0, 0, 0.49%, 0, 4, 3, 36.48
1570686321, 9, 2, 4, 0, 0, 0.49%, 0, 4, 3, 35.79
1570686331, 9, 3, 4, 0, 0, 0.49%, 0, 4, 3, 33.87
1570686336, 10, 0, 4, 0, 0, 0.49%, 0, 4, 3, 34.22
1570686346, 10, 1, 4, 0, 0, 0.49%, 0, 4, 3, 35.23
1570686351, 10, 2, 4, 0, 0, 0.49%, 0, 4, 3, 34.92
1570686357, 10, 3, 4, 0, 0, 0.49%, 0, 4, 3, 35.25
1570686367, 11, 0, 4, 0, 0, 0.49%, 0, 4, 3, 33.75
1570686372, 11, 1, 4, 0, 0, 0.49%, 0, 4, 3, 35.86
1570686382, 11, 2, 4, 0, 0, 0.49%, 0, 4, 3, 34.42
1570686387, 11, 3, 4, 0, 0, 0.49%, 0, 4, 3, 33.72
1570686392, 12, 0, 4, 0, 0, 0.49%, 0, 4, 3, 34.57
1570686403, 12, 1, 4, 0, 0, 0.49%, 0, 4, 3, 34.03
1570686408, 12, 2, 4, 0, 0, 0.49%, 0, 4, 3, 32.66
1570686413, 12, 3, 4, 0, 0, 0.49%, 0, 4, 3, 31.82
1570686423, 13, 0, 4, 0, 0, 0.49%, 0, 4, 3, 30.56
1570686434, 13, 1, 4, 0, 0, 0.49%, 0, 4, 3, 30.98
1570686439, 13, 2, 4, 0, 0, 0.49%, 0, 4, 3, 31.54
1570686444, 13, 3, 4, 0, 0, 0.49%, 0, 4, 3, 31.52
1570686454, 14, 0, 4, 0, 0, 0.49%, 0, 4, 3, 30.42
1570686465, 14, 1, 4, 0, 0, 0.49%, 0, 4, 3, 31.81
1570686470, 14, 2, 4, 0, 0, 0.49%, 0, 4, 3, 31.36
1570686480, 14, 3, 4, 0, 0, 0.49%, 0, 4, 3, 30.24
1570686491, 15, 0, 4, 0, 0, 0.49%, 0, 4, 3, 30.24
1570686496, 15, 1, 4, 0, 0, 0.49%, 0, 4, 3, 30.96
1570686506, 15, 2, 4, 0, 0, 0.49%, 0, 4, 3, 29.72
1570686511, 15, 3, 4, 0, 0, 0.49%, 0, 4, 3, 29.66
1570686521, 16, 0, 4, 0, 0, 0.49%, 0, 4, 3, 30.02
1570686532, 16, 1, 4, 0, 0, 0.49%, 0, 4, 3, 30.44
1570686542, 16, 2, 4, 0, 0, 0.49%, 0, 4, 3, 31.71
1570686547, 16, 3, 4, 0, 0, 0.49%, 0, 4, 3, 30.94
1570686552, 17, 0, 4, 0, 0, 0.49%, 0, 4, 3, 29.90
1570686562, 17, 1, 4, 0, 0, 0.49%, 0, 4, 3, 30.96
1570686573, 17, 2, 4, 0, 0, 0.49%, 0, 4, 3, 31.07
1570686578, 17, 3, 4, 0, 0, 0.49%, 0, 4, 3, 32.95
1570686588, 18, 0, 4, 0, 0, 0.49%, 0, 4, 3, 32.19
1570686593, 18, 1, 4, 0, 0, 0.49%, 0, 4, 3, 31.89
1570686603, 18, 2, 4, 0, 0, 0.49%, 0, 4, 3, 29.99
1570686608, 18, 3, 4, 0, 0, 0.49%, 0, 4, 3, 31.12
1570686619, 19, 0, 4, 0, 0, 0.49%, 0, 4, 3, 31.41
1570686624, 19, 1, 4, 0, 0, 0.49%, 0, 4, 3, 33.66
1570686634, 19, 2, 4, 0, 0, 0.49%, 0, 4, 3, 30.64
1570686644, 19, 3, 4, 0, 0, 0.49%, 0, 4, 3, 30.53
1570686649, 20, 0, 4, 0, 0, 0.49%, 0, 4, 3, 31.19
1570686660, 20, 1, 4, 0, 0, 0.49%, 0, 4, 3, 30.88
1570686670, 20, 2, 4, 0, 0, 0.49%, 0, 4, 3, 30.62
1570686675, 20, 3, 4, 0, 0, 0.49%, 0, 4, 3, 30.75
1570686685, 21, 0, 4, 0, 0, 0.49%, 0, 4, 3, 32.38
1570686690, 21, 1, 4, 0, 0, 0.49%, 0, 4, 3, 31.47
1570686701, 21, 2, 4, 0, 0, 0.49%, 0, 4, 3, 30.15
1570686711, 21, 3, 4, 0, 0, 0.49%, 0, 4, 3, 30.55
1570686721, 22, 0, 4, 0, 0, 0.49%, 0, 4, 3, 30.19
1570686726, 22, 1, 4, 0, 0, 0.49%, 0, 4, 3, 32.04
1570686736, 22, 2, 4, 0, 0, 0.49%, 0, 4, 3, 30.62
1570686746, 22, 3, 4, 0, 0, 0.49%, 0, 4, 3, 30.01
1570686752, 23, 0, 4, 0, 0, 0.49%, 0, 4, 3, 30.47
1570686762, 23, 1, 4, 0, 0, 0.49%, 0, 4, 3, 29.17
1570686772, 23, 2, 4, 0, 0, 0.49%, 0, 4, 3, 28.52
1570686777, 23, 3, 4, 0, 0, 0.49%, 0, 4, 3, 29.10
1570686787, 24, 0, 4, 0, 0, 0.49%, 0, 4, 3, 29.48
1570686793, 24, 1, 4, 0, 0, 0.49%, 0, 4, 3, 29.41
1570686803, 24, 2, 4, 0, 0, 0.49%, 0, 4, 3, 30.17
1570686813, 24, 3, 4, 0, 0, 0.49%, 0, 4, 3, 30.26
1570686823, 25, 0, 4, 0, 0, 0.49%, 0, 4, 3, 30.03
1570686829, 25, 1, 4, 0, 0, 0.49%, 0, 4, 3, 31.19
1570686839, 25, 2, 4, 0, 0, 0.49%, 0, 4, 3, 29.77
1570686844, 25, 3, 4, 0, 0, 0.49%, 0, 4, 3, 28.75
1570686854, 26, 0, 4, 0, 0, 0.49%, 0, 4, 3, 28.41
1570686864, 26, 1, 4, 0, 0, 0.49%, 0, 4, 3, 30.55
1570686875, 26, 2, 4, 0, 0, 0.49%, 0, 4, 3, 30.30
1570686880, 26, 3, 4, 0, 0, 0.49%, 0, 4, 3, 28.92
1570686890, 27, 0, 4, 0, 0, 0.49%, 0, 4, 3, 28.48
1570686895, 27, 1, 4, 0, 0, 0.49%, 0, 4, 3, 29.05
1570686906, 27, 2, 4, 0, 0, 0.49%, 0, 4, 3, 28.35
1570686911, 27, 3, 4, 0, 0, 0.49%, 0, 4, 3, 28.49
1570686921, 28, 0, 4, 0, 0, 0.49%, 0, 4, 3, 27.98
1570686931, 28, 1, 4, 0, 0, 0.49%, 0, 4, 3, 28.12
1570686942, 28, 2, 4, 0, 0, 0.49%, 0, 4, 3, 27.95
1570686952, 28, 3, 4, 0, 0, 0.49%, 0, 4, 3, 29.01
1570686962, 29, 0, 4, 0, 0, 0.49%, 0, 4, 3, 28.43
1570686967, 29, 1, 4, 0, 0, 0.49%, 0, 4, 3, 28.25
1570686977, 29, 2, 4, 0, 0, 0.49%, 0, 4, 3, 28.36
1570686988, 29, 3, 4, 0, 0, 0.49%, 0, 4, 3, 27.76
1570686998, 30, 0, 4, 0, 0, 0.49%, 0, 4, 3, 29.45
1570687003, 30, 1, 4, 0, 0, 0.49%, 0, 4, 3, 29.15
1570687013, 30, 2, 4, 0, 0, 0.49%, 0, 4, 3, 28.84
1570687018, 30, 3, 4, 0, 0, 0.49%, 0, 4, 3, 28.73
1570687034, 31, 0, 4, 0, 0, 0.49%, 0, 4, 3, 27.81
1570687039, 31, 1, 4, 0, 0, 0.49%, 0, 4, 3, 30.08
1570687049, 31, 2, 4, 0, 0, 0.49%, 0, 4, 3, 28.56
1570687054, 31, 3, 4, 0, 0, 0.49%, 0, 4, 3, 28.32
1570687064, 32, 0, 4, 0, 0, 0.49%, 0, 4, 3, 27.73
1570687074, 32, 1, 4, 0, 0, 0.49%, 0, 4, 3, 30.15
1570687080, 32, 2, 4, 0, 0, 0.49%, 0, 4, 3, 32.78
1570687085, 32, 3, 4, 0, 0, 0.49%, 0, 4, 3, 31.65
1570687095, 33, 0, 4, 0, 0, 0.49%, 0, 4, 3, 30.69
1570687105, 33, 1, 4, 0, 0, 0.49%, 0, 4, 3, 31.90
1570687110, 33, 2, 4, 0, 0, 0.49%, 0, 4, 3, 31.72
1570687121, 33, 3, 4, 0, 0, 0.49%, 0, 4, 3, 32.32
1570687126, 34, 0, 4, 0, 0, 0.49%, 0, 4, 3, 31.44
1570687136, 34, 1, 4, 0, 0, 0.49%, 0, 4, 3, 31.79
1570687146, 34, 2, 4, 0, 0, 0.49%, 0, 4, 3, 31.15
1570687151, 34, 3, 4, 0, 0, 0.49%, 0, 4, 3, 32.34
1570687161, 35, 0, 4, 0, 0, 0.49%, 0, 4, 3, 32.28
1570687172, 35, 1, 4, 0, 0, 0.49%, 0, 4, 3, 31.05
1570687177, 35, 2, 4, 0, 0, 0.49%, 0, 4, 3, 31.36
1570687182, 35, 3, 4, 0, 0, 0.49%, 0, 4, 3, 30.19
1570687192, 36, 0, 4, 0, 0, 0.49%, 0, 4, 3, 31.38
1570687197, 36, 1, 4, 0, 0, 0.49%, 0, 4, 3, 33.21
1570687207, 36, 2, 4, 0, 0, 0.49%, 0, 4, 3, 31.85
1570687212, 36, 3, 4, 0, 0, 0.49%, 0, 4, 3, 31.74
1570687222, 37, 0, 4, 0, 0, 0.49%, 0, 4, 3, 32.37
1570687233, 37, 1, 4, 0, 0, 0.49%, 0, 4, 3, 34.84
1570687238, 37, 2, 4, 0, 0, 0.49%, 0, 4, 3, 32.96
1570687248, 37, 3, 4, 0, 0, 0.49%, 0, 4, 3, 32.44
1570687253, 38, 0, 4, 0, 0, 0.49%, 0, 4, 3, 32.71
1570687258, 38, 1, 4, 0, 0, 0.49%, 0, 4, 3, 33.32
1570687269, 38, 2, 4, 0, 0, 0.49%, 0, 4, 3, 31.42
1570687274, 38, 3, 4, 0, 0, 0.49%, 0, 4, 3, 30.95
1570687284, 39, 0, 4, 0, 0, 0.49%, 0, 4, 3, 32.80
1570687289, 39, 1, 4, 0, 0, 0.49%, 0, 4, 3, 32.40
1570687299, 39, 2, 4, 0, 0, 0.49%, 0, 4, 3, 32.81
1570687304, 39, 3, 4, 0, 0, 0.49%, 0, 4, 3, 31.49
1570687315, 40, 0, 4, 0, 0, 0.49%, 0, 4, 3, 31.60
1570687320, 40, 1, 4, 0, 0, 0.49%, 0, 4, 3, 32.44
1570687330, 40, 2, 4, 0, 0, 0.49%, 0, 4, 3, 34.13
1570687335, 40, 3, 4, 0, 0, 0.49%, 0, 4, 3, 31.52
1570687346, 41, 0, 4, 0, 0, 0.49%, 0, 4, 3, 31.55
1570687356, 41, 1, 4, 0, 0, 0.49%, 0, 4, 3, 32.72
1570687361, 41, 2, 4, 0, 0, 0.49%, 0, 4, 3, 32.31
1570687366, 41, 3, 4, 0, 0, 0.49%, 0, 4, 3, 32.64
1570687376, 42, 0, 4, 0, 0, 0.49%, 0, 4, 3, 31.95
1570687387, 42, 1, 4, 0, 0, 0.49%, 0, 4, 3, 33.48
1570687392, 42, 2, 4, 0, 0, 0.49%, 0, 4, 3, 32.44
1570687397, 42, 3, 4, 0, 0, 0.49%, 0, 4, 3, 32.28
1570687407, 43, 0, 4, 0, 0, 0.49%, 0, 4, 3, 33.25
1570687412, 43, 1, 4, 0, 0, 0.49%, 0, 4, 3, 32.93
1570687423, 43, 2, 4, 0, 0, 0.49%, 0, 4, 3, 31.05
1570687433, 43, 3, 4, 0, 0, 0.49%, 0, 4, 3, 30.89
1570687438, 44, 0, 4, 0, 0, 0.49%, 0, 4, 3, 32.89
1570687449, 44, 1, 4, 0, 0, 0.49%, 0, 4, 3, 33.45
1570687454, 44, 2, 4, 0, 0, 0.49%, 0, 4, 3, 33.26
1570687464, 44, 3, 4, 0, 0, 0.49%, 0, 4, 3, 31.96
1570687474, 45, 0, 4, 0, 0, 0.49%, 0, 4, 3, 30.04
1570687479, 45, 1, 4, 0, 0, 0.49%, 0, 4, 3, 31.15
1570687490, 45, 2, 4, 0, 0, 0.49%, 0, 4, 3, 29.40
1570687495, 45, 3, 4, 0, 0, 0.49%, 0, 4, 3, 30.57
1570687505, 46, 0, 4, 0, 0, 0.49%, 0, 4, 3, 30.41
1570687510, 46, 1, 4, 0, 0, 0.49%, 0, 4, 3, 31.34
1570687521, 46, 2, 4, 0, 0, 0.49%, 0, 4, 3, 30.78
1570687531, 46, 3, 4, 0, 0, 0.49%, 0, 4, 3, 31.63
1570687542, 47, 0, 4, 0, 0, 0.49%, 0, 4, 3, 31.65
1570687547, 47, 1, 4, 0, 0, 0.49%, 0, 4, 3, 33.19
1570687557, 47, 2, 4, 0, 0, 0.49%, 0, 4, 3, 32.49
1570687562, 47, 3, 4, 0, 0, 0.49%, 0, 4, 3, 29.42
1570687572, 48, 0, 4, 0, 0, 0.49%, 0, 4, 3, 30.96
1570687577, 48, 1, 4, 0, 0, 0.49%, 0, 4, 3, 30.71
1570687588, 48, 2, 4, 0, 0, 0.49%, 0, 4, 3, 30.51
1570687593, 48, 3, 4, 0, 0, 0.49%, 0, 4, 3, 30.24
1570687603, 49, 0, 4, 0, 0, 0.49%, 0, 4, 3, 30.16
1570687608, 49, 1, 4, 0, 0, 0.49%, 0, 4, 3, 30.49
1570687618, 49, 2, 4, 0, 0, 0.49%, 0, 4, 3, 30.75
1570687623, 49, 3, 4, 0, 0, 0.49%, 0, 4, 3, 30.48
1570687634, 50, 0, 4, 0, 0, 0.49%, 0, 4, 3, 30.09
1570687644, 50, 1, 4, 0, 0, 0.49%, 0, 4, 3, 30.14
1570687654, 50, 2, 4, 0, 0, 0.49%, 0, 4, 3, 29.53
1570687659, 50, 3, 4, 0, 0, 0.49%, 0, 4, 3, 29.39
1570687670, 51, 0, 4, 0, 0, 0.49%, 0, 4, 3, 30.20
1570687675, 51, 1, 4, 0, 0, 0.49%, 0, 4, 3, 30.10
1570687685, 51, 2, 4, 0, 0, 0.49%, 0, 4, 3, 30.24
1570687690, 51, 3, 4, 0, 0, 0.49%, 0, 4, 3, 30.52
1570687700, 52, 0, 4, 0, 0, 0.49%, 0, 4, 3, 29.96
1570687711, 52, 1, 4, 0, 0, 0.49%, 0, 4, 3, 31.09
1570687716, 52, 2, 4, 0, 0, 0.49%, 0, 4, 3, 30.12
1570687726, 52, 3, 4, 0, 0, 0.49%, 0, 4, 3, 29.41
1570687737, 53, 0, 4, 0, 0, 0.49%, 0, 4, 3, 33.00
1570687742, 53, 1, 4, 0, 0, 0.49%, 0, 4, 3, 33.15
1570687747, 53, 2, 4, 0, 0, 0.49%, 0, 4, 3, 32.43
1570687757, 53, 3, 4, 0, 0, 0.49%, 0, 4, 3, 31.38
1570687762, 54, 0, 4, 0, 0, 0.49%, 0, 4, 3, 29.75
1570687772, 54, 1, 4, 0, 0, 0.49%, 0, 4, 3, 31.58
1570687783, 54, 2, 4, 0, 0, 0.49%, 0, 4, 3, 35.73
1570687788, 54, 3, 4, 0, 0, 0.49%, 0, 4, 3, 30.73
1570687798, 55, 0, 4, 0, 0, 0.49%, 0, 4, 3, 31.38
1570687803, 55, 1, 4, 0, 0, 0.49%, 0, 4, 3, 32.08
1570687813, 55, 2, 4, 0, 0, 0.49%, 0, 4, 3, 31.29
1570687824, 55, 3, 4, 0, 0, 0.49%, 0, 4, 3, 32.84
1570687829, 56, 0, 4, 0, 0, 0.49%, 0, 4, 3, 30.92
1570687839, 56, 1, 4, 0, 0, 0.49%, 0, 4, 3, 32.18
1570687849, 56, 2, 4, 0, 0, 0.49%, 0, 4, 3, 31.03
1570687854, 56, 3, 4, 0, 0, 0.49%, 0, 4, 3, 30.84
1570687865, 57, 0, 4, 0, 0, 0.49%, 0, 4, 3, 30.69
1570687870, 57, 1, 4, 0, 0, 0.49%, 0, 4, 3, 32.01
1570687880, 57, 2, 4, 0, 0, 0.49%, 0, 4, 3, 30.86
1570687885, 57, 3, 4, 0, 0, 0.49%, 0, 4, 3, 30.25
1570687895, 58, 0, 4, 0, 0, 0.49%, 0, 4, 3, 30.74
1570687906, 58, 1, 4, 0, 0, 0.49%, 0, 4, 3, 32.05
1570687911, 58, 2, 4, 0, 0, 0.49%, 0, 4, 3, 30.70
1570687921, 58, 3, 4, 0, 0, 0.49%, 0, 4, 3, 30.49
1570687931, 59, 0, 4, 0, 0, 0.49%, 0, 4, 3, 31.01
1570687937, 59, 1, 4, 0, 0, 0.49%, 0, 4, 3, 30.71
1570687947, 59, 2, 4, 0, 0, 0.49%, 0, 4, 3, 32.77
1570687952, 59, 3, 4, 0, 0, 0.49%, 0, 4, 3, 33.59
1570687957, 60, 0, 4, 0, 0, 0.49%, 0, 4, 3, 32.36
1570687962, 60, 1, 4, 0, 0, 0.49%, 0, 4, 3, 31.74
1570687972, 60, 2, 4, 0, 0, 0.49%, 0, 4, 3, 31.60
1570687977, 60, 3, 4, 0, 0, 0.49%, 0, 4, 3, 31.38
1570687988, 61, 0, 4, 0, 0, 0.49%, 0, 4, 3, 30.84
1570687998, 61, 1, 4, 0, 0, 0.49%, 0, 4, 3, 30.84
1570688003, 61, 2, 4, 0, 0, 0.49%, 0, 4, 3, 31.34
1570688008, 61, 3, 4, 0, 0, 0.49%, 0, 4, 3, 32.62
1570688018, 62, 0, 4, 0, 0, 0.49%, 0, 4, 3, 32.19
1570688024, 62, 1, 4, 0, 0, 0.49%, 0, 4, 3, 31.57
1570688034, 62, 2, 4, 0, 0, 0.49%, 0, 4, 3, 29.95
1570688044, 62, 3, 4, 0, 0, 0.49%, 0, 4, 3, 30.22
1570688054, 63, 0, 4, 0, 0, 0.49%, 0, 4, 3, 30.18
1570688059, 63, 1, 4, 0, 0, 0.49%, 0, 4, 3, 29.62
1570688069, 63, 2, 4, 0, 0, 0.49%, 0, 4, 3, 30.63
1570688074, 63, 3, 4, 0, 0, 0.49%, 0, 4, 3, 31.69
1570688085, 64, 0, 4, 0, 0, 0.49%, 0, 4, 3, 33.59
1570688090, 64, 1, 4, 0, 0, 0.49%, 0, 4, 3, 32.67
1570688095, 64, 2, 4, 0, 0, 0.49%, 0, 4, 3, 33.62
1570688100, 64, 3, 4, 0, 0, 0.49%, 0, 4, 3, 32.60
1570688110, 65, 0, 4, 0, 0, 0.49%, 0, 4, 3, 30.86
1570688120, 65, 1, 4, 0, 0, 0.49%, 0, 4, 3, 33.24
1570688126, 65, 2, 4, 0, 0, 0.49%, 0, 4, 3, 33.58
1570688131, 65, 3, 5, 1, 0, 0.67%, 0, 4, 4, 31.81
1570688136, 65, 3, 6, 2, 0, 0.67%, 0, 4, 4, 33.79
1570688141, 65, 3, 8, 4, 0, 0.69%, 0, 6, 4, 12.21
1570688146, 65, 3, 10, 6, 0, 0.70%, 0, 8, 4, 31.95
1570688151, 65, 3, 11, 7, 0, 0.70%, 0, 9, 4, 24.34
1570688161, 65, 3, 11, 7, 0, 0.70%, 0, 10, 4, 26.25
1570688166, 65, 3, 12, 8, 0, 0.70%, 0, 10, 4, 26.33
1570688172, 65, 5, 12, 8, 6, 0.70%, 0, 11, 4, 29.66
1570688177, 65, 5, 14, 10, 6, 0.70%, 0, 14, 5, 5.62
1570688187, 65, 5, 15, 11, 6, 0.71%, 0, 15, 5, 27.90
1570688198, 65, 5, 16, 12, 6, 0.71%, 0, 15, 5, 30.50
1570688213, 65, 5, 21, 17, 6, 0.72%, 0, 15, 5, 28.70
1570688228, 65, 5, 23, 19, 6, 0.73%, 0, 15, 5, 30.87
1570688418, 65, 6, 23, 18, 15, 0.73%, 0, 15, 5, 31.71
1570688423, 65, 6, 24, 19, 15, 0.73%, 0, 15, 5, 27.92
1570688827, 65, 6, 25, 20, 15, 0.73%, 0, 15, 5, 28.01
1570688878, 65, 6, 25, 20, 15, 0.73%, 0, 16, 5, 28.58
1570688950, 65, 7, 25, 19, 15, 0.73%, 0, 16, 5, 29.62
1570689016, 65, 7, 25, 19, 15, 0.73%, 0, 17, 5, 34.47
1570689123, 65, 7, 26, 20, 15, 0.74%, 0, 18, 5, 8.85
1570689133, 65, 9, 26, 19, 14, 0.74%, 0, 18, 5, 22.62
1570689327, 65, 9, 27, 20, 14, 0.74%, 0, 18, 5, 31.50
1570689465, 65, 10, 27, 19, 13, 0.74%, 0, 18, 5, 23.80
1570689777, 65, 10, 29, 21, 13, 0.74%, 0, 18, 5, 32.72
1570689919, 65, 10, 30, 22, 13, 0.74%, 0, 18, 5, 32.36
1570689986, 65, 11, 30, 21, 13, 0.74%, 0, 18, 5, 27.88
1570690125, 65, 11, 30, 21, 13, 0.74%, 0, 19, 5, 34.08
1570690146, 65, 12, 30, 20, 12, 0.74%, 0, 20, 5, 31.50
1570690309, 65, 14, 30, 19, 11, 0.74%, 0, 20, 5, 27.72
1570690550, 65, 14, 31, 20, 11, 0.75%, 0, 20, 6, 30.78
1570690565, 65, 14, 32, 21, 11, 0.75%, 0, 20, 6, 30.78
1570690575, 65, 15, 32, 20, 11, 0.75%, 0, 20, 6, 30.00
1570690805, 65, 16, 32, 19, 10, 0.75%, 0, 20, 6, 27.99
1570691055, 65, 17, 32, 18, 9, 0.75%, 0, 20, 6, 27.17
1570691244, 65, 17, 33, 19, 9, 0.75%, 0, 20, 6, 28.61
1570691347, 65, 18, 33, 18, 8, 0.75%, 0, 20, 6, 26.46
1570691577, 65, 19, 33, 17, 7, 0.75%, 0, 20, 6, 28.81
1570691797, 65, 20, 33, 16, 6, 0.75%, 0, 20, 6, 31.27
1570691966, 65, 21, 33, 15, 5, 0.75%, 0, 20, 6, 30.78
1570692017, 65, 21, 33, 15, 5, 0.75%, 0, 21, 6, 30.28
1570692129, 65, 21, 33, 15, 5, 0.75%, 0, 22, 6, 33.34
1570692139, 65, 22, 33, 14, 4, 0.75%, 0, 22, 6, 32.40
1570692206, 65, 22, 33, 14, 4, 0.75%, 0, 23, 6, 34.93
1570692307, 65, 23, 33, 13, 3, 0.75%, 0, 23, 6, 28.29
1570692621, 65, 23, 34, 14, 3, 0.77%, 0, 23, 6, 31.39
1570692718, 65, 30, 34, 13, 2, 0.77%, 0, 24, 6, 2.58
1570692734, 65, 30, 35, 14, 2, 0.78%, 0, 24, 7, 31.93
1570692775, 65, 30, 39, 18, 2, 0.78%, 0, 24, 7, 31.91
1570692979, 65, 33, 39, 17, 3, 0.78%, 0, 24, 7, 31.44
1570692991, 65, 33, 39, 17, 3, 0.78%, 0, 25, 7, 3.93
1570693257, 65, 33, 40, 18, 3, 0.78%, 0, 25, 7, 29.68
1570693385, 65, 34, 40, 17, 2, 0.78%, 0, 26, 7, 33.69
1570693651, 65, 35, 40, 16, 1, 0.78%, 0, 26, 7, 25.60
1570693656, 65, 35, 40, 16, 1, 0.78%, 0, 27, 7, 27.73
1570693947, 65, 39, 40, 15, 0, 0.78%, 0, 27, 7, 24.34
1570694280, 65, 39, 41, 16, 0, 0.78%, 0, 27, 8, 27.48
1570694382, 66, 2, 41, 15, 0, 0.78%, 0, 27, 8, 28.04
1570694392, 66, 3, 41, 15, 0, 0.78%, 0, 27, 8, 26.77
1570694402, 66, 4, 41, 15, 0, 0.78%, 0, 27, 8, 17.64
1570694837, 66, 6, 41, 14, 0, 0.78%, 0, 27, 8, 22.56
1570694883, 66, 7, 41, 14, 0, 0.78%, 0, 27, 8, 26.20
1570694928, 66, 9, 41, 14, 0, 0.78%, 0, 27, 8, 26.39
1570694974, 66, 11, 41, 14, 0, 0.78%, 0, 27, 8, 28.07
1570695015, 66, 12, 41, 14, 0, 0.78%, 0, 27, 8, 27.80
1570695050, 66, 15, 41, 14, 0, 0.78%, 0, 27, 8, 28.54
1570695081, 66, 16, 41, 14, 0, 0.78%, 0, 27, 8, 29.64
1570695117, 66, 16, 42, 15, 0, 0.78%, 0, 27, 8, 28.76
1570695122, 66, 17, 42, 15, 0, 0.78%, 0, 27, 8, 26.12
1570695158, 66, 18, 42, 15, 0, 0.78%, 0, 27, 8, 27.29
1570695204, 66, 19, 42, 15, 0, 0.78%, 0, 27, 8, 26.37
1570695240, 66, 20, 42, 15, 0, 0.78%, 0, 27, 8, 30.39
1570695270, 66, 20, 43, 16, 0, 0.78%, 0, 27, 8, 28.20
1570695281, 66, 21, 43, 16, 0, 0.78%, 0, 27, 8, 25.85
1570695306, 66, 21, 44, 17, 0, 0.78%, 0, 27, 8, 27.03
1570695321, 66, 43, 44, 17, 1, 0.78%, 0, 27, 8, 25.13
1570695658, 67, 2, 44, 16, 0, 0.78%, 0, 27, 8, 17.68
1570695673, 67, 3, 44, 16, 0, 0.78%, 0, 27, 8, 24.41
1570695684, 67, 4, 44, 16, 0, 0.78%, 0, 27, 8, 23.75
1570695735, 67, 7, 44, 16, 0, 0.78%, 0, 27, 8, 22.84
1570695786, 67, 9, 44, 16, 0, 0.78%, 0, 27, 8, 25.46
1570695832, 67, 11, 44, 16, 0, 0.78%, 0, 27, 8, 23.78
1570695878, 67, 12, 44, 16, 0, 0.78%, 0, 27, 8, 26.65
1570695919, 67, 15, 44, 16, 0, 0.78%, 0, 27, 8, 24.57
1570695959, 67, 16, 44, 16, 0, 0.78%, 0, 27, 8, 26.21
1570696000, 67, 17, 44, 16, 0, 0.78%, 0, 27, 8, 26.83
1570696036, 67, 18, 44, 16, 0, 0.78%, 0, 27, 8, 24.70
1570696077, 67, 18, 45, 17, 0, 0.78%, 0, 27, 8, 26.23
1570696088, 67, 19, 45, 17, 0, 0.78%, 0, 27, 8, 25.62
1570696134, 67, 20, 45, 17, 0, 0.78%, 0, 27, 8, 24.48
1570696170, 67, 21, 45, 17, 0, 0.78%, 0, 27, 8, 28.05
1570696216, 67, 22, 45, 17, 0, 0.78%, 0, 27, 8, 25.02
1570696262, 67, 24, 45, 17, 0, 0.78%, 0, 27, 8, 23.53
1570696988, 67, 25, 45, 16, 0, 0.78%, 0, 27, 8, 23.37
1570697482, 67, 27, 45, 15, 0, 0.78%, 0, 27, 8, 19.03
1570697890, 67, 27, 46, 16, 0, 0.78%, 0, 27, 8, 26.87
1570697992, 67, 28, 46, 15, 0, 0.78%, 0, 27, 8, 26.31
1570698549, 67, 30, 46, 14, 0, 0.78%, 0, 27, 8, 25.01
1570698589, 67, 30, 47, 15, 0, 0.78%, 0, 27, 8, 21.95
1570698600, 67, 33, 47, 15, 0, 0.78%, 0, 27, 8, 22.39
1570698650, 67, 34, 47, 15, 0, 0.78%, 0, 27, 8, 22.80
1570698696, 67, 35, 47, 15, 0, 0.78%, 0, 27, 8, 23.77
1570698737, 67, 41, 47, 15, 0, 0.78%, 0, 27, 8, 17.21
1570699001, 67, 41, 48, 16, 0, 0.78%, 0, 27, 8, 27.88
1570699216, 67, 41, 49, 17, 0, 0.78%, 0, 27, 8, 20.75
1570699221, 67, 43, 49, 16, 0, 0.78%, 0, 27, 8, 25.41
1570699252, 67, 43, 50, 17, 0, 0.78%, 0, 27, 8, 27.66
1570699267, 67, 46, 50, 17, 0, 0.78%, 0, 27, 8, 25.25
1570699486, 67, 48, 50, 16, 0, 0.78%, 0, 27, 8, 12.95
1570699497, 67, 48, 51, 17, 0, 0.78%, 0, 27, 8, 21.31
1570699940, 67, 48, 52, 18, 0, 0.78%, 0, 27, 8, 21.18
1570699955, 67, 50, 52, 17, 0, 0.78%, 0, 27, 8, 17.71
1570700373, 67, 50, 53, 18, 0, 0.78%, 0, 27, 9, 21.85
1570700624, 68, 2, 53, 17, 0, 0.78%, 0, 27, 9, 19.95
1570700639, 68, 3, 53, 17, 0, 0.78%, 0, 27, 9, 24.20
1570700649, 68, 7, 54, 18, 0, 0.78%, 0, 27, 9, 22.01
1570700701, 68, 9, 54, 18, 0, 0.78%, 0, 27, 9, 23.45
1570700752, 68, 11, 54, 18, 0, 0.78%, 0, 27, 9, 25.21
1570700798, 68, 12, 54, 18, 0, 0.78%, 0, 27, 9, 24.53
1570700834, 68, 12, 56, 20, 0, 0.78%, 0, 27, 9, 22.40
1570700850, 68, 15, 56, 20, 0, 0.78%, 0, 27, 9, 26.01
1570700891, 68, 16, 56, 20, 0, 0.78%, 0, 27, 9, 26.91
1570700926, 68, 17, 56, 20, 0, 0.78%, 0, 27, 9, 27.59
1570700972, 68, 18, 56, 20, 0, 0.78%, 0, 27, 9, 24.29
1570701013, 68, 19, 56, 20, 0, 0.78%, 0, 27, 9, 23.93
1570701059, 68, 20, 56, 20, 0, 0.78%, 0, 27, 9, 25.92
1570701100, 68, 21, 56, 20, 0, 0.78%, 0, 27, 9, 25.25
1570701146, 68, 22, 56, 20, 0, 0.78%, 0, 27, 9, 24.57
1570701192, 68, 30, 56, 20, 0, 0.78%, 0, 27, 9, 26.22
1570701238, 68, 33, 56, 20, 0, 0.78%, 0, 27, 9, 24.42
1570701284, 68, 34, 56, 20, 0, 0.78%, 0, 27, 9, 24.43
1570701319, 68, 35, 56, 20, 0, 0.78%, 0, 27, 9, 25.56
1570701366, 68, 43, 56, 20, 0, 0.78%, 0, 27, 9, 25.53
1570701416, 68, 49, 56, 20, 0, 0.78%, 0, 27, 9, 23.38
1570701764, 68, 53, 56, 19, 0, 0.78%, 0, 27, 9, 18.75
1570702567, 69, 2, 56, 18, 0, 0.78%, 0, 27, 9, 25.11
1570702577, 69, 3, 56, 18, 0, 0.78%, 0, 27, 9, 25.35
1570702587, 69, 6, 56, 18, 0, 0.78%, 0, 27, 9, 23.97
1570702639, 69, 7, 56, 18, 0, 0.78%, 0, 27, 9, 22.85
1570702690, 69, 9, 56, 18, 0, 0.78%, 0, 27, 9, 23.31
1570702741, 69, 11, 56, 18, 0, 0.78%, 0, 27, 9, 27.56
1570702787, 69, 12, 56, 18, 0, 0.78%, 0, 27, 9, 23.67
1570702828, 69, 13, 56, 18, 0, 0.78%, 0, 27, 9, 25.45
1570703073, 69, 15, 56, 17, 0, 0.78%, 0, 27, 9, 26.66
1570703114, 69, 16, 56, 17, 0, 0.78%, 0, 27, 9, 27.69
1570703155, 69, 17, 56, 17, 0, 0.78%, 0, 27, 9, 26.80
1570703191, 69, 18, 56, 17, 0, 0.78%, 0, 27, 9, 24.89
1570703237, 69, 19, 56, 17, 0, 0.78%, 0, 27, 9, 26.74
