# unix_time, cycles_done, cur_path, paths_total, pending_total, pending_favs, map_size, unique_crashes, unique_hangs, max_depth, execs_per_sec
1567595682, 0, 0, 4, 4, 2, 1.84%, 0, 0, 1, 186.86
1567595687, 0, 0, 7, 7, 2, 1.85%, 0, 0, 2, 198.36
1567595692, 0, 0, 8, 8, 2, 1.85%, 0, 0, 2, 196.97
1567595697, 0, 0, 9, 9, 2, 1.85%, 0, 0, 2, 196.62
1567595702, 0, 0, 10, 10, 2, 1.86%, 0, 0, 2, 196.70
1567595707, 0, 0, 11, 11, 2, 1.86%, 0, 0, 2, 197.29
1567595718, 0, 0, 12, 12, 2, 1.86%, 0, 0, 2, 196.44
1567595728, 0, 0, 13, 13, 2, 1.86%, 0, 0, 2, 195.99
1567595733, 0, 0, 14, 14, 2, 1.86%, 0, 0, 2, 195.17
1567595748, 0, 0, 15, 15, 2, 1.87%, 0, 0, 2, 198.58
1567595840, 0, 0, 16, 16, 2, 1.87%, 0, 0, 2, 187.25
1567595856, 0, 7, 16, 15, 5, 1.87%, 0, 0, 2, 194.35
1567595861, 0, 10, 16, 14, 4, 1.87%, 0, 0, 2, 193.79
1567595871, 0, 11, 16, 13, 3, 1.87%, 0, 0, 2, 197.40
1567595876, 0, 12, 16, 12, 2, 1.87%, 0, 0, 2, 199.73
1567595886, 0, 15, 16, 11, 1, 1.87%, 0, 0, 2, 195.61
1567595932, 1, 0, 16, 10, 0, 1.87%, 0, 0, 2, 198.13
1567595937, 1, 5, 16, 10, 0, 1.87%, 0, 0, 2, 198.52
1567595942, 1, 5, 17, 11, 0, 1.87%, 0, 0, 3, 197.81
1567595952, 1, 9, 17, 10, 0, 1.87%, 0, 0, 3, 199.36
1567595962, 1, 12, 17, 9, 0, 1.87%, 0, 0, 3, 200.21
1567595967, 1, 14, 17, 9, 0, 1.87%, 0, 0, 3, 199.21
1567595972, 2, 10, 17, 8, 0, 1.87%, 0, 0, 3, 199.09
1567595977, 2, 15, 17, 8, 0, 1.87%, 0, 0, 3, 197.91
1567595982, 2, 16, 17, 8, 0, 1.87%, 0, 0, 3, 200.80
1567596013, 3, 1, 17, 7, 0, 1.87%, 0, 0, 3, 201.54
1567596024, 3, 10, 17, 6, 0, 1.87%, 0, 0, 3, 203.03
1567596029, 3, 12, 17, 6, 0, 1.87%, 0, 0, 3, 202.59
1567596034, 4, 7, 17, 6, 0, 1.87%, 0, 0, 3, 203.23
1567596039, 4, 12, 17, 6, 0, 1.87%, 0, 0, 3, 203.25
1567596044, 4, 15, 17, 6, 0, 1.87%, 0, 0, 3, 201.14
1567596049, 5, 3, 17, 6, 0, 1.87%, 0, 0, 3, 199.28
1567596059, 5, 6, 17, 5, 0, 1.87%, 0, 0, 3, 197.26
1567596070, 5, 10, 17, 4, 0, 1.87%, 0, 0, 3, 195.44
1567596075, 5, 12, 17, 4, 0, 1.87%, 0, 0, 3, 200.14
1567596080, 5, 15, 17, 4, 0, 1.87%, 0, 0, 3, 201.27
1567596085, 6, 10, 17, 4, 0, 1.87%, 0, 0, 3, 199.46
1567596090, 6, 12, 17, 4, 0, 1.87%, 0, 0, 3, 200.87
1567596095, 6, 13, 17, 4, 0, 1.87%, 0, 0, 3, 200.95
1567596100, 6, 13, 18, 5, 0, 1.87%, 0, 0, 3, 200.08
1567596115, 6, 17, 18, 4, 1, 1.87%, 0, 0, 3, 194.30
1567596151, 7, 10, 19, 4, 0, 1.88%, 0, 0, 3, 196.81
1567596156, 7, 12, 19, 4, 0, 1.88%, 0, 0, 3, 197.35
1567596161, 7, 17, 19, 4, 0, 1.88%, 0, 0, 3, 197.66
1567596171, 7, 18, 19, 4, 0, 1.88%, 0, 0, 3, 197.55
1567596207, 8, 4, 19, 3, 0, 1.88%, 0, 0, 3, 197.99
1567596222, 8, 10, 19, 2, 0, 1.88%, 0, 0, 3, 199.03
1567596227, 8, 15, 19, 2, 0, 1.88%, 0, 0, 3, 201.49
1567596232, 8, 16, 19, 2, 0, 1.88%, 0, 0, 3, 197.60
1567596237, 8, 17, 19, 2, 0, 1.88%, 0, 0, 3, 195.80
1567596243, 9, 2, 19, 2, 0, 1.88%, 0, 0, 3, 195.35
1567596258, 9, 7, 20, 2, 0, 1.88%, 0, 0, 3, 196.27
1567596263, 9, 8, 20, 2, 0, 1.88%, 0, 0, 3, 197.20
1567596278, 9, 8, 21, 3, 0, 1.88%, 0, 0, 3, 197.90
1567596283, 9, 8, 22, 4, 0, 1.88%, 0, 0, 3, 198.28
1567596323, 9, 11, 22, 3, 0, 1.88%, 0, 0, 3, 200.06
1567596328, 9, 15, 22, 3, 0, 1.88%, 0, 0, 3, 199.27
1567596333, 9, 19, 22, 3, 0, 1.88%, 0, 0, 3, 200.28
1567596379, 9, 21, 22, 2, 0, 1.88%, 0, 0, 3, 199.52
1567596460, 10, 2, 22, 1, 0, 1.88%, 0, 0, 3, 199.13
1567596465, 10, 7, 22, 1, 0, 1.88%, 0, 0, 3, 198.82
1567596471, 10, 12, 22, 1, 0, 1.88%, 0, 0, 3, 201.05
1567596476, 10, 15, 22, 1, 0, 1.88%, 0, 0, 3, 199.19
1567596481, 11, 3, 22, 1, 0, 1.88%, 0, 0, 3, 197.97
1567596486, 11, 10, 22, 1, 0, 1.88%, 0, 0, 3, 198.67
1567596491, 11, 12, 22, 1, 0, 1.88%, 0, 0, 3, 198.02
1567596496, 12, 2, 22, 1, 0, 1.88%, 0, 0, 3, 198.80
1567596502, 12, 10, 22, 1, 0, 1.88%, 0, 0, 3, 198.42
1567596507, 12, 12, 22, 1, 0, 1.88%, 0, 0, 3, 194.67
1567596512, 13, 2, 22, 1, 0, 1.88%, 0, 0, 3, 194.75
1567596517, 13, 10, 22, 1, 0, 1.88%, 0, 0, 3, 194.25
1567596522, 13, 12, 22, 1, 0, 1.88%, 0, 0, 3, 195.28
1567596527, 13, 20, 22, 1, 0, 1.88%, 0, 0, 3, 200.06
1567596533, 13, 20, 23, 2, 0, 1.88%, 0, 0, 4, 193.79
1567596553, 13, 20, 24, 3, 0, 1.89%, 0, 0, 4, 195.20
1567596568, 13, 20, 25, 4, 0, 1.89%, 0, 0, 4, 197.16
1567596614, 13, 24, 25, 3, 0, 1.89%, 0, 0, 4, 199.54
1567596736, 14, 7, 25, 2, 0, 1.89%, 0, 0, 4, 199.53
1567596741, 14, 11, 25, 2, 0, 1.89%, 0, 0, 4, 201.13
1567596746, 14, 15, 25, 2, 0, 1.89%, 0, 0, 4, 200.76
1567596751, 15, 2, 25, 2, 0, 1.89%, 0, 0, 4, 199.85
1567596756, 15, 5, 26, 3, 0, 1.89%, 0, 0, 4, 199.86
1567596761, 15, 10, 26, 3, 0, 1.89%, 0, 0, 4, 199.61
1567596766, 15, 12, 26, 3, 0, 1.89%, 0, 0, 4, 194.97
1567596772, 16, 2, 26, 3, 0, 1.89%, 0, 0, 4, 198.81
1567596777, 16, 10, 26, 3, 0, 1.89%, 0, 0, 4, 202.34
1567596782, 16, 12, 26, 3, 0, 1.89%, 0, 0, 4, 203.05
1567596787, 17, 2, 26, 3, 0, 1.89%, 0, 0, 4, 203.80
1567596792, 17, 10, 26, 3, 0, 1.89%, 0, 0, 4, 203.92
1567596797, 17, 12, 26, 3, 0, 1.89%, 0, 0, 4, 203.44
1567596802, 18, 2, 26, 3, 0, 1.89%, 0, 0, 4, 203.44
1567596807, 18, 10, 26, 3, 0, 1.89%, 0, 0, 4, 200.53
1567596813, 18, 12, 26, 3, 0, 1.89%, 0, 0, 4, 196.93
1567596818, 18, 22, 26, 3, 0, 1.89%, 0, 0, 4, 200.50
1567596935, 18, 25, 26, 2, 0, 1.89%, 0, 0, 4, 200.18
1567596971, 19, 2, 26, 1, 0, 1.89%, 0, 0, 4, 199.57
1567596976, 19, 8, 27, 2, 0, 1.89%, 0, 0, 4, 197.69
1567596981, 19, 10, 27, 2, 0, 1.89%, 0, 0, 4, 143.32
1567596986, 19, 12, 27, 2, 0, 1.89%, 0, 0, 4, 183.56
1567596991, 19, 15, 27, 2, 0, 1.89%, 0, 0, 4, 194.02
1567596996, 20, 7, 27, 2, 0, 1.89%, 0, 0, 4, 197.47
1567597001, 20, 11, 27, 2, 0, 1.89%, 0, 0, 4, 197.85
1567597007, 20, 15, 27, 2, 0, 1.89%, 0, 0, 4, 198.05
1567597012, 20, 24, 27, 2, 0, 1.89%, 0, 0, 4, 199.13
1567597042, 21, 7, 27, 2, 0, 1.89%, 0, 0, 4, 198.37
1567597047, 21, 11, 27, 2, 0, 1.89%, 0, 0, 4, 197.81
1567597052, 21, 15, 27, 2, 0, 1.89%, 0, 0, 4, 196.49
1567597057, 21, 23, 27, 2, 0, 1.89%, 0, 0, 4, 197.25
1567597123, 21, 23, 29, 4, 0, 1.89%, 0, 0, 5, 200.27
1567597257, 21, 23, 30, 5, 0, 1.89%, 0, 0, 5, 194.32
1567597302, 21, 29, 30, 4, 0, 1.89%, 0, 0, 5, 197.29
1567597420, 21, 29, 31, 5, 0, 1.90%, 0, 0, 6, 195.17
1567597440, 21, 30, 31, 4, 0, 1.90%, 0, 0, 6, 194.62
1567597511, 22, 2, 31, 3, 0, 1.90%, 0, 0, 6, 196.21
1567597516, 22, 10, 31, 3, 0, 1.90%, 0, 0, 6, 195.18
1567597521, 22, 12, 31, 3, 0, 1.90%, 0, 0, 6, 195.87
1567597527, 22, 15, 31, 3, 0, 1.90%, 0, 0, 6, 200.42
1567597532, 23, 7, 31, 3, 0, 1.90%, 0, 0, 6, 201.48
1567597537, 23, 11, 31, 3, 0, 1.90%, 0, 0, 6, 202.00
1567597542, 23, 15, 31, 3, 0, 1.90%, 0, 0, 6, 202.70
1567597547, 23, 27, 32, 4, 0, 1.90%, 0, 0, 6, 201.98
1567597648, 23, 30, 32, 3, 0, 1.90%, 0, 0, 6, 199.87
1567597673, 24, 2, 32, 3, 0, 1.90%, 0, 0, 6, 196.86
1567597679, 24, 10, 32, 3, 0, 1.90%, 0, 0, 6, 195.25
1567597684, 24, 12, 32, 3, 0, 1.90%, 0, 0, 6, 194.86
1567597689, 24, 18, 32, 3, 0, 1.90%, 0, 0, 6, 196.99
1567597699, 24, 26, 32, 3, 0, 1.90%, 0, 0, 6, 195.12
1567597729, 24, 28, 32, 2, 0, 1.90%, 0, 0, 6, 193.19
1567597770, 24, 28, 33, 3, 0, 1.90%, 0, 0, 6, 197.09
1567597775, 24, 28, 34, 4, 0, 1.90%, 0, 0, 6, 198.07
1567597872, 24, 33, 34, 3, 1, 1.90%, 0, 0, 6, 200.51
1567597954, 24, 33, 35, 4, 1, 2.02%, 0, 0, 7, 195.74
1567597989, 24, 33, 36, 5, 1, 2.02%, 0, 0, 7, 198.80
1567598167, 24, 33, 38, 7, 1, 2.03%, 0, 0, 7, 199.76
1567598187, 24, 34, 38, 6, 2, 2.03%, 0, 0, 7, 201.67
1567598269, 24, 35, 38, 5, 2, 2.03%, 0, 0, 7, 196.57
1567598315, 24, 37, 38, 4, 1, 2.03%, 0, 0, 7, 197.53
1567598375, 25, 10, 38, 3, 0, 2.03%, 0, 0, 7, 196.05
1567598380, 25, 12, 38, 3, 0, 2.03%, 0, 0, 7, 196.84
1567598386, 25, 20, 38, 3, 0, 2.03%, 0, 0, 7, 196.86
1567598396, 25, 31, 39, 4, 0, 2.03%, 0, 0, 7, 196.10
1567598441, 25, 32, 39, 3, 1, 2.03%, 0, 0, 7, 140.92
1567598543, 25, 32, 40, 4, 1, 2.03%, 0, 0, 7, 132.77
1567598650, 25, 38, 40, 3, 1, 2.03%, 0, 0, 7, 194.07
1567598731, 26, 7, 40, 2, 0, 2.03%, 0, 0, 7, 200.11
1567598736, 26, 12, 40, 2, 0, 2.03%, 0, 0, 7, 199.71
1567598742, 26, 26, 41, 3, 0, 2.03%, 0, 0, 7, 195.36
1567598757, 26, 33, 41, 3, 0, 2.03%, 0, 0, 7, 191.33
1567598782, 26, 35, 41, 3, 0, 2.03%, 0, 0, 7, 198.00
1567598792, 26, 37, 41, 3, 0, 2.03%, 0, 0, 7, 202.34
1567598824, 26, 38, 41, 3, 0, 2.03%, 0, 0, 7, 202.47
1567598849, 26, 40, 41, 3, 0, 2.03%, 0, 0, 7, 200.84
1567598875, 27, 11, 41, 2, 0, 2.03%, 0, 0, 7, 194.86
1567598880, 27, 33, 41, 2, 0, 2.03%, 0, 0, 7, 192.97
1567598905, 27, 35, 41, 2, 0, 2.03%, 0, 0, 7, 196.85
1567598915, 27, 37, 41, 2, 0, 2.03%, 0, 0, 7, 196.77
1567598946, 27, 38, 41, 2, 0, 2.03%, 0, 0, 7, 197.57
1567598972, 28, 7, 41, 2, 0, 2.03%, 0, 0, 7, 203.34
1567598977, 28, 12, 41, 2, 0, 2.03%, 0, 0, 7, 201.09
1567598982, 28, 13, 41, 2, 0, 2.03%, 0, 0, 7, 201.63
1567598987, 28, 33, 41, 2, 0, 2.03%, 0, 0, 7, 200.73
1567599013, 28, 35, 41, 2, 0, 2.03%, 0, 0, 7, 197.13
1567599028, 28, 36, 42, 3, 0, 2.04%, 0, 0, 8, 196.95
1567599088, 28, 37, 42, 2, 0, 2.04%, 0, 0, 8, 199.77
1567599119, 28, 38, 42, 2, 0, 2.04%, 0, 0, 8, 200.08
1567599139, 28, 38, 43, 3, 0, 2.04%, 0, 0, 8, 195.85
1567599150, 28, 39, 43, 3, 0, 2.04%, 0, 0, 8, 197.13
1567599282, 29, 10, 43, 2, 0, 2.04%, 0, 0, 8, 198.69
1567599287, 29, 18, 43, 2, 0, 2.04%, 0, 0, 8, 199.47
1567599297, 29, 19, 43, 2, 0, 2.04%, 0, 0, 8, 198.00
1567599312, 29, 33, 43, 2, 0, 2.04%, 0, 0, 8, 193.80
1567599343, 29, 35, 43, 2, 0, 2.04%, 0, 0, 8, 197.73
1567599353, 29, 37, 43, 2, 0, 2.04%, 0, 0, 8, 197.10
1567599379, 29, 38, 43, 2, 0, 2.04%, 0, 0, 8, 204.05
1567599410, 30, 0, 43, 2, 0, 2.04%, 0, 0, 8, 195.31
1567599415, 30, 10, 43, 2, 0, 2.04%, 0, 0, 8, 195.55
1567599420, 30, 30, 43, 2, 0, 2.04%, 0, 0, 8, 195.97
1567599450, 30, 33, 43, 2, 0, 2.04%, 0, 0, 8, 198.56
1567599481, 30, 35, 43, 2, 0, 2.04%, 0, 0, 8, 196.35
1567599486, 30, 35, 44, 3, 0, 2.04%, 0, 0, 8, 194.39
1567599501, 30, 37, 44, 3, 0, 2.04%, 0, 0, 8, 198.65
1567599526, 30, 38, 44, 3, 0, 2.04%, 0, 0, 8, 200.65
1567599557, 31, 10, 44, 3, 0, 2.04%, 0, 0, 8, 202.23
1567599562, 31, 33, 44, 3, 0, 2.04%, 0, 0, 8, 203.60
1567599573, 31, 36, 44, 3, 0, 2.04%, 0, 0, 8, 203.85
1567599603, 31, 37, 44, 3, 0, 2.04%, 0, 0, 8, 191.95
1567599609, 31, 38, 44, 3, 0, 2.04%, 0, 0, 8, 192.54
1567599624, 31, 39, 44, 3, 0, 2.04%, 0, 0, 8, 197.38
1567599644, 32, 10, 44, 3, 0, 2.04%, 0, 0, 8, 197.99
1567599649, 32, 12, 44, 3, 0, 2.04%, 0, 0, 8, 198.85
1567599654, 32, 33, 44, 3, 0, 2.04%, 0, 0, 8, 198.29
1567599660, 32, 35, 44, 3, 0, 2.04%, 0, 0, 8, 198.85
1567599665, 32, 37, 44, 3, 0, 2.04%, 0, 0, 8, 199.44
1567599670, 32, 37, 45, 4, 0, 2.04%, 0, 0, 8, 197.81
1567599675, 32, 38, 45, 4, 0, 2.04%, 0, 0, 8, 200.08
1567599680, 32, 44, 45, 4, 0, 2.04%, 0, 0, 8, 201.19
1567599771, 33, 10, 45, 3, 0, 2.04%, 0, 0, 8, 200.92
1567599776, 33, 12, 45, 3, 0, 2.04%, 0, 0, 8, 202.98
1567599782, 33, 33, 45, 3, 0, 2.04%, 0, 0, 8, 204.06
1567599787, 33, 34, 45, 3, 0, 2.04%, 0, 0, 8, 204.61
1567599818, 33, 37, 45, 3, 0, 2.04%, 0, 0, 8, 195.31
1567599823, 33, 38, 45, 3, 0, 2.04%, 0, 0, 8, 191.26
1567599833, 33, 42, 45, 3, 0, 2.04%, 0, 0, 8, 192.53
1567599935, 34, 10, 45, 2, 0, 2.04%, 0, 0, 8, 198.69
1567599940, 34, 33, 45, 2, 0, 2.04%, 0, 0, 8, 198.81
1567599950, 34, 37, 45, 2, 0, 2.04%, 0, 0, 8, 198.12
1567599960, 34, 38, 45, 2, 0, 2.04%, 0, 0, 8, 199.62
1567599965, 34, 41, 45, 2, 0, 2.04%, 0, 0, 8, 200.15
1567600062, 35, 10, 45, 1, 0, 2.04%, 0, 0, 8, 199.45
1567600067, 35, 12, 45, 1, 0, 2.04%, 0, 0, 8, 200.70
1567600072, 35, 16, 45, 1, 0, 2.04%, 0, 0, 8, 200.21
1567600077, 35, 33, 45, 1, 0, 2.04%, 0, 0, 8, 201.01
1567600082, 35, 37, 45, 1, 0, 2.04%, 0, 0, 8, 202.15
1567600092, 35, 38, 45, 1, 0, 2.04%, 0, 0, 8, 200.43
1567600097, 36, 10, 45, 1, 0, 2.04%, 0, 0, 8, 198.88
1567600103, 36, 12, 45, 1, 0, 2.04%, 0, 0, 8, 197.91
1567600108, 36, 26, 45, 1, 0, 2.04%, 0, 0, 8, 198.68
1567600123, 36, 33, 45, 1, 0, 2.04%, 0, 0, 8, 195.98
1567600128, 36, 35, 45, 1, 0, 2.04%, 0, 0, 8, 186.64
1567600133, 36, 37, 45, 1, 0, 2.04%, 0, 0, 8, 200.53
1567600139, 36, 38, 45, 1, 0, 2.04%, 0, 0, 8, 202.60
1567600144, 37, 7, 45, 1, 0, 2.04%, 0, 0, 8, 203.73
1567600149, 37, 12, 45, 1, 0, 2.04%, 0, 0, 8, 204.46
1567600154, 37, 33, 45, 1, 0, 2.04%, 0, 0, 8, 203.83
1567600159, 37, 35, 45, 1, 0, 2.04%, 0, 0, 8, 204.78
1567600164, 37, 37, 45, 1, 0, 2.04%, 0, 0, 8, 205.02
1567600169, 37, 38, 45, 1, 0, 2.04%, 0, 0, 8, 204.43
1567600180, 38, 7, 45, 1, 0, 2.04%, 0, 0, 8, 184.02
1567600185, 38, 12, 45, 1, 0, 2.04%, 0, 0, 8, 199.85
1567600190, 38, 33, 45, 1, 0, 2.04%, 0, 0, 8, 202.91
1567600195, 38, 35, 45, 1, 0, 2.04%, 0, 0, 8, 203.42
1567600200, 38, 37, 45, 1, 0, 2.04%, 0, 0, 8, 202.91
1567600205, 38, 38, 45, 1, 0, 2.04%, 0, 0, 8, 203.09
1567600215, 39, 10, 45, 1, 0, 2.04%, 0, 0, 8, 204.14
1567600221, 39, 16, 45, 1, 0, 2.04%, 0, 0, 8, 204.71
1567600226, 39, 33, 45, 1, 0, 2.04%, 0, 0, 8, 203.10
1567600231, 39, 35, 45, 1, 0, 2.04%, 0, 0, 8, 201.32
1567600236, 39, 37, 45, 1, 0, 2.04%, 0, 0, 8, 200.07
1567600241, 39, 38, 45, 1, 0, 2.04%, 0, 0, 8, 196.92
1567600251, 39, 43, 45, 1, 0, 2.04%, 0, 0, 8, 196.14
1567600353, 40, 7, 45, 0, 0, 2.04%, 0, 0, 8, 200.88
1567600358, 40, 12, 45, 0, 0, 2.04%, 0, 0, 8, 199.87
1567600363, 40, 29, 45, 0, 0, 2.04%, 0, 0, 8, 197.42
1567600393, 40, 33, 45, 0, 0, 2.04%, 0, 0, 8, 199.59
1567600398, 40, 35, 45, 0, 0, 2.04%, 0, 0, 8, 201.48
1567600403, 40, 37, 45, 0, 0, 2.04%, 0, 0, 8, 201.21
1567600409, 40, 38, 45, 0, 0, 2.04%, 0, 0, 8, 200.06
1567600419, 41, 10, 45, 0, 0, 2.04%, 0, 0, 8, 200.18
1567600424, 41, 12, 45, 0, 0, 2.04%, 0, 0, 8, 199.43
1567600429, 41, 33, 45, 0, 0, 2.04%, 0, 0, 8, 197.01
1567600434, 41, 35, 45, 0, 0, 2.04%, 0, 0, 8, 196.14
1567600439, 41, 37, 45, 0, 0, 2.04%, 0, 0, 8, 196.79
1567600444, 41, 38, 45, 0, 0, 2.04%, 0, 0, 8, 194.69
1567600454, 41, 40, 45, 0, 0, 2.04%, 0, 0, 8, 196.45
1567600459, 42, 10, 45, 0, 0, 2.04%, 0, 0, 8, 201.52
1567600465, 42, 19, 45, 0, 0, 2.04%, 0, 0, 8, 202.71
1567600475, 42, 25, 45, 0, 0, 2.04%, 0, 0, 8, 203.14
1567600485, 42, 33, 45, 0, 0, 2.04%, 0, 0, 8, 201.85
1567600495, 42, 34, 45, 0, 0, 2.04%, 0, 0, 8, 205.06
1567600521, 42, 35, 45, 0, 0, 2.04%, 0, 0, 8, 200.50
1567600526, 42, 37, 45, 0, 0, 2.04%, 0, 0, 8, 200.83
1567600531, 42, 38, 45, 0, 0, 2.04%, 0, 0, 8, 200.89
1567600536, 43, 7, 45, 0, 0, 2.04%, 0, 0, 8, 202.87
1567600541, 43, 12, 45, 0, 0, 2.04%, 0, 0, 8, 203.38
1567600546, 43, 25, 45, 0, 0, 2.04%, 0, 0, 8, 200.51
1567600562, 43, 33, 45, 0, 0, 2.04%, 0, 0, 8, 191.73
1567600572, 43, 37, 45, 0, 0, 2.04%, 0, 0, 8, 188.43
1567600582, 43, 38, 45, 0, 0, 2.04%, 0, 0, 8, 195.23
1567600587, 43, 45, 46, 1, 1, 2.04%, 0, 0, 8, 196.04
1567600618, 43, 45, 47, 2, 1, 2.05%, 0, 0, 8, 199.29
1567600704, 43, 46, 47, 1, 0, 2.05%, 0, 0, 8, 199.06
1567600786, 44, 2, 47, 0, 0, 2.05%, 0, 0, 8, 203.24
1567600791, 44, 10, 47, 0, 0, 2.05%, 0, 0, 8, 204.44
1567600796, 44, 12, 47, 0, 0, 2.05%, 0, 0, 8, 203.13
1567600801, 44, 23, 47, 0, 0, 2.05%, 0, 0, 8, 201.41
1567600827, 44, 35, 47, 0, 0, 2.05%, 0, 0, 8, 200.44
1567600832, 44, 37, 47, 0, 0, 2.05%, 0, 0, 8, 199.50
1567600837, 44, 38, 47, 0, 0, 2.05%, 0, 0, 8, 200.26
1567600842, 44, 45, 47, 0, 0, 2.05%, 0, 0, 8, 199.22
1567600872, 45, 10, 47, 0, 0, 2.05%, 0, 0, 8, 197.26
1567600877, 45, 35, 47, 0, 0, 2.05%, 0, 0, 8, 198.52
1567600883, 45, 37, 47, 0, 0, 2.05%, 0, 0, 8, 198.56
1567600888, 45, 38, 47, 0, 0, 2.05%, 0, 0, 8, 197.74
1567600898, 45, 45, 47, 0, 0, 2.05%, 0, 0, 8, 197.38
1567600923, 46, 10, 47, 0, 0, 2.05%, 0, 0, 8, 201.15
1567600928, 46, 12, 47, 0, 0, 2.05%, 0, 0, 8, 197.43
1567600933, 46, 22, 47, 0, 0, 2.05%, 0, 0, 8, 201.95
1567600959, 46, 35, 47, 0, 0, 2.05%, 0, 0, 8, 204.43
1567600964, 46, 37, 47, 0, 0, 2.05%, 0, 0, 8, 204.56
1567600969, 46, 38, 47, 0, 0, 2.05%, 0, 0, 8, 204.22
1567600979, 46, 45, 47, 0, 0, 2.05%, 0, 0, 8, 204.61
1567601005, 47, 10, 47, 0, 0, 2.05%, 0, 0, 8, 204.12
1567601010, 47, 12, 47, 0, 0, 2.05%, 0, 0, 8, 203.33
1567601016, 47, 32, 47, 0, 0, 2.05%, 0, 0, 8, 204.08
1567601041, 47, 32, 48, 1, 0, 2.05%, 0, 0, 8, 203.05
1567601046, 47, 47, 48, 1, 1, 2.05%, 0, 0, 8, 204.25
1567601088, 48, 9, 48, 0, 0, 2.05%, 0, 0, 8, 202.08
1567601093, 48, 12, 48, 0, 0, 2.05%, 0, 0, 8, 203.22
1567601098, 48, 21, 48, 0, 0, 2.05%, 0, 0, 8, 201.56
1567601113, 48, 37, 48, 0, 0, 2.05%, 0, 0, 8, 199.89
1567601118, 48, 38, 48, 0, 0, 2.05%, 0, 0, 8, 199.69
1567601128, 48, 45, 48, 0, 0, 2.05%, 0, 0, 8, 199.70
1567601154, 48, 47, 48, 0, 0, 2.05%, 0, 0, 8, 195.68
1567601164, 49, 10, 48, 0, 0, 2.05%, 0, 0, 8, 196.16
1567601169, 49, 12, 48, 0, 0, 2.05%, 0, 0, 8, 196.44
1567601174, 49, 33, 48, 0, 0, 2.05%, 0, 0, 8, 195.83
1567601179, 49, 37, 48, 0, 0, 2.05%, 0, 0, 8, 193.14
1567601190, 49, 38, 48, 0, 0, 2.05%, 0, 0, 8, 194.87
1567601195, 49, 44, 48, 0, 0, 2.05%, 0, 0, 8, 196.40
1567601205, 49, 44, 49, 1, 0, 2.05%, 0, 0, 9, 196.21
1567601251, 49, 45, 49, 1, 0, 2.05%, 0, 0, 9, 196.71
1567601281, 49, 47, 49, 1, 0, 2.05%, 0, 0, 9, 195.79
1567601291, 49, 48, 49, 1, 0, 2.05%, 0, 0, 9, 194.28
1567601352, 50, 0, 49, 0, 0, 2.05%, 0, 0, 9, 197.25
1567601357, 50, 12, 49, 0, 0, 2.05%, 0, 0, 9, 196.95
1567601363, 50, 18, 49, 0, 0, 2.05%, 0, 0, 9, 197.72
1567601368, 50, 37, 49, 0, 0, 2.05%, 0, 0, 9, 198.84
1567601378, 50, 38, 49, 0, 0, 2.05%, 0, 0, 9, 200.25
1567601383, 50, 43, 49, 0, 0, 2.05%, 0, 0, 9, 199.59
1567601429, 50, 45, 49, 0, 0, 2.05%, 0, 0, 9, 199.49
1567601454, 50, 47, 49, 0, 0, 2.05%, 0, 0, 9, 200.88
1567601464, 51, 0, 49, 0, 0, 2.05%, 0, 0, 9, 201.36
1567601470, 51, 10, 49, 0, 0, 2.05%, 0, 0, 9, 199.71
1567601475, 51, 37, 49, 0, 0, 2.05%, 0, 0, 9, 200.24
1567601485, 51, 38, 49, 0, 0, 2.05%, 0, 0, 9, 200.99
1567601490, 51, 45, 49, 0, 0, 2.05%, 0, 0, 9, 200.86
1567601521, 51, 47, 49, 0, 0, 2.05%, 0, 0, 9, 201.27
1567601531, 52, 9, 49, 0, 0, 2.05%, 0, 0, 9, 201.26
1567601536, 52, 12, 49, 0, 0, 2.05%, 0, 0, 9, 196.90
1567601541, 52, 30, 49, 0, 0, 2.05%, 0, 0, 9, 196.52
1567601566, 52, 37, 49, 0, 0, 2.05%, 0, 0, 9, 198.16
1567601577, 52, 38, 49, 0, 0, 2.05%, 0, 0, 9, 196.79
1567601582, 52, 45, 49, 0, 0, 2.05%, 0, 0, 9, 197.66
1567601612, 52, 47, 49, 0, 0, 2.05%, 0, 0, 9, 197.49
1567601622, 53, 10, 49, 0, 0, 2.05%, 0, 0, 9, 200.56
1567601627, 53, 25, 49, 0, 0, 2.05%, 0, 0, 9, 201.99
1567601637, 53, 27, 49, 0, 0, 2.05%, 0, 0, 9, 200.77
1567601668, 53, 37, 50, 1, 0, 2.05%, 0, 0, 9, 202.17
1567601678, 53, 38, 50, 1, 0, 2.05%, 0, 0, 9, 201.86
1567601683, 53, 44, 50, 1, 0, 2.05%, 0, 0, 9, 202.12
1567601729, 53, 45, 50, 1, 0, 2.05%, 0, 0, 9, 200.20
1567601755, 53, 47, 50, 1, 0, 2.05%, 0, 0, 9, 198.92
1567601765, 54, 1, 50, 1, 0, 2.05%, 0, 0, 9, 197.96
1567601770, 54, 10, 50, 1, 0, 2.05%, 0, 0, 9, 199.51
1567601775, 54, 37, 50, 1, 0, 2.05%, 0, 0, 9, 200.02
1567601785, 54, 38, 50, 1, 0, 2.05%, 0, 0, 9, 199.13
1567601790, 54, 40, 50, 1, 0, 2.05%, 0, 0, 9, 198.51
1567601796, 54, 45, 50, 1, 0, 2.05%, 0, 0, 9, 197.37
1567601811, 54, 47, 50, 1, 0, 2.05%, 0, 0, 9, 197.34
1567601821, 54, 49, 50, 1, 0, 2.05%, 0, 0, 9, 197.58
1567601912, 55, 10, 50, 0, 0, 2.05%, 0, 0, 9, 198.49
1567601917, 55, 12, 50, 0, 0, 2.05%, 0, 0, 9, 197.77
1567601922, 55, 32, 50, 0, 0, 2.05%, 0, 0, 9, 196.68
1567601948, 55, 37, 50, 0, 0, 2.05%, 0, 0, 9, 198.80
1567601958, 55, 38, 50, 0, 0, 2.05%, 0, 0, 9, 198.27
1567601963, 55, 45, 50, 0, 0, 2.05%, 0, 0, 9, 202.46
1567601978, 55, 47, 50, 0, 0, 2.05%, 0, 0, 9, 201.94
1567601988, 56, 5, 50, 0, 0, 2.05%, 0, 0, 9, 201.27
1567601993, 56, 12, 50, 0, 0, 2.05%, 0, 0, 9, 201.66
1567601999, 56, 30, 50, 0, 0, 2.05%, 0, 0, 9, 198.89
1567602029, 56, 33, 50, 0, 0, 2.05%, 0, 0, 9, 201.01
1567602034, 56, 37, 51, 1, 0, 2.06%, 0, 0, 9, 198.23
1567602045, 56, 38, 51, 1, 0, 2.06%, 0, 0, 9, 197.77
1567602055, 56, 45, 51, 1, 0, 2.06%, 0, 0, 9, 201.32
1567602070, 56, 47, 51, 1, 0, 2.06%, 0, 0, 9, 196.47
1567602080, 56, 49, 51, 1, 0, 2.06%, 0, 0, 9, 196.39
1567602121, 56, 50, 51, 1, 0, 2.06%, 0, 0, 9, 200.75
1567602141, 56, 50, 52, 2, 0, 2.06%, 0, 0, 9, 198.64
1567602192, 56, 50, 53, 3, 0, 2.06%, 0, 0, 9, 194.77
1567602279, 56, 52, 53, 2, 0, 2.06%, 0, 0, 9, 198.66
1567602381, 57, 10, 53, 1, 0, 2.06%, 0, 0, 9, 197.61
1567602386, 57, 12, 53, 1, 0, 2.06%, 0, 0, 9, 200.91
1567602391, 57, 30, 53, 1, 0, 2.06%, 0, 0, 9, 201.85
1567602401, 57, 37, 53, 1, 0, 2.06%, 0, 0, 9, 200.41
1567602411, 57, 38, 53, 1, 0, 2.06%, 0, 0, 9, 199.01
1567602416, 57, 45, 53, 1, 0, 2.06%, 0, 0, 9, 201.52
1567602427, 57, 47, 53, 1, 0, 2.06%, 0, 0, 9, 202.57
1567602437, 58, 12, 53, 1, 0, 2.06%, 0, 0, 9, 199.62
1567602442, 58, 19, 53, 1, 0, 2.06%, 0, 0, 9, 198.40
1567602447, 58, 27, 53, 1, 0, 2.06%, 0, 0, 9, 198.89
1567602473, 58, 31, 53, 1, 0, 2.06%, 0, 0, 9, 200.00
1567602488, 58, 33, 53, 1, 0, 2.06%, 0, 0, 9, 203.74
1567602493, 58, 37, 53, 1, 0, 2.06%, 0, 0, 9, 204.71
1567602503, 58, 38, 53, 1, 0, 2.06%, 0, 0, 9, 200.87
1567602508, 58, 45, 53, 1, 0, 2.06%, 0, 0, 9, 198.00
1567602519, 58, 47, 53, 1, 0, 2.06%, 0, 0, 9, 202.84
1567602524, 59, 12, 53, 1, 0, 2.06%, 0, 0, 9, 199.69
1567602529, 59, 37, 53, 1, 0, 2.06%, 0, 0, 9, 200.02
1567602539, 59, 38, 53, 1, 0, 2.06%, 0, 0, 9, 196.09
1567602544, 59, 45, 53, 1, 0, 2.06%, 0, 0, 9, 193.73
1567602549, 59, 47, 53, 1, 0, 2.06%, 0, 0, 9, 196.11
1567602554, 59, 50, 53, 1, 0, 2.06%, 0, 0, 9, 198.77
1567602600, 60, 0, 53, 1, 0, 2.06%, 0, 0, 9, 200.98
1567602605, 60, 10, 53, 1, 0, 2.06%, 0, 0, 9, 199.62
1567602610, 60, 19, 53, 1, 0, 2.06%, 0, 0, 9, 198.57
1567602615, 60, 33, 53, 1, 0, 2.06%, 0, 0, 9, 197.76
1567602620, 60, 37, 53, 1, 0, 2.06%, 0, 0, 9, 197.87
1567602631, 60, 38, 53, 1, 0, 2.06%, 0, 0, 9, 197.71
1567602636, 60, 45, 53, 1, 0, 2.06%, 0, 0, 9, 197.36
1567602646, 60, 47, 53, 1, 0, 2.06%, 0, 0, 9, 201.06
1567602651, 60, 52, 53, 1, 0, 2.06%, 0, 0, 9, 196.70
1567602692, 61, 10, 53, 1, 0, 2.06%, 0, 0, 9, 199.69
1567602697, 61, 12, 53, 1, 0, 2.06%, 0, 0, 9, 200.21
1567602702, 61, 37, 53, 1, 0, 2.06%, 0, 0, 9, 203.25
1567602707, 61, 38, 53, 1, 0, 2.06%, 0, 0, 9, 198.41
1567602717, 61, 45, 53, 1, 0, 2.06%, 0, 0, 9, 196.36
1567602723, 61, 47, 53, 1, 0, 2.06%, 0, 0, 9, 195.14
1567602728, 61, 51, 53, 1, 0, 2.06%, 0, 0, 9, 195.49
1567602820, 62, 10, 53, 0, 0, 2.06%, 0, 0, 9, 193.76
1567602825, 62, 12, 53, 0, 0, 2.06%, 0, 0, 9, 196.91
1567602830, 62, 16, 53, 0, 0, 2.06%, 0, 0, 9, 197.40
1567602835, 62, 28, 53, 0, 0, 2.06%, 0, 0, 9, 199.12
1567602861, 62, 37, 53, 0, 0, 2.06%, 0, 0, 9, 201.86
1567602871, 62, 38, 53, 0, 0, 2.06%, 0, 0, 9, 200.25
1567602876, 62, 45, 53, 0, 0, 2.06%, 0, 0, 9, 200.78
1567602881, 62, 47, 53, 0, 0, 2.06%, 0, 0, 9, 198.61
1567602886, 62, 48, 53, 0, 0, 2.06%, 0, 0, 9, 199.28
1567602901, 63, 10, 53, 0, 0, 2.06%, 0, 0, 9, 195.17
1567602906, 63, 23, 53, 0, 0, 2.06%, 0, 0, 9, 195.48
1567602936, 63, 30, 53, 0, 0, 2.06%, 0, 0, 9, 198.23
1567602946, 63, 37, 53, 0, 0, 2.06%, 0, 0, 9, 200.57
1567602952, 63, 38, 53, 0, 0, 2.06%, 0, 0, 9, 197.48
1567602962, 63, 44, 53, 0, 0, 2.06%, 0, 0, 9, 193.34
1567603007, 63, 45, 53, 0, 0, 2.06%, 0, 0, 9, 199.19
1567603013, 64, 10, 53, 0, 0, 2.06%, 0, 0, 9, 199.05
1567603018, 64, 12, 53, 0, 0, 2.06%, 0, 0, 9, 196.35
1567603023, 64, 22, 53, 0, 0, 2.06%, 0, 0, 9, 184.21
1567603053, 64, 37, 53, 0, 0, 2.06%, 0, 0, 9, 199.33
1567603059, 64, 38, 53, 0, 0, 2.06%, 0, 0, 9, 198.26
1567603069, 64, 45, 53, 0, 0, 2.06%, 0, 0, 9, 199.93
1567603074, 64, 47, 53, 0, 0, 2.06%, 0, 0, 9, 197.99
1567603079, 65, 10, 53, 0, 0, 2.06%, 0, 0, 9, 197.90
1567603084, 65, 12, 53, 0, 0, 2.06%, 0, 0, 9, 198.80
1567603089, 65, 37, 53, 0, 0, 2.06%, 0, 0, 9, 198.38
1567603099, 65, 38, 53, 0, 0, 2.06%, 0, 0, 9, 203.42
1567603105, 65, 45, 53, 0, 0, 2.06%, 0, 0, 9, 203.14
1567603115, 65, 49, 53, 0, 0, 2.06%, 0, 0, 9, 203.28
1567603125, 65, 49, 54, 1, 0, 2.06%, 0, 0, 9, 203.16
1567603171, 66, 7, 54, 1, 0, 2.06%, 0, 0, 9, 199.50
1567603176, 66, 10, 54, 1, 0, 2.06%, 0, 0, 9, 198.81
1567603182, 66, 12, 54, 1, 0, 2.06%, 0, 0, 9, 199.52
1567603187, 66, 37, 54, 1, 0, 2.06%, 0, 0, 9, 202.45
1567603192, 66, 38, 54, 1, 0, 2.06%, 0, 0, 9, 203.18
1567603202, 66, 45, 54, 1, 0, 2.06%, 0, 0, 9, 201.63
1567603207, 66, 47, 54, 1, 0, 2.06%, 0, 0, 9, 201.27
1567603212, 66, 53, 54, 1, 0, 2.06%, 0, 0, 9, 199.40
1567603314, 67, 10, 54, 0, 0, 2.06%, 0, 0, 9, 200.76
1567603319, 67, 12, 54, 0, 0, 2.06%, 0, 0, 9, 201.04
1567603324, 67, 29, 54, 0, 0, 2.06%, 0, 0, 9, 201.07
1567603350, 67, 37, 54, 0, 0, 2.06%, 0, 0, 9, 199.91
1567603360, 67, 38, 54, 0, 0, 2.06%, 0, 0, 9, 198.58
1567603365, 67, 45, 54, 0, 0, 2.06%, 0, 0, 9, 199.79
1567603370, 67, 47, 54, 0, 0, 2.06%, 0, 0, 9, 202.38
1567603375, 68, 6, 54, 0, 0, 2.06%, 0, 0, 9, 201.87
1567603380, 68, 10, 54, 0, 0, 2.06%, 0, 0, 9, 203.58
1567603385, 68, 12, 54, 0, 0, 2.06%, 0, 0, 9, 204.04
1567603390, 68, 37, 54, 0, 0, 2.06%, 0, 0, 9, 202.82
1567603401, 68, 38, 54, 0, 0, 2.06%, 0, 0, 9, 202.23
1567603406, 68, 43, 54, 0, 0, 2.06%, 0, 0, 9, 199.80
1567603452, 68, 45, 54, 0, 0, 2.06%, 0, 0, 9, 203.08
1567603457, 69, 10, 54, 0, 0, 2.06%, 0, 0, 9, 204.59
1567603462, 69, 12, 54, 0, 0, 2.06%, 0, 0, 9, 204.61
1567603467, 69, 31, 54, 0, 0, 2.06%, 0, 0, 9, 203.83
1567603482, 69, 37, 54, 0, 0, 2.06%, 0, 0, 9, 197.26
1567603487, 69, 38, 54, 0, 0, 2.06%, 0, 0, 9, 198.86
1567603492, 69, 45, 54, 0, 0, 2.06%, 0, 0, 9, 199.10
1567603502, 69, 52, 54, 0, 0, 2.06%, 0, 0, 9, 199.22
1567603548, 70, 2, 54, 0, 0, 2.06%, 0, 0, 9, 202.74
1567603553, 70, 10, 54, 0, 0, 2.06%, 0, 0, 9, 201.29
1567603558, 70, 15, 54, 0, 0, 2.06%, 0, 0, 9, 199.84
1567603563, 70, 21, 54, 0, 0, 2.06%, 0, 0, 9, 198.51
1567603568, 70, 32, 54, 0, 0, 2.06%, 0, 0, 9, 196.27
1567603594, 70, 32, 55, 1, 0, 2.07%, 0, 0, 9, 195.64
1567603599, 70, 33, 55, 1, 0, 2.07%, 0, 0, 9, 195.46
1567603610, 70, 37, 55, 1, 0, 2.07%, 0, 0, 9, 196.11
1567603615, 70, 38, 55, 1, 0, 2.07%, 0, 0, 9, 195.96
1567603620, 70, 40, 55, 1, 0, 2.07%, 0, 0, 9, 195.54
1567603625, 70, 44, 55, 1, 0, 2.07%, 0, 0, 9, 194.78
1567603671, 70, 45, 55, 1, 0, 2.07%, 0, 0, 9, 200.04
1567603676, 70, 47, 55, 1, 0, 2.07%, 0, 0, 9, 199.71
1567603681, 71, 10, 55, 1, 0, 2.07%, 0, 0, 9, 200.36
1567603686, 71, 37, 55, 1, 0, 2.07%, 0, 0, 9, 200.39
1567603696, 71, 38, 55, 1, 0, 2.07%, 0, 0, 9, 204.27
1567603701, 71, 45, 55, 1, 0, 2.07%, 0, 0, 9, 204.52
1567603707, 71, 47, 55, 1, 0, 2.07%, 0, 0, 9, 203.12
1567603712, 71, 54, 55, 1, 0, 2.07%, 0, 0, 9, 204.88
1567603803, 72, 10, 55, 0, 0, 2.07%, 0, 0, 9, 194.69
1567603808, 72, 12, 55, 0, 0, 2.07%, 0, 0, 9, 195.41
1567603813, 72, 30, 55, 0, 0, 2.07%, 0, 0, 9, 195.51
1567603819, 72, 37, 55, 0, 0, 2.07%, 0, 0, 9, 196.10
1567603829, 72, 38, 55, 0, 0, 2.07%, 0, 0, 9, 196.23
1567603834, 72, 45, 55, 0, 0, 2.07%, 0, 0, 9, 194.60
1567603839, 72, 47, 55, 0, 0, 2.07%, 0, 0, 9, 197.31
1567603844, 73, 10, 55, 0, 0, 2.07%, 0, 0, 9, 199.40
1567603849, 73, 24, 55, 0, 0, 2.07%, 0, 0, 9, 201.09
1567603880, 73, 37, 55, 0, 0, 2.07%, 0, 0, 9, 202.22
1567603890, 73, 38, 55, 0, 0, 2.07%, 0, 0, 9, 196.54
1567603895, 73, 45, 55, 0, 0, 2.07%, 0, 0, 9, 193.93
1567603905, 73, 54, 55, 0, 0, 2.07%, 0, 0, 9, 197.69
1567603930, 74, 10, 55, 0, 0, 2.07%, 0, 0, 9, 198.49
1567603936, 74, 12, 55, 0, 0, 2.07%, 0, 0, 9, 197.76
1567603941, 74, 22, 55, 0, 0, 2.07%, 0, 0, 9, 198.15
1567603956, 74, 31, 55, 0, 0, 2.07%, 0, 0, 9, 197.94
1567603971, 74, 37, 55, 0, 0, 2.07%, 0, 0, 9, 185.98
1567603976, 74, 38, 55, 0, 0, 2.07%, 0, 0, 9, 195.33
1567603987, 74, 43, 55, 0, 0, 2.07%, 0, 0, 9, 200.37
1567604028, 74, 45, 55, 0, 0, 2.07%, 0, 0, 9, 199.79
1567604038, 74, 52, 55, 0, 0, 2.07%, 0, 0, 9, 196.69
1567604073, 74, 52, 56, 1, 0, 2.07%, 0, 0, 10, 199.28
1567604083, 74, 54, 56, 1, 0, 2.07%, 0, 0, 10, 198.48
1567604114, 74, 55, 56, 1, 0, 2.07%, 0, 0, 10, 197.41
1567604210, 75, 1, 56, 0, 0, 2.07%, 0, 0, 10, 199.72
1567604215, 75, 10, 56, 0, 0, 2.07%, 0, 0, 10, 200.82
1567604220, 75, 37, 56, 0, 0, 2.07%, 0, 0, 10, 200.63
1567604230, 75, 38, 56, 0, 0, 2.07%, 0, 0, 10, 201.27
1567604236, 75, 40, 56, 0, 0, 2.07%, 0, 0, 10, 201.36
1567604241, 75, 45, 56, 0, 0, 2.07%, 0, 0, 10, 202.96
1567604246, 75, 47, 56, 0, 0, 2.07%, 0, 0, 10, 203.34
1567604251, 76, 12, 56, 0, 0, 2.07%, 0, 0, 10, 202.76
1567604256, 76, 19, 56, 0, 0, 2.07%, 0, 0, 10, 203.62
1567604261, 76, 26, 56, 0, 0, 2.07%, 0, 0, 10, 203.20
1567604277, 76, 28, 56, 0, 0, 2.07%, 0, 0, 10, 202.53
1567604302, 76, 32, 56, 0, 0, 2.07%, 0, 0, 10, 200.65
1567604333, 76, 37, 56, 0, 0, 2.07%, 0, 0, 10, 193.30
1567604338, 76, 38, 56, 0, 0, 2.07%, 0, 0, 10, 200.55
1567604348, 76, 45, 56, 0, 0, 2.07%, 0, 0, 10, 199.67
1567604354, 76, 47, 56, 0, 0, 2.07%, 0, 0, 10, 200.15
1567604359, 76, 48, 56, 0, 0, 2.07%, 0, 0, 10, 199.66
1567604374, 77, 10, 56, 0, 0, 2.07%, 0, 0, 10, 200.16
1567604379, 77, 12, 56, 0, 0, 2.07%, 0, 0, 10, 198.81
1567604384, 77, 29, 56, 0, 0, 2.07%, 0, 0, 10, 162.11
1567604420, 77, 37, 56, 0, 0, 2.07%, 0, 0, 10, 130.06
1567604430, 77, 38, 56, 0, 0, 2.07%, 0, 0, 10, 129.12
1567604441, 77, 45, 56, 0, 0, 2.07%, 0, 0, 10, 128.65
1567604451, 77, 47, 56, 0, 0, 2.07%, 0, 0, 10, 132.21
1567604456, 78, 10, 56, 0, 0, 2.07%, 0, 0, 10, 130.73
1567604461, 78, 12, 56, 0, 0, 2.07%, 0, 0, 10, 180.42
1567604466, 78, 37, 56, 0, 0, 2.07%, 0, 0, 10, 191.67
1567604471, 78, 38, 56, 0, 0, 2.07%, 0, 0, 10, 193.16
1567604482, 78, 43, 56, 0, 0, 2.07%, 0, 0, 10, 195.80
1567604522, 78, 45, 56, 0, 0, 2.07%, 0, 0, 10, 200.83
1567604527, 78, 47, 56, 0, 0, 2.07%, 0, 0, 10, 203.05
1567604533, 79, 10, 56, 0, 0, 2.07%, 0, 0, 10, 203.42
1567604538, 79, 37, 56, 0, 0, 2.07%, 0, 0, 10, 203.64
1567604548, 79, 38, 56, 0, 0, 2.07%, 0, 0, 10, 203.10
1567604553, 79, 42, 56, 0, 0, 2.07%, 0, 0, 10, 199.68
1567604584, 79, 45, 56, 0, 0, 2.07%, 0, 0, 10, 197.95
1567604589, 80, 1, 56, 0, 0, 2.07%, 0, 0, 10, 199.88
1567604594, 80, 10, 56, 0, 0, 2.07%, 0, 0, 10, 200.81
1567604599, 80, 12, 56, 0, 0, 2.07%, 0, 0, 10, 197.78
1567604604, 80, 22, 56, 0, 0, 2.07%, 0, 0, 10, 197.26
1567604609, 80, 37, 56, 0, 0, 2.07%, 0, 0, 10, 195.03
1567604615, 80, 38, 56, 0, 0, 2.07%, 0, 0, 10, 196.92
1567604625, 80, 45, 56, 0, 0, 2.07%, 0, 0, 10, 202.00
1567604630, 80, 47, 56, 0, 0, 2.07%, 0, 0, 10, 202.92
1567604635, 80, 51, 56, 0, 0, 2.07%, 0, 0, 10, 200.01
1567604676, 81, 3, 56, 0, 0, 2.07%, 0, 0, 10, 201.63
1567604681, 81, 10, 56, 0, 0, 2.07%, 0, 0, 10, 203.53
1567604686, 81, 12, 56, 0, 0, 2.07%, 0, 0, 10, 202.94
1567604691, 81, 28, 56, 0, 0, 2.07%, 0, 0, 10, 200.74
1567604722, 81, 37, 56, 0, 0, 2.07%, 0, 0, 10, 201.00
1567604727, 81, 38, 56, 0, 0, 2.07%, 0, 0, 10, 200.75
1567604732, 81, 45, 56, 0, 0, 2.07%, 0, 0, 10, 199.33
1567604742, 82, 1, 56, 0, 0, 2.07%, 0, 0, 10, 201.98
1567604748, 82, 2, 56, 0, 0, 2.07%, 0, 0, 10, 202.70
1567604753, 82, 10, 56, 0, 0, 2.07%, 0, 0, 10, 196.20
1567604758, 82, 12, 56, 0, 0, 2.07%, 0, 0, 10, 184.31
1567604763, 82, 18, 56, 0, 0, 2.07%, 0, 0, 10, 197.87
1567604768, 82, 37, 56, 0, 0, 2.07%, 0, 0, 10, 200.05
1567604773, 82, 38, 56, 0, 0, 2.07%, 0, 0, 10, 182.58
1567604784, 82, 39, 56, 0, 0, 2.07%, 0, 0, 10, 130.49
1567604809, 82, 45, 56, 0, 0, 2.07%, 0, 0, 10, 200.62
1567604814, 82, 46, 56, 0, 0, 2.07%, 0, 0, 10, 164.99
1567604850, 83, 2, 56, 0, 0, 2.07%, 0, 0, 10, 197.16
1567604855, 83, 10, 56, 0, 0, 2.07%, 0, 0, 10, 197.51
1567604860, 83, 12, 56, 0, 0, 2.07%, 0, 0, 10, 199.95
1567604865, 83, 37, 56, 0, 0, 2.07%, 0, 0, 10, 202.73
1567604870, 83, 38, 56, 0, 0, 2.07%, 0, 0, 10, 203.14
1567604875, 83, 45, 57, 1, 0, 2.07%, 0, 0, 10, 203.09
1567604885, 84, 10, 57, 1, 0, 2.07%, 0, 0, 10, 199.42
1567604890, 84, 12, 57, 1, 0, 2.07%, 0, 0, 10, 200.75
1567604896, 84, 16, 57, 1, 0, 2.07%, 0, 0, 10, 198.09
1567604901, 84, 37, 57, 1, 0, 2.07%, 0, 0, 10, 196.99
1567604911, 84, 38, 57, 1, 0, 2.07%, 0, 0, 10, 138.32
1567604921, 84, 45, 57, 1, 0, 2.07%, 0, 0, 10, 130.40
1567604931, 84, 47, 57, 1, 0, 2.07%, 0, 0, 10, 130.02
1567604936, 85, 5, 57, 1, 0, 2.07%, 0, 0, 10, 127.26
1567604942, 85, 10, 57, 1, 0, 2.07%, 0, 0, 10, 126.69
1567604947, 85, 12, 57, 1, 0, 2.07%, 0, 0, 10, 126.55
1567604952, 85, 31, 57, 1, 0, 2.07%, 0, 0, 10, 130.84
1567604972, 85, 36, 57, 1, 0, 2.07%, 0, 0, 10, 127.33
1567604982, 85, 36, 58, 2, 0, 2.07%, 0, 0, 10, 125.16
1567605038, 85, 37, 58, 2, 0, 2.07%, 0, 0, 10, 125.56
1567605049, 85, 38, 58, 2, 0, 2.07%, 0, 0, 10, 125.95
1567605059, 85, 45, 58, 2, 0, 2.07%, 0, 0, 10, 130.51
1567605069, 85, 47, 58, 2, 0, 2.07%, 0, 0, 10, 127.45
1567605074, 85, 56, 58, 2, 0, 2.07%, 0, 0, 10, 130.97
1567605181, 86, 10, 58, 1, 0, 2.07%, 0, 0, 10, 127.53
1567605186, 86, 12, 58, 1, 0, 2.07%, 0, 0, 10, 127.26
1567605191, 86, 18, 58, 1, 0, 2.07%, 0, 0, 10, 131.29
1567605196, 86, 37, 58, 1, 0, 2.07%, 0, 0, 10, 130.60
1567605212, 86, 38, 58, 1, 0, 2.07%, 0, 0, 10, 131.84
1567605222, 86, 45, 58, 1, 0, 2.07%, 0, 0, 10, 113.47
1567605232, 86, 47, 58, 1, 0, 2.07%, 0, 0, 10, 122.95
1567605238, 87, 10, 58, 1, 0, 2.07%, 0, 0, 10, 122.34
1567605243, 87, 12, 58, 1, 0, 2.07%, 0, 0, 10, 157.67
1567605248, 87, 34, 58, 1, 0, 2.07%, 0, 0, 10, 189.08
1567605283, 87, 37, 58, 1, 0, 2.07%, 0, 0, 10, 130.75
1567605294, 87, 38, 58, 1, 0, 2.07%, 0, 0, 10, 131.37
1567605304, 87, 45, 58, 1, 0, 2.07%, 0, 0, 10, 130.25
1567605314, 87, 47, 58, 1, 0, 2.07%, 0, 0, 10, 131.04
1567605319, 87, 57, 58, 1, 0, 2.07%, 0, 0, 10, 130.73
1567605395, 87, 57, 59, 2, 0, 2.08%, 0, 0, 10, 125.93
1567605517, 88, 10, 59, 1, 0, 2.08%, 0, 0, 10, 127.29
1567605523, 88, 12, 59, 1, 0, 2.08%, 0, 0, 10, 131.23
1567605528, 88, 37, 59, 1, 0, 2.08%, 0, 0, 10, 131.38
1567605538, 88, 38, 59, 1, 0, 2.08%, 0, 0, 10, 130.57
1567605548, 88, 45, 59, 1, 0, 2.08%, 0, 0, 10, 130.72
1567605558, 88, 47, 59, 1, 0, 2.08%, 0, 0, 10, 129.48
1567605564, 88, 49, 59, 1, 0, 2.08%, 0, 0, 10, 129.47
1567605631, 88, 53, 59, 1, 0, 2.08%, 0, 0, 10, 130.50
1567605696, 88, 56, 59, 1, 0, 2.08%, 0, 0, 10, 132.35
1567605737, 88, 58, 59, 1, 0, 2.08%, 0, 0, 10, 131.22
1567605742, 88, 58, 60, 2, 0, 2.08%, 0, 0, 10, 130.57
1567605879, 89, 10, 60, 1, 0, 2.08%, 0, 0, 10, 129.41
1567605884, 89, 12, 60, 1, 0, 2.08%, 0, 0, 10, 128.46
1567605889, 89, 16, 60, 1, 0, 2.08%, 0, 0, 10, 128.85
1567605894, 89, 37, 60, 1, 0, 2.08%, 0, 0, 10, 128.66
1567605904, 89, 38, 60, 1, 0, 2.08%, 0, 0, 10, 128.56
1567605920, 89, 40, 61, 2, 0, 2.08%, 0, 0, 10, 128.51
1567605935, 89, 45, 61, 2, 0, 2.08%, 0, 0, 10, 130.24
1567605946, 89, 54, 61, 2, 0, 2.08%, 0, 0, 10, 130.18
1567605991, 90, 10, 61, 2, 0, 2.08%, 0, 0, 10, 130.25
1567605997, 90, 12, 61, 2, 0, 2.08%, 0, 0, 10, 128.33
1567606007, 90, 37, 61, 2, 0, 2.08%, 0, 0, 10, 133.83
1567606017, 90, 38, 61, 2, 0, 2.08%, 0, 0, 10, 134.22
1567606032, 90, 42, 61, 2, 0, 2.08%, 0, 0, 10, 132.46
1567606073, 90, 45, 61, 2, 0, 2.08%, 0, 0, 10, 132.28
1567606083, 90, 49, 61, 2, 0, 2.08%, 0, 0, 10, 132.95
1567606150, 90, 59, 61, 2, 0, 2.08%, 0, 0, 10, 134.25
1567606263, 90, 60, 61, 1, 0, 2.08%, 0, 0, 10, 131.83
1567606339, 91, 4, 61, 0, 0, 2.08%, 0, 0, 10, 131.27
1567606344, 91, 9, 61, 0, 0, 2.08%, 0, 0, 10, 130.66
1567606349, 91, 10, 61, 0, 0, 2.08%, 0, 0, 10, 132.52
1567606354, 91, 12, 61, 0, 0, 2.08%, 0, 0, 10, 132.85
1567606359, 91, 13, 61, 0, 0, 2.08%, 0, 0, 10, 128.90
1567606365, 91, 21, 61, 0, 0, 2.08%, 0, 0, 10, 128.51
1567606370, 91, 37, 61, 0, 0, 2.08%, 0, 0, 10, 128.11
1567606380, 91, 38, 61, 0, 0, 2.08%, 0, 0, 10, 128.89
1567606390, 91, 45, 61, 0, 0, 2.08%, 0, 0, 10, 128.07
1567606400, 91, 47, 61, 0, 0, 2.08%, 0, 0, 10, 127.64
1567606406, 92, 10, 61, 0, 0, 2.08%, 0, 0, 10, 130.39
1567606411, 92, 12, 61, 0, 0, 2.08%, 0, 0, 10, 132.68
1567606416, 92, 24, 61, 0, 0, 2.08%, 0, 0, 10, 133.76
1567606441, 92, 37, 61, 0, 0, 2.08%, 0, 0, 10, 131.53
1567606451, 92, 38, 61, 0, 0, 2.08%, 0, 0, 10, 132.94
1567606461, 92, 45, 61, 0, 0, 2.08%, 0, 0, 10, 131.12
1567606471, 92, 47, 61, 0, 0, 2.08%, 0, 0, 10, 131.59
1567606477, 93, 10, 61, 0, 0, 2.08%, 0, 0, 10, 130.80
1567606482, 93, 12, 61, 0, 0, 2.08%, 0, 0, 10, 131.45
1567606487, 93, 16, 61, 0, 0, 2.08%, 0, 0, 10, 131.10
1567606492, 93, 29, 61, 0, 0, 2.08%, 0, 0, 10, 130.61
1567606538, 93, 37, 61, 0, 0, 2.08%, 0, 0, 10, 134.57
1567606548, 93, 38, 61, 0, 0, 2.08%, 0, 0, 10, 130.54
1567606558, 93, 39, 61, 0, 0, 2.08%, 0, 0, 10, 130.57
1567606589, 93, 41, 61, 0, 0, 2.08%, 0, 0, 10, 130.79
1567606660, 93, 45, 61, 0, 0, 2.08%, 0, 0, 10, 130.22
1567606670, 93, 47, 61, 0, 0, 2.08%, 0, 0, 10, 131.66
1567606675, 94, 5, 61, 0, 0, 2.08%, 0, 0, 10, 130.01
1567606680, 94, 10, 61, 0, 0, 2.08%, 0, 0, 10, 131.09
1567606685, 94, 12, 61, 0, 0, 2.08%, 0, 0, 10, 130.40
1567606690, 94, 33, 61, 0, 0, 2.08%, 0, 0, 10, 131.28
1567606700, 94, 36, 61, 0, 0, 2.08%, 0, 0, 10, 130.10
1567606746, 94, 37, 61, 0, 0, 2.08%, 0, 0, 10, 129.39
1567606756, 94, 38, 61, 0, 0, 2.08%, 0, 0, 10, 128.14
1567606767, 94, 39, 61, 0, 0, 2.08%, 0, 0, 10, 131.13
1567606797, 94, 45, 61, 0, 0, 2.08%, 0, 0, 10, 132.94
1567606812, 94, 53, 61, 0, 0, 2.08%, 0, 0, 10, 132.21
1567606878, 94, 55, 61, 0, 0, 2.08%, 0, 0, 10, 131.99
1567606945, 94, 57, 61, 0, 0, 2.08%, 0, 0, 10, 131.49
1567606991, 95, 6, 61, 0, 0, 2.08%, 0, 0, 10, 131.54
1567607001, 95, 9, 61, 0, 0, 2.08%, 0, 0, 10, 132.85
1567607006, 95, 10, 61, 0, 0, 2.08%, 0, 0, 10, 131.79
1567607011, 95, 12, 61, 0, 0, 2.08%, 0, 0, 10, 132.23
1567607016, 95, 21, 61, 0, 0, 2.08%, 0, 0, 10, 132.90
1567607021, 95, 37, 61, 0, 0, 2.08%, 0, 0, 10, 133.29
1567607031, 95, 38, 61, 0, 0, 2.08%, 0, 0, 10, 128.95
1567607041, 95, 45, 61, 0, 0, 2.08%, 0, 0, 10, 131.06
1567607046, 95, 45, 62, 1, 0, 2.08%, 0, 0, 10, 129.28
1567607051, 95, 47, 62, 1, 0, 2.08%, 0, 0, 10, 130.64
1567607056, 96, 7, 62, 1, 0, 2.08%, 0, 0, 10, 130.88
1567607062, 96, 10, 62, 1, 0, 2.08%, 0, 0, 10, 131.35
1567607067, 96, 12, 62, 1, 0, 2.08%, 0, 0, 10, 131.19
1567607072, 96, 19, 62, 1, 0, 2.08%, 0, 0, 10, 131.04
1567607077, 96, 31, 62, 1, 0, 2.08%, 0, 0, 10, 131.69
1567607087, 96, 37, 62, 1, 0, 2.08%, 0, 0, 10, 131.57
1567607097, 96, 38, 62, 1, 0, 2.08%, 0, 0, 10, 130.79
1567607107, 96, 45, 62, 1, 0, 2.08%, 0, 0, 10, 134.17
1567607117, 96, 47, 62, 1, 0, 2.08%, 0, 0, 10, 134.87
1567607123, 96, 61, 62, 1, 0, 2.08%, 0, 0, 10, 134.71
1567607204, 97, 1, 62, 0, 0, 2.08%, 0, 0, 10, 132.22
1567607209, 97, 10, 62, 0, 0, 2.08%, 0, 0, 10, 130.45
1567607214, 97, 12, 62, 0, 0, 2.08%, 0, 0, 10, 133.13
1567607219, 97, 37, 62, 0, 0, 2.08%, 0, 0, 10, 134.02
1567607230, 97, 38, 62, 0, 0, 2.08%, 0, 0, 10, 133.65
1567607240, 97, 45, 62, 0, 0, 2.08%, 0, 0, 10, 134.59
1567607255, 97, 51, 62, 0, 0, 2.08%, 0, 0, 10, 132.62
1567607326, 97, 60, 62, 0, 0, 2.08%, 0, 0, 10, 129.21
1567607357, 98, 0, 62, 0, 0, 2.08%, 0, 0, 10, 134.25
1567607362, 98, 10, 62, 0, 0, 2.08%, 0, 0, 10, 134.49
1567607368, 98, 12, 62, 0, 0, 2.08%, 0, 0, 10, 133.89
1567607373, 98, 17, 62, 0, 0, 2.08%, 0, 0, 10, 134.58
1567607378, 98, 37, 62, 0, 0, 2.08%, 0, 0, 10, 125.28
1567607388, 98, 38, 62, 0, 0, 2.08%, 0, 0, 10, 134.38
1567607399, 98, 44, 62, 0, 0, 2.08%, 0, 0, 10, 134.14
1567607470, 98, 45, 62, 0, 0, 2.08%, 0, 0, 10, 131.71
1567607480, 98, 47, 62, 0, 0, 2.08%, 0, 0, 10, 132.23
1567607485, 99, 10, 62, 0, 0, 2.08%, 0, 0, 10, 131.72
1567607490, 99, 12, 62, 0, 0, 2.08%, 0, 0, 10, 131.05
1567607495, 99, 37, 62, 0, 0, 2.08%, 0, 0, 10, 131.53
1567607506, 99, 38, 62, 0, 0, 2.08%, 0, 0, 10, 130.88
1567607516, 99, 45, 62, 0, 0, 2.08%, 0, 0, 10, 131.92
1567607526, 99, 47, 62, 0, 0, 2.08%, 0, 0, 10, 133.82
1567607531, 100, 10, 62, 0, 0, 2.08%, 0, 0, 10, 134.67
1567607536, 100, 12, 62, 0, 0, 2.08%, 0, 0, 10, 132.27
1567607542, 100, 23, 62, 0, 0, 2.08%, 0, 0, 10, 133.79
1567607562, 100, 37, 62, 0, 0, 2.08%, 0, 0, 10, 131.57
1567607577, 100, 38, 62, 0, 0, 2.08%, 0, 0, 10, 131.50
1567607588, 100, 45, 62, 0, 0, 2.08%, 0, 0, 10, 127.74
1567607598, 100, 47, 62, 0, 0, 2.08%, 0, 0, 10, 130.25
1567607603, 101, 9, 62, 0, 0, 2.08%, 0, 0, 10, 133.94
1567607608, 101, 10, 62, 0, 0, 2.08%, 0, 0, 10, 134.17
1567607613, 101, 12, 62, 0, 0, 2.08%, 0, 0, 10, 134.92
1567607618, 101, 37, 62, 0, 0, 2.08%, 0, 0, 10, 135.04
1567607629, 101, 38, 62, 0, 0, 2.08%, 0, 0, 10, 134.70
1567607639, 101, 45, 62, 0, 0, 2.08%, 0, 0, 10, 132.74
1567607650, 101, 47, 62, 0, 0, 2.08%, 0, 0, 10, 134.31
1567607655, 102, 10, 62, 0, 0, 2.08%, 0, 0, 10, 134.70
1567607660, 102, 12, 62, 0, 0, 2.08%, 0, 0, 10, 135.46
1567607665, 102, 37, 62, 0, 0, 2.08%, 0, 0, 10, 131.59
1567607675, 102, 38, 62, 0, 0, 2.08%, 0, 0, 10, 127.34
1567607686, 102, 45, 62, 0, 0, 2.08%, 0, 0, 10, 127.64
1567607696, 102, 47, 62, 0, 0, 2.08%, 0, 0, 10, 127.71
1567607701, 103, 10, 62, 0, 0, 2.08%, 0, 0, 10, 127.12
1567607706, 103, 12, 62, 0, 0, 2.08%, 0, 0, 10, 127.37
1567607711, 103, 20, 62, 0, 0, 2.08%, 0, 0, 10, 126.85
1567607721, 103, 37, 62, 0, 0, 2.08%, 0, 0, 10, 124.68
1567607732, 103, 38, 62, 0, 0, 2.08%, 0, 0, 10, 126.99
1567607747, 103, 40, 62, 0, 0, 2.08%, 0, 0, 10, 127.67
1567607752, 103, 45, 62, 0, 0, 2.08%, 0, 0, 10, 129.36
1567607762, 104, 10, 62, 0, 0, 2.08%, 0, 0, 10, 134.50
1567607773, 104, 12, 62, 0, 0, 2.08%, 0, 0, 10, 134.38
1567607778, 104, 37, 62, 0, 0, 2.08%, 0, 0, 10, 134.73
1567607788, 104, 38, 62, 0, 0, 2.08%, 0, 0, 10, 131.71
1567607798, 104, 45, 62, 0, 0, 2.08%, 0, 0, 10, 130.42
1567607808, 104, 47, 62, 0, 0, 2.08%, 0, 0, 10, 130.08
1567607813, 105, 10, 62, 0, 0, 2.08%, 0, 0, 10, 131.25
1567607818, 105, 12, 62, 0, 0, 2.08%, 0, 0, 10, 129.79
1567607823, 105, 33, 62, 0, 0, 2.08%, 0, 0, 10, 130.99
1567607833, 105, 37, 62, 0, 0, 2.08%, 0, 0, 10, 130.48
1567607844, 105, 38, 62, 0, 0, 2.08%, 0, 0, 10, 131.20
1567607854, 105, 45, 62, 0, 0, 2.08%, 0, 0, 10, 131.42
1567607869, 105, 52, 62, 0, 0, 2.08%, 0, 0, 10, 131.24
1567607936, 106, 10, 62, 0, 0, 2.08%, 0, 0, 10, 134.74
1567607941, 106, 12, 62, 0, 0, 2.08%, 0, 0, 10, 131.41
1567607946, 106, 20, 62, 0, 0, 2.08%, 0, 0, 10, 128.91
1567607951, 106, 37, 62, 0, 0, 2.08%, 0, 0, 10, 127.66
1567607961, 106, 38, 62, 0, 0, 2.08%, 0, 0, 10, 130.83
1567607972, 106, 45, 62, 0, 0, 2.08%, 0, 0, 10, 129.82
1567607987, 107, 10, 62, 0, 0, 2.08%, 0, 0, 10, 126.69
1567607992, 107, 12, 62, 0, 0, 2.08%, 0, 0, 10, 125.03
1567608002, 107, 18, 62, 0, 0, 2.08%, 0, 0, 10, 126.12
1567608007, 107, 19, 62, 0, 0, 2.08%, 0, 0, 10, 127.08
1567608013, 107, 37, 62, 0, 0, 2.08%, 0, 0, 10, 128.10
1567608023, 107, 38, 62, 0, 0, 2.08%, 0, 0, 10, 131.67
1567608033, 107, 45, 62, 0, 0, 2.08%, 0, 0, 10, 133.61
1567608043, 107, 47, 62, 0, 0, 2.08%, 0, 0, 10, 134.15
1567608048, 107, 59, 62, 0, 0, 2.08%, 0, 0, 10, 134.16
1567608073, 107, 59, 63, 1, 0, 2.08%, 0, 0, 11, 134.11
1567608099, 107, 62, 63, 1, 0, 2.08%, 0, 0, 11, 131.79
1567608236, 108, 10, 63, 0, 0, 2.08%, 0, 0, 11, 130.51
1567608241, 108, 12, 63, 0, 0, 2.08%, 0, 0, 11, 130.36
1567608246, 108, 37, 63, 0, 0, 2.08%, 0, 0, 11, 130.51
1567608262, 108, 38, 63, 0, 0, 2.08%, 0, 0, 11, 131.45
1567608272, 108, 45, 63, 0, 0, 2.08%, 0, 0, 11, 132.15
1567608282, 108, 47, 63, 0, 0, 2.08%, 0, 0, 11, 131.36
1567608287, 108, 57, 63, 0, 0, 2.08%, 0, 0, 11, 130.58
1567608338, 109, 1, 63, 0, 0, 2.08%, 0, 0, 11, 128.55
1567608343, 109, 5, 63, 0, 0, 2.08%, 0, 0, 11, 129.37
1567608348, 109, 10, 63, 0, 0, 2.08%, 0, 0, 11, 127.66
1567608353, 109, 12, 63, 0, 0, 2.08%, 0, 0, 11, 126.44
1567608358, 109, 37, 63, 0, 0, 2.08%, 0, 0, 11, 127.30
1567608368, 109, 38, 63, 0, 0, 2.08%, 0, 0, 11, 132.57
1567608378, 109, 45, 63, 0, 0, 2.08%, 0, 0, 11, 127.98
1567608388, 109, 47, 63, 0, 0, 2.08%, 0, 0, 11, 133.06
1567608393, 109, 53, 63, 0, 0, 2.08%, 0, 0, 11, 133.02
1567608460, 110, 10, 63, 0, 0, 2.08%, 0, 0, 11, 127.65
1567608465, 110, 12, 63, 0, 0, 2.08%, 0, 0, 11, 129.02
1567608470, 110, 37, 63, 0, 0, 2.08%, 0, 0, 11, 127.67
1567608480, 110, 38, 63, 0, 0, 2.08%, 0, 0, 11, 128.64
1567608490, 110, 40, 63, 0, 0, 2.08%, 0, 0, 11, 128.06
1567608496, 110, 45, 63, 0, 0, 2.08%, 0, 0, 11, 129.66
1567608506, 110, 47, 63, 0, 0, 2.08%, 0, 0, 11, 133.67
1567608511, 111, 10, 63, 0, 0, 2.08%, 0, 0, 11, 130.48
1567608516, 111, 11, 63, 0, 0, 2.08%, 0, 0, 11, 129.53
1567608521, 111, 12, 63, 0, 0, 2.08%, 0, 0, 11, 128.41
1567608526, 111, 21, 63, 0, 0, 2.08%, 0, 0, 11, 126.98
1567608532, 111, 37, 63, 0, 0, 2.08%, 0, 0, 11, 128.31
1567608542, 111, 38, 63, 0, 0, 2.08%, 0, 0, 11, 128.29
1567608552, 111, 45, 63, 0, 0, 2.08%, 0, 0, 11, 130.08
1567608562, 111, 46, 63, 0, 0, 2.08%, 0, 0, 11, 131.75
1567608608, 111, 47, 63, 0, 0, 2.08%, 0, 0, 11, 127.77
1567608613, 112, 1, 63, 0, 0, 2.08%, 0, 0, 11, 128.57
1567608618, 112, 2, 63, 0, 0, 2.08%, 0, 0, 11, 129.44
1567608623, 112, 10, 63, 0, 0, 2.08%, 0, 0, 11, 131.30
1567608628, 112, 12, 63, 0, 0, 2.08%, 0, 0, 11, 131.99
1567608633, 112, 23, 63, 0, 0, 2.08%, 0, 0, 11, 131.14
1567608643, 112, 30, 63, 0, 0, 2.08%, 0, 0, 11, 131.30
1567608659, 112, 37, 63, 0, 0, 2.08%, 0, 0, 11, 132.38
1567608669, 112, 38, 63, 0, 0, 2.08%, 0, 0, 11, 130.51
1567608674, 112, 38, 64, 1, 0, 2.09%, 0, 0, 11, 130.96
1567608679, 112, 45, 64, 1, 0, 2.09%, 0, 0, 11, 130.97
1567608689, 112, 47, 64, 1, 0, 2.09%, 0, 0, 11, 132.93
1567608694, 113, 10, 64, 1, 0, 2.09%, 0, 0, 11, 132.41
1567608699, 113, 12, 64, 1, 0, 2.09%, 0, 0, 11, 132.61
1567608704, 113, 35, 64, 1, 0, 2.09%, 0, 0, 11, 133.05
1567608709, 113, 37, 64, 1, 0, 2.09%, 0, 0, 11, 132.57
1567608719, 113, 38, 64, 1, 0, 2.09%, 0, 0, 11, 132.33
1567608729, 113, 45, 64, 1, 0, 2.09%, 0, 0, 11, 132.88
1567608740, 113, 47, 64, 1, 0, 2.09%, 0, 0, 11, 133.98
1567608745, 113, 58, 64, 1, 0, 2.09%, 0, 0, 11, 134.66
1567608760, 114, 6, 64, 1, 0, 2.09%, 0, 0, 11, 130.07
1567608771, 114, 10, 64, 1, 0, 2.09%, 0, 0, 11, 133.39
1567608776, 114, 12, 64, 1, 0, 2.09%, 0, 0, 11, 134.63
1567608781, 114, 19, 64, 1, 0, 2.09%, 0, 0, 11, 134.93
1567608786, 114, 36, 64, 1, 0, 2.09%, 0, 0, 11, 134.78
1567608832, 114, 37, 64, 1, 0, 2.09%, 0, 0, 11, 131.55
1567608842, 114, 38, 64, 1, 0, 2.09%, 0, 0, 11, 131.66
1567608857, 114, 45, 64, 1, 0, 2.09%, 0, 0, 11, 132.24
1567608867, 114, 47, 64, 1, 0, 2.09%, 0, 0, 11, 132.86
1567608872, 114, 51, 64, 1, 0, 2.09%, 0, 0, 11, 129.07
1567608938, 115, 4, 64, 1, 0, 2.09%, 0, 0, 11, 127.69
1567608943, 115, 10, 64, 1, 0, 2.09%, 0, 0, 11, 127.70
1567608949, 115, 12, 64, 1, 0, 2.09%, 0, 0, 11, 126.29
1567608954, 115, 26, 64, 1, 0, 2.09%, 0, 0, 11, 126.51
1567608964, 115, 33, 64, 1, 0, 2.09%, 0, 0, 11, 127.24
1567608979, 115, 37, 64, 1, 0, 2.09%, 0, 0, 11, 127.83
1567608989, 115, 38, 64, 1, 0, 2.09%, 0, 0, 11, 127.09
1567609000, 115, 45, 64, 1, 0, 2.09%, 0, 0, 11, 126.78
1567609010, 115, 47, 64, 1, 0, 2.09%, 0, 0, 11, 127.13
1567609015, 115, 58, 64, 1, 0, 2.09%, 0, 0, 11, 125.77
1567609036, 116, 9, 64, 1, 0, 2.09%, 0, 0, 11, 130.88
1567609041, 116, 10, 64, 1, 0, 2.09%, 0, 0, 11, 129.64
1567609046, 116, 12, 64, 1, 0, 2.09%, 0, 0, 11, 128.48
1567609051, 116, 37, 64, 1, 0, 2.09%, 0, 0, 11, 128.21
1567609061, 116, 38, 64, 1, 0, 2.09%, 0, 0, 11, 127.92
1567609071, 116, 45, 64, 1, 0, 2.09%, 0, 0, 11, 130.96
1567609081, 116, 47, 64, 1, 0, 2.09%, 0, 0, 11, 131.62
1567609086, 116, 62, 64, 1, 0, 2.09%, 0, 0, 11, 131.36
1567609092, 116, 62, 65, 2, 0, 2.10%, 0, 0, 12, 131.48
1567609158, 117, 10, 65, 2, 0, 2.10%, 0, 0, 12, 134.02
1567609163, 117, 12, 65, 2, 0, 2.10%, 0, 0, 12, 133.91
1567609168, 117, 16, 65, 2, 0, 2.10%, 0, 0, 12, 134.06
1567609173, 117, 18, 65, 2, 0, 2.10%, 0, 0, 12, 134.52
1567609178, 117, 23, 65, 2, 0, 2.10%, 0, 0, 12, 133.98
1567609189, 117, 37, 65, 2, 0, 2.10%, 0, 0, 12, 134.55
1567609199, 117, 38, 65, 2, 0, 2.10%, 0, 0, 12, 125.82
1567609209, 117, 45, 65, 2, 0, 2.10%, 0, 0, 12, 129.21
1567609219, 117, 47, 65, 2, 0, 2.10%, 0, 0, 12, 131.80
1567609224, 117, 63, 65, 2, 0, 2.10%, 0, 0, 12, 131.68
1567609300, 118, 10, 65, 1, 0, 2.10%, 0, 0, 12, 133.06
1567609306, 118, 12, 65, 1, 0, 2.10%, 0, 0, 12, 132.36
1567609311, 118, 26, 65, 1, 0, 2.10%, 0, 0, 12, 130.87
1567609321, 118, 32, 65, 1, 0, 2.10%, 0, 0, 12, 131.05
1567609362, 118, 37, 65, 1, 0, 2.10%, 0, 0, 12, 134.52
1567609372, 118, 38, 65, 1, 0, 2.10%, 0, 0, 12, 132.43
1567609387, 118, 42, 65, 1, 0, 2.10%, 0, 0, 12, 132.60
1567609427, 118, 45, 65, 1, 0, 2.10%, 0, 0, 12, 132.91
1567609438, 118, 47, 65, 1, 0, 2.10%, 0, 0, 12, 132.91
1567609443, 119, 5, 65, 1, 0, 2.10%, 0, 0, 12, 132.70
1567609448, 119, 10, 65, 1, 0, 2.10%, 0, 0, 12, 132.21
1567609453, 119, 12, 65, 1, 0, 2.10%, 0, 0, 12, 133.52
1567609458, 119, 16, 65, 1, 0, 2.10%, 0, 0, 12, 134.46
1567609463, 119, 20, 65, 1, 0, 2.10%, 0, 0, 12, 134.51
1567609468, 119, 37, 65, 1, 0, 2.10%, 0, 0, 12, 135.04
1567609479, 119, 38, 65, 1, 0, 2.10%, 0, 0, 12, 134.55
1567609489, 119, 39, 65, 1, 0, 2.10%, 0, 0, 12, 133.05
1567609525, 119, 44, 65, 1, 0, 2.10%, 0, 0, 12, 130.60
1567609591, 119, 45, 65, 1, 0, 2.10%, 0, 0, 12, 134.03
1567609601, 119, 47, 65, 1, 0, 2.10%, 0, 0, 12, 134.01
1567609606, 119, 59, 65, 1, 0, 2.10%, 0, 0, 12, 134.02
1567609657, 119, 61, 65, 1, 0, 2.10%, 0, 0, 12, 131.58
1567609687, 120, 10, 65, 1, 0, 2.10%, 0, 0, 12, 133.26
1567609692, 120, 12, 65, 1, 0, 2.10%, 0, 0, 12, 133.58
1567609702, 120, 22, 65, 1, 0, 2.10%, 0, 0, 12, 133.13
1567609718, 120, 26, 65, 1, 0, 2.10%, 0, 0, 12, 134.29
1567609728, 120, 34, 65, 1, 0, 2.10%, 0, 0, 12, 133.19
1567609749, 120, 34, 66, 2, 0, 2.10%, 0, 0, 12, 131.31
1567609774, 120, 37, 66, 2, 0, 2.10%, 0, 0, 12, 134.07
1567609784, 120, 38, 66, 2, 0, 2.10%, 0, 0, 12, 131.47
1567609794, 120, 45, 66, 2, 0, 2.10%, 0, 0, 12, 131.43
1567609805, 120, 47, 66, 2, 0, 2.10%, 0, 0, 12, 128.68
1567609810, 120, 49, 66, 2, 0, 2.10%, 0, 0, 12, 128.24
1567609876, 120, 65, 66, 2, 0, 2.10%, 0, 0, 12, 131.08
1567609886, 120, 65, 67, 3, 0, 2.10%, 0, 0, 12, 133.72
1567610038, 120, 65, 68, 4, 0, 2.10%, 0, 0, 12, 129.65
1567610059, 120, 66, 68, 3, 0, 2.10%, 0, 0, 12, 130.62
1567610202, 121, 10, 69, 3, 0, 2.10%, 0, 0, 12, 131.48
1567610207, 121, 12, 69, 3, 0, 2.10%, 0, 0, 12, 130.54
1567610212, 121, 16, 69, 3, 0, 2.10%, 0, 0, 12, 131.79
1567610217, 121, 37, 69, 3, 0, 2.10%, 0, 0, 12, 130.10
1567610227, 121, 38, 69, 3, 0, 2.10%, 0, 0, 12, 132.42
1567610237, 121, 45, 69, 3, 0, 2.10%, 0, 0, 12, 129.36
1567610248, 121, 47, 69, 3, 0, 2.10%, 0, 0, 12, 128.92
1567610253, 121, 49, 69, 3, 0, 2.10%, 0, 0, 12, 130.06
1567610314, 121, 66, 69, 3, 0, 2.10%, 0, 0, 12, 128.27
1567610350, 121, 66, 70, 4, 0, 2.10%, 0, 0, 12, 130.31
1567610376, 122, 10, 70, 4, 0, 2.10%, 0, 0, 12, 133.66
1567610381, 122, 12, 70, 4, 0, 2.10%, 0, 0, 12, 134.15
1567610386, 122, 26, 70, 4, 0, 2.10%, 0, 0, 12, 134.65
1567610391, 122, 37, 70, 4, 0, 2.10%, 0, 0, 12, 134.69
1567610401, 122, 38, 70, 4, 0, 2.10%, 0, 0, 12, 133.37
1567610412, 122, 44, 70, 4, 0, 2.10%, 0, 0, 12, 133.98
1567610483, 122, 45, 70, 4, 0, 2.10%, 0, 0, 12, 130.78
1567610493, 122, 47, 70, 4, 0, 2.10%, 0, 0, 12, 131.77
1567610498, 122, 69, 70, 4, 0, 2.10%, 0, 0, 12, 132.00
1567610635, 123, 8, 70, 3, 0, 2.10%, 0, 0, 12, 131.18
1567610640, 123, 10, 70, 3, 0, 2.10%, 0, 0, 12, 130.30
1567610645, 123, 12, 70, 3, 0, 2.10%, 0, 0, 12, 130.70
1567610650, 123, 19, 70, 3, 0, 2.10%, 0, 0, 12, 131.64
1567610655, 123, 30, 70, 3, 0, 2.10%, 0, 0, 12, 131.14
1567610665, 123, 32, 70, 3, 0, 2.10%, 0, 0, 12, 131.31
1567610675, 123, 37, 70, 3, 0, 2.10%, 0, 0, 12, 130.02
1567610685, 123, 38, 70, 3, 0, 2.10%, 0, 0, 12, 130.95
1567610696, 123, 45, 70, 3, 0, 2.10%, 0, 0, 12, 129.35
1567610711, 124, 8, 70, 3, 0, 2.10%, 0, 0, 12, 128.97
1567610716, 124, 10, 70, 3, 0, 2.10%, 0, 0, 12, 130.47
1567610721, 124, 11, 70, 3, 0, 2.10%, 0, 0, 12, 130.40
1567610726, 124, 12, 70, 3, 0, 2.10%, 0, 0, 12, 129.87
1567610732, 124, 13, 70, 3, 0, 2.10%, 0, 0, 12, 131.54
1567610737, 124, 37, 70, 3, 0, 2.10%, 0, 0, 12, 133.08
1567610747, 124, 38, 70, 3, 0, 2.10%, 0, 0, 12, 133.40
1567610757, 124, 40, 70, 3, 0, 2.10%, 0, 0, 12, 128.87
1567610762, 124, 44, 70, 3, 0, 2.10%, 0, 0, 12, 128.97
1567610777, 124, 45, 70, 3, 0, 2.10%, 0, 0, 12, 128.11
1567610787, 124, 46, 70, 3, 0, 2.10%, 0, 0, 12, 128.22
1567610833, 124, 47, 70, 3, 0, 2.10%, 0, 0, 12, 128.10
1567610839, 124, 67, 70, 3, 0, 2.10%, 0, 0, 12, 130.54
1567610879, 124, 67, 71, 4, 0, 2.11%, 0, 0, 12, 129.62
1567610981, 124, 69, 71, 3, 0, 2.11%, 0, 0, 12, 130.92
1567611027, 124, 70, 71, 3, 0, 2.11%, 0, 0, 12, 130.36
1567611042, 124, 70, 72, 4, 0, 2.11%, 0, 0, 12, 130.68
1567611185, 125, 4, 72, 3, 0, 2.11%, 0, 0, 12, 130.28
1567611190, 125, 10, 72, 3, 0, 2.11%, 0, 0, 12, 129.82
1567611195, 125, 12, 72, 3, 0, 2.11%, 0, 0, 12, 128.94
1567611200, 125, 35, 72, 3, 0, 2.11%, 0, 0, 12, 129.35
1567611205, 125, 37, 72, 3, 0, 2.11%, 0, 0, 12, 130.40
1567611216, 125, 38, 72, 3, 0, 2.11%, 0, 0, 12, 130.32
1567611226, 125, 45, 72, 3, 0, 2.11%, 0, 0, 12, 127.10
1567611236, 125, 47, 72, 3, 0, 2.11%, 0, 0, 12, 128.79
1567611241, 125, 71, 72, 3, 0, 2.11%, 0, 0, 12, 125.93
1567611400, 126, 1, 72, 2, 0, 2.11%, 0, 0, 12, 130.18
1567611405, 126, 10, 72, 2, 0, 2.11%, 0, 0, 12, 129.92
1567611410, 126, 12, 72, 2, 0, 2.11%, 0, 0, 12, 131.43
1567611415, 126, 37, 72, 2, 0, 2.11%, 0, 0, 12, 132.03
1567611425, 126, 38, 72, 2, 0, 2.11%, 0, 0, 12, 129.92
1567611435, 126, 42, 72, 2, 0, 2.11%, 0, 0, 12, 131.80
1567611476, 126, 45, 72, 2, 0, 2.11%, 0, 0, 12, 133.25
1567611491, 126, 59, 72, 2, 0, 2.11%, 0, 0, 12, 130.07
1567611542, 126, 68, 72, 2, 0, 2.11%, 0, 0, 12, 131.55
1567611609, 127, 10, 72, 1, 0, 2.11%, 0, 0, 12, 127.70
1567611614, 127, 12, 72, 1, 0, 2.11%, 0, 0, 12, 130.85
1567611619, 127, 19, 72, 1, 0, 2.11%, 0, 0, 12, 132.46
1567611624, 127, 21, 72, 1, 0, 2.11%, 0, 0, 12, 133.00
1567611629, 127, 23, 72, 1, 0, 2.11%, 0, 0, 12, 133.40
1567611639, 127, 32, 72, 1, 0, 2.11%, 0, 0, 12, 133.48
1567611649, 127, 37, 72, 1, 0, 2.11%, 0, 0, 12, 131.67
1567611659, 127, 38, 72, 1, 0, 2.11%, 0, 0, 12, 133.11
1567611674, 127, 39, 72, 1, 0, 2.11%, 0, 0, 12, 134.46
1567611690, 127, 45, 72, 1, 0, 2.11%, 0, 0, 12, 133.76
1567611700, 127, 47, 72, 1, 0, 2.11%, 0, 0, 12, 132.86
1567611705, 128, 6, 72, 1, 0, 2.11%, 0, 0, 12, 131.94
1567611710, 128, 10, 72, 1, 0, 2.11%, 0, 0, 12, 130.57
1567611715, 128, 12, 72, 1, 0, 2.11%, 0, 0, 12, 129.62
1567611720, 128, 29, 72, 1, 0, 2.11%, 0, 0, 12, 129.30
1567611741, 128, 37, 72, 1, 0, 2.11%, 0, 0, 12, 132.03
1567611751, 128, 38, 72, 1, 0, 2.11%, 0, 0, 12, 132.84
1567611761, 128, 45, 72, 1, 0, 2.11%, 0, 0, 12, 128.90
1567611771, 128, 47, 72, 1, 0, 2.11%, 0, 0, 12, 129.17
1567611776, 128, 64, 72, 1, 0, 2.11%, 0, 0, 12, 128.52
1567611920, 129, 10, 72, 0, 0, 2.11%, 0, 0, 12, 131.60
1567611925, 129, 12, 72, 0, 0, 2.11%, 0, 0, 12, 127.73
1567611930, 129, 36, 72, 0, 0, 2.11%, 0, 0, 12, 130.14
1567611975, 129, 37, 72, 0, 0, 2.11%, 0, 0, 12, 133.75
1567611985, 129, 38, 72, 0, 0, 2.11%, 0, 0, 12, 133.26
1567612000, 129, 45, 72, 0, 0, 2.11%, 0, 0, 12, 133.06
1567612010, 129, 51, 72, 0, 0, 2.11%, 0, 0, 12, 133.31
1567612077, 129, 67, 72, 0, 0, 2.11%, 0, 0, 12, 128.86
1567612097, 130, 4, 72, 0, 0, 2.11%, 0, 0, 12, 127.37
1567612103, 130, 8, 72, 0, 0, 2.11%, 0, 0, 12, 129.18
1567612108, 130, 10, 72, 0, 0, 2.11%, 0, 0, 12, 129.80
1567612113, 130, 12, 72, 0, 0, 2.11%, 0, 0, 12, 128.34
1567612118, 130, 21, 72, 0, 0, 2.11%, 0, 0, 12, 129.05
1567612123, 130, 37, 72, 0, 0, 2.11%, 0, 0, 12, 129.12
1567612133, 130, 38, 72, 0, 0, 2.11%, 0, 0, 12, 132.41
1567612143, 130, 45, 72, 0, 0, 2.11%, 0, 0, 12, 132.46
1567612159, 131, 10, 72, 0, 0, 2.11%, 0, 0, 12, 129.27
1567612164, 131, 12, 72, 0, 0, 2.11%, 0, 0, 12, 131.62
1567612174, 131, 13, 72, 0, 0, 2.11%, 0, 0, 12, 126.93
1567612179, 131, 29, 72, 0, 0, 2.11%, 0, 0, 12, 127.69
1567612190, 131, 35, 72, 0, 0, 2.11%, 0, 0, 12, 127.00
1567612195, 131, 37, 72, 0, 0, 2.11%, 0, 0, 12, 128.69
1567612205, 131, 38, 72, 0, 0, 2.11%, 0, 0, 12, 130.99
1567612215, 131, 45, 72, 0, 0, 2.11%, 0, 0, 12, 131.66
1567612225, 131, 47, 72, 0, 0, 2.11%, 0, 0, 12, 132.32
1567612230, 132, 5, 72, 0, 0, 2.11%, 0, 0, 12, 132.38
1567612235, 132, 10, 72, 0, 0, 2.11%, 0, 0, 12, 131.86
1567612240, 132, 12, 72, 0, 0, 2.11%, 0, 0, 12, 130.49
1567612245, 132, 37, 72, 0, 0, 2.11%, 0, 0, 12, 131.10
1567612255, 132, 38, 72, 0, 0, 2.11%, 0, 0, 12, 131.60
1567612265, 132, 40, 72, 0, 0, 2.11%, 0, 0, 12, 132.66
1567612270, 132, 45, 72, 0, 0, 2.11%, 0, 0, 12, 133.32
1567612281, 132, 47, 72, 0, 0, 2.11%, 0, 0, 12, 132.82
1567612286, 132, 58, 72, 0, 0, 2.11%, 0, 0, 12, 132.82
1567612301, 133, 6, 72, 0, 0, 2.11%, 0, 0, 12, 134.20
1567612306, 133, 10, 72, 0, 0, 2.11%, 0, 0, 12, 133.61
1567612311, 133, 12, 72, 0, 0, 2.11%, 0, 0, 12, 128.19
1567612317, 133, 37, 72, 0, 0, 2.11%, 0, 0, 12, 128.63
1567612327, 133, 38, 72, 0, 0, 2.11%, 0, 0, 12, 131.47
1567612337, 133, 45, 72, 0, 0, 2.11%, 0, 0, 12, 130.32
1567612352, 133, 67, 72, 0, 0, 2.11%, 0, 0, 12, 130.99
1567612372, 133, 68, 72, 0, 0, 2.11%, 0, 0, 12, 131.13
1567612387, 134, 10, 72, 0, 0, 2.11%, 0, 0, 12, 130.61
1567612393, 134, 12, 72, 0, 0, 2.11%, 0, 0, 12, 127.11
1567612398, 134, 24, 72, 0, 0, 2.11%, 0, 0, 12, 126.61
1567612413, 134, 25, 72, 0, 0, 2.11%, 0, 0, 12, 130.49
1567612423, 134, 37, 72, 0, 0, 2.11%, 0, 0, 12, 133.33
1567612434, 134, 38, 72, 0, 0, 2.11%, 0, 0, 12, 134.55
1567612444, 134, 42, 72, 0, 0, 2.11%, 0, 0, 12, 126.08
1567612484, 134, 45, 72, 0, 0, 2.11%, 0, 0, 12, 128.05
1567612500, 134, 47, 72, 0, 0, 2.11%, 0, 0, 12, 131.16
1567612505, 134, 68, 72, 0, 0, 2.11%, 0, 0, 12, 130.40
1567612520, 135, 10, 72, 0, 0, 2.11%, 0, 0, 12, 132.20
1567612525, 135, 12, 72, 0, 0, 2.11%, 0, 0, 12, 132.69
1567612530, 135, 37, 72, 0, 0, 2.11%, 0, 0, 12, 132.73
1567612540, 135, 38, 72, 0, 0, 2.11%, 0, 0, 12, 132.25
1567612550, 135, 39, 72, 0, 0, 2.11%, 0, 0, 12, 130.43
1567612561, 135, 45, 72, 0, 0, 2.11%, 0, 0, 12, 131.21
1567612571, 135, 54, 72, 0, 0, 2.11%, 0, 0, 12, 132.79
1567612616, 135, 56, 72, 0, 0, 2.11%, 0, 0, 12, 132.86
1567612657, 136, 10, 72, 0, 0, 2.11%, 0, 0, 12, 129.71
1567612662, 136, 12, 72, 0, 0, 2.11%, 0, 0, 12, 126.74
1567612673, 136, 37, 72, 0, 0, 2.11%, 0, 0, 12, 127.15
1567612683, 136, 38, 72, 0, 0, 2.11%, 0, 0, 12, 132.93
1567612693, 136, 39, 72, 0, 0, 2.11%, 0, 0, 12, 133.76
1567612698, 136, 45, 72, 0, 0, 2.11%, 0, 0, 12, 133.99
1567612708, 136, 47, 72, 0, 0, 2.11%, 0, 0, 12, 133.36
1567612713, 136, 62, 72, 0, 0, 2.11%, 0, 0, 12, 133.88
1567612774, 137, 10, 72, 0, 0, 2.11%, 0, 0, 12, 129.77
1567612779, 137, 11, 72, 0, 0, 2.11%, 0, 0, 12, 129.50
1567612784, 137, 12, 72, 0, 0, 2.11%, 0, 0, 12, 130.69
1567612789, 137, 37, 72, 0, 0, 2.11%, 0, 0, 12, 130.34
1567612800, 137, 38, 72, 0, 0, 2.11%, 0, 0, 12, 130.10
1567612810, 137, 44, 72, 0, 0, 2.11%, 0, 0, 12, 126.51
1567612830, 137, 45, 72, 0, 0, 2.11%, 0, 0, 12, 132.38
1567612840, 137, 47, 72, 0, 0, 2.11%, 0, 0, 12, 132.20
1567612846, 137, 53, 72, 0, 0, 2.11%, 0, 0, 12, 132.37
1567612907, 137, 69, 72, 0, 0, 2.11%, 0, 0, 12, 131.52
1567612953, 138, 2, 72, 0, 0, 2.11%, 0, 0, 12, 128.87
1567612958, 138, 10, 72, 0, 0, 2.11%, 0, 0, 12, 131.27
1567612963, 138, 11, 72, 0, 0, 2.11%, 0, 0, 12, 132.87
1567612968, 138, 12, 72, 0, 0, 2.11%, 0, 0, 12, 133.44
1567612973, 138, 32, 72, 0, 0, 2.11%, 0, 0, 12, 132.01
1567612983, 138, 37, 72, 0, 0, 2.11%, 0, 0, 12, 131.08
1567612993, 138, 38, 72, 0, 0, 2.11%, 0, 0, 12, 128.82
1567613003, 138, 41, 72, 0, 0, 2.11%, 0, 0, 12, 130.06
1567613044, 138, 41, 73, 1, 0, 2.11%, 0, 0, 12, 132.54
1567613075, 138, 45, 73, 1, 0, 2.11%, 0, 0, 12, 134.59
1567613085, 138, 47, 73, 1, 0, 2.11%, 0, 0, 12, 134.46
1567613090, 139, 1, 73, 1, 0, 2.11%, 0, 0, 12, 134.51
1567613095, 139, 10, 73, 1, 0, 2.11%, 0, 0, 12, 134.55
1567613101, 139, 12, 73, 1, 0, 2.11%, 0, 0, 12, 134.23
1567613106, 139, 37, 73, 1, 0, 2.11%, 0, 0, 12, 134.12
1567613116, 139, 38, 73, 1, 0, 2.11%, 0, 0, 12, 131.13
1567613126, 139, 45, 73, 1, 0, 2.11%, 0, 0, 12, 131.43
1567613136, 139, 47, 73, 1, 0, 2.11%, 0, 0, 12, 131.69
1567613141, 139, 54, 73, 1, 0, 2.11%, 0, 0, 12, 133.46
1567613187, 140, 10, 73, 1, 0, 2.11%, 0, 0, 12, 131.13
1567613192, 140, 12, 73, 1, 0, 2.11%, 0, 0, 12, 131.90
1567613197, 140, 20, 73, 1, 0, 2.11%, 0, 0, 12, 131.06
1567613202, 140, 37, 73, 1, 0, 2.11%, 0, 0, 12, 132.74
1567613212, 140, 38, 73, 1, 0, 2.11%, 0, 0, 12, 132.44
1567613227, 140, 45, 73, 1, 0, 2.11%, 0, 0, 12, 132.26
1567613237, 140, 47, 73, 1, 0, 2.11%, 0, 0, 12, 129.41
1567613243, 140, 72, 73, 1, 0, 2.11%, 0, 0, 12, 129.37
1567613381, 141, 10, 73, 0, 0, 2.11%, 0, 0, 12, 129.97
1567613386, 141, 12, 73, 0, 0, 2.11%, 0, 0, 12, 130.09
1567613391, 141, 16, 73, 0, 0, 2.11%, 0, 0, 12, 129.88
1567613396, 141, 33, 73, 0, 0, 2.11%, 0, 0, 12, 130.82
1567613411, 141, 37, 73, 0, 0, 2.11%, 0, 0, 12, 131.24
1567613421, 141, 38, 73, 0, 0, 2.11%, 0, 0, 12, 132.27
1567613432, 141, 43, 73, 0, 0, 2.11%, 0, 0, 12, 127.04
1567613498, 141, 45, 73, 0, 0, 2.11%, 0, 0, 12, 132.28
1567613508, 141, 47, 73, 0, 0, 2.11%, 0, 0, 12, 133.68
1567613513, 142, 1, 73, 0, 0, 2.11%, 0, 0, 12, 132.84
1567613518, 142, 10, 73, 0, 0, 2.11%, 0, 0, 12, 133.50
1567613523, 142, 12, 73, 0, 0, 2.11%, 0, 0, 12, 133.63
1567613528, 142, 37, 73, 0, 0, 2.11%, 0, 0, 12, 132.07
1567613538, 142, 38, 73, 0, 0, 2.11%, 0, 0, 12, 131.67
1567613548, 142, 45, 73, 0, 0, 2.11%, 0, 0, 12, 132.79
1567613558, 142, 47, 73, 0, 0, 2.11%, 0, 0, 12, 131.13
1567613563, 142, 66, 73, 0, 0, 2.11%, 0, 0, 12, 131.57
1567613629, 143, 10, 73, 0, 0, 2.11%, 0, 0, 12, 131.25
1567613634, 143, 12, 73, 0, 0, 2.11%, 0, 0, 12, 128.10
1567613645, 143, 37, 73, 0, 0, 2.11%, 0, 0, 12, 134.42
1567613655, 143, 38, 73, 0, 0, 2.11%, 0, 0, 12, 134.56
1567613665, 143, 43, 73, 0, 0, 2.11%, 0, 0, 12, 134.04
1567613731, 143, 45, 73, 0, 0, 2.11%, 0, 0, 12, 132.51
1567613742, 143, 47, 73, 0, 0, 2.11%, 0, 0, 12, 132.32
1567613747, 143, 51, 73, 0, 0, 2.11%, 0, 0, 12, 131.89
1567613813, 143, 60, 73, 0, 0, 2.11%, 0, 0, 12, 126.96
1567613833, 143, 60, 74, 1, 0, 2.12%, 0, 0, 12, 125.99
1567613849, 143, 73, 74, 1, 0, 2.12%, 0, 0, 12, 126.61
1567615381, 143, 73, 75, 2, 0, 2.12%, 0, 0, 12, 131.08
1567615493, 144, 10, 75, 1, 0, 2.12%, 0, 0, 12, 127.45
1567615499, 144, 12, 75, 1, 0, 2.12%, 0, 0, 12, 127.13
1567615504, 144, 29, 75, 1, 0, 2.12%, 0, 0, 12, 126.35
1567615519, 144, 32, 75, 1, 0, 2.12%, 0, 0, 12, 128.54
1567615529, 144, 33, 75, 1, 0, 2.12%, 0, 0, 12, 133.19
1567615539, 144, 37, 75, 1, 0, 2.12%, 0, 0, 12, 130.58
1567615549, 144, 38, 75, 1, 0, 2.12%, 0, 0, 12, 130.48
1567615559, 144, 45, 75, 1, 0, 2.12%, 0, 0, 12, 130.92
1567615570, 144, 47, 75, 1, 0, 2.12%, 0, 0, 12, 130.16
1567615575, 144, 63, 75, 1, 0, 2.12%, 0, 0, 12, 130.57
1567615620, 145, 10, 75, 1, 0, 2.12%, 0, 0, 12, 130.64
1567615626, 145, 12, 75, 1, 0, 2.12%, 0, 0, 12, 129.68
1567615631, 145, 26, 75, 1, 0, 2.12%, 0, 0, 12, 130.30
1567615636, 145, 37, 75, 1, 0, 2.12%, 0, 0, 12, 130.25
1567615646, 145, 38, 75, 1, 0, 2.12%, 0, 0, 12, 128.94
1567615656, 145, 45, 75, 1, 0, 2.12%, 0, 0, 12, 132.27
1567615666, 145, 47, 75, 1, 0, 2.12%, 0, 0, 12, 133.49
1567615671, 145, 60, 75, 1, 0, 2.12%, 0, 0, 12, 133.45
1567615702, 145, 70, 76, 2, 0, 2.12%, 0, 0, 12, 133.42
1567615788, 146, 7, 76, 2, 0, 2.12%, 0, 0, 12, 133.53
1567615793, 146, 10, 76, 2, 0, 2.12%, 0, 0, 12, 133.94
1567615798, 146, 12, 76, 2, 0, 2.12%, 0, 0, 12, 134.21
1567615803, 146, 22, 76, 2, 0, 2.12%, 0, 0, 12, 130.30
1567615813, 146, 37, 76, 2, 0, 2.12%, 0, 0, 12, 132.90
1567615823, 146, 38, 76, 2, 0, 2.12%, 0, 0, 12, 133.08
1567615834, 146, 45, 76, 2, 0, 2.12%, 0, 0, 12, 132.43
1567615849, 146, 75, 76, 2, 0, 2.12%, 0, 0, 12, 129.57
1567617064, 146, 75, 77, 3, 0, 2.12%, 0, 0, 12, 131.79
1567618227, 146, 75, 78, 4, 0, 2.12%, 0, 0, 12, 133.10
1567618736, 147, 5, 78, 3, 0, 2.12%, 0, 0, 12, 135.39
1567618741, 147, 10, 78, 3, 0, 2.12%, 0, 0, 12, 134.81
1567618746, 147, 12, 78, 3, 0, 2.12%, 0, 0, 12, 135.29
1567618752, 147, 23, 78, 3, 0, 2.12%, 0, 0, 12, 135.11
1567618762, 147, 24, 78, 3, 0, 2.12%, 0, 0, 12, 133.44
1567618777, 147, 37, 78, 3, 0, 2.12%, 0, 0, 12, 131.55
1567618787, 147, 38, 78, 3, 0, 2.12%, 0, 0, 12, 127.76
1567618797, 147, 45, 78, 3, 0, 2.12%, 0, 0, 12, 130.31
1567618807, 147, 47, 78, 3, 0, 2.12%, 0, 0, 12, 131.83
1567618813, 147, 63, 78, 3, 0, 2.12%, 0, 0, 12, 132.36
1567618858, 147, 77, 78, 3, 0, 2.12%, 0, 0, 12, 132.72
1567619332, 147, 77, 79, 4, 0, 2.12%, 0, 0, 13, 133.82
1567621729, 148, 2, 79, 3, 0, 2.12%, 0, 0, 13, 133.18
1567621734, 148, 10, 79, 3, 0, 2.12%, 0, 0, 13, 133.67
1567621739, 148, 12, 79, 3, 0, 2.12%, 0, 0, 13, 133.47
1567621749, 148, 31, 79, 3, 0, 2.12%, 0, 0, 13, 133.65
1567621760, 148, 37, 79, 3, 0, 2.12%, 0, 0, 13, 134.17
1567621770, 148, 38, 79, 3, 0, 2.12%, 0, 0, 13, 134.04
1567621780, 148, 45, 79, 3, 0, 2.12%, 0, 0, 13, 131.10
1567621790, 148, 47, 79, 3, 0, 2.12%, 0, 0, 13, 130.84
1567621795, 148, 52, 79, 3, 0, 2.12%, 0, 0, 13, 130.83
1567621861, 148, 75, 79, 3, 0, 2.12%, 0, 0, 13, 132.11
1567621932, 148, 78, 79, 3, 0, 2.12%, 0, 0, 13, 128.85
1567622610, 148, 78, 80, 4, 0, 2.13%, 0, 0, 14, 130.94
1567624808, 149, 4, 80, 3, 0, 2.13%, 0, 0, 14, 132.16
1567624814, 149, 10, 80, 3, 0, 2.13%, 0, 0, 14, 130.24
1567624819, 149, 12, 80, 3, 0, 2.13%, 0, 0, 14, 130.12
1567624824, 149, 37, 80, 3, 0, 2.13%, 0, 0, 14, 130.61
1567624834, 149, 38, 80, 3, 0, 2.13%, 0, 0, 14, 132.66
1567624844, 149, 45, 80, 3, 0, 2.13%, 0, 0, 14, 134.66
1567624854, 149, 47, 80, 3, 0, 2.13%, 0, 0, 14, 131.23
1567624859, 149, 56, 80, 3, 0, 2.13%, 0, 0, 14, 130.98
1567624905, 149, 61, 80, 3, 0, 2.13%, 0, 0, 14, 131.17
1567624946, 149, 63, 80, 3, 0, 2.13%, 0, 0, 14, 134.23
1567624992, 149, 76, 80, 3, 0, 2.13%, 0, 0, 14, 131.73
1567625110, 149, 76, 81, 4, 0, 2.14%, 0, 0, 14, 133.93
