# unix_time, cycles_done, cur_path, paths_total, pending_total, pending_favs, map_size, unique_crashes, unique_hangs, max_depth, execs_per_sec
1570757267, 0, 0, 2, 2, 1, 0.46%, 0, 0, 1, 27.78
1570757282, 0, 0, 3, 3, 1, 0.47%, 0, 0, 2, 30.81
1570757292, 0, 2, 3, 2, 1, 0.47%, 0, 0, 2, 33.10
1570757297, 0, 2, 3, 2, 1, 0.47%, 0, 1, 2, 35.81
1570757312, 0, 2, 4, 3, 1, 0.49%, 0, 1, 3, 33.69
1570757317, 0, 2, 4, 3, 1, 0.49%, 0, 2, 3, 32.68
1570757323, 0, 3, 4, 2, 1, 0.49%, 0, 3, 3, 32.25
1570757328, 0, 3, 4, 2, 1, 0.49%, 0, 4, 3, 31.78
1570757333, 0, 3, 4, 2, 1, 0.49%, 0, 5, 3, 34.15
1570757343, 0, 3, 5, 3, 1, 0.49%, 0, 5, 4, 36.40
1570757375, 0, 4, 5, 2, 1, 0.49%, 0, 6, 4, 6.17
1570757431, 1, 1, 5, 1, 0, 0.49%, 0, 6, 4, 33.29
1570757451, 1, 4, 5, 0, 0, 0.49%, 0, 6, 4, 32.16
1570757457, 2, 0, 5, 0, 0, 0.49%, 0, 6, 4, 32.27
1570757467, 2, 1, 5, 0, 0, 0.49%, 0, 6, 4, 31.86
1570757472, 2, 2, 5, 0, 0, 0.49%, 0, 6, 4, 33.14
1570757482, 2, 3, 5, 0, 0, 0.49%, 0, 6, 4, 29.98
1570757487, 2, 4, 5, 0, 0, 0.49%, 0, 6, 4, 31.56
1570757497, 3, 0, 5, 0, 0, 0.49%, 0, 6, 4, 31.80
1570757502, 3, 1, 5, 0, 0, 0.49%, 0, 6, 4, 33.80
1570757513, 3, 2, 5, 0, 0, 0.49%, 0, 6, 4, 32.87
1570757523, 3, 3, 5, 0, 0, 0.49%, 0, 6, 4, 28.55
1570757528, 3, 4, 5, 0, 0, 0.49%, 0, 6, 4, 28.80
1570757538, 4, 0, 5, 0, 0, 0.49%, 0, 6, 4, 32.04
1570757549, 4, 1, 5, 0, 0, 0.49%, 0, 6, 4, 30.21
1570757559, 4, 2, 5, 0, 0, 0.49%, 0, 6, 4, 32.38
1570757564, 4, 3, 5, 0, 0, 0.49%, 0, 7, 4, 5.55
1570757574, 4, 4, 5, 0, 0, 0.49%, 0, 7, 4, 32.17
1570757585, 5, 0, 5, 0, 0, 0.49%, 0, 7, 4, 30.89
1570757590, 5, 1, 5, 0, 0, 0.49%, 0, 7, 4, 32.96
1570757600, 5, 2, 5, 0, 0, 0.49%, 0, 7, 4, 32.19
1570757610, 5, 3, 5, 0, 0, 0.49%, 0, 7, 4, 30.97
1570757615, 5, 4, 5, 0, 0, 0.49%, 0, 7, 4, 32.21
1570757625, 6, 0, 5, 0, 0, 0.49%, 0, 7, 4, 30.38
1570757631, 6, 1, 5, 0, 0, 0.49%, 0, 7, 4, 31.63
1570757641, 6, 2, 5, 0, 0, 0.49%, 0, 7, 4, 32.08
1570757646, 6, 3, 5, 0, 0, 0.49%, 0, 7, 4, 33.11
1570757656, 6, 4, 5, 0, 0, 0.49%, 0, 7, 4, 31.37
1570757666, 7, 0, 5, 0, 0, 0.49%, 0, 7, 4, 30.70
1570757677, 7, 1, 5, 0, 0, 0.49%, 0, 7, 4, 31.39
1570757687, 7, 2, 5, 0, 0, 0.49%, 0, 7, 4, 29.84
1570757692, 7, 3, 5, 0, 0, 0.49%, 0, 7, 4, 30.49
1570757702, 7, 4, 5, 0, 0, 0.49%, 0, 7, 4, 29.93
1570757712, 8, 0, 5, 0, 0, 0.49%, 0, 7, 4, 32.29
1570757717, 8, 1, 5, 0, 0, 0.49%, 0, 7, 4, 32.92
1570757728, 8, 2, 5, 0, 0, 0.49%, 0, 7, 4, 33.74
1570757733, 8, 3, 5, 0, 0, 0.49%, 0, 7, 4, 33.41
1570757743, 8, 4, 5, 0, 0, 0.49%, 0, 7, 4, 30.02
1570757748, 9, 0, 5, 0, 0, 0.49%, 0, 7, 4, 32.34
1570757758, 9, 1, 5, 0, 0, 0.49%, 0, 7, 4, 34.26
1570757768, 9, 2, 5, 0, 0, 0.49%, 0, 7, 4, 30.45
1570757774, 9, 3, 5, 0, 0, 0.49%, 0, 7, 4, 32.50
1570757784, 9, 4, 5, 0, 0, 0.49%, 0, 7, 4, 33.61
1570757789, 10, 0, 5, 0, 0, 0.49%, 0, 7, 4, 31.71
1570757799, 10, 1, 5, 0, 0, 0.49%, 0, 7, 4, 32.44
1570757809, 10, 2, 5, 0, 0, 0.49%, 0, 7, 4, 31.90
1570757815, 10, 3, 5, 0, 0, 0.49%, 0, 7, 4, 30.44
1570757825, 10, 4, 5, 0, 0, 0.49%, 0, 7, 4, 29.83
1570757835, 11, 0, 5, 0, 0, 0.49%, 0, 7, 4, 30.21
1570757840, 11, 1, 5, 0, 0, 0.49%, 0, 7, 4, 31.98
1570757850, 11, 2, 5, 0, 0, 0.49%, 0, 7, 4, 32.29
1570757855, 11, 3, 5, 0, 0, 0.49%, 0, 7, 4, 30.84
1570757866, 11, 4, 5, 0, 0, 0.49%, 0, 7, 4, 32.16
1570757876, 12, 0, 5, 0, 0, 0.49%, 0, 7, 4, 31.88
1570757881, 12, 1, 5, 0, 0, 0.49%, 0, 7, 4, 31.48
1570757891, 12, 2, 5, 0, 0, 0.49%, 0, 7, 4, 31.66
1570757896, 12, 3, 5, 0, 0, 0.49%, 0, 7, 4, 32.22
1570757907, 12, 4, 5, 0, 0, 0.49%, 0, 7, 4, 31.89
1570757912, 13, 0, 5, 0, 0, 0.49%, 0, 7, 4, 30.03
1570757922, 13, 1, 5, 0, 0, 0.49%, 0, 7, 4, 34.37
1570757932, 13, 2, 5, 0, 0, 0.49%, 0, 7, 4, 32.98
1570757937, 13, 3, 5, 0, 0, 0.49%, 0, 7, 4, 31.58
1570757942, 13, 4, 5, 0, 0, 0.49%, 0, 7, 4, 32.39
1570757952, 14, 0, 5, 0, 0, 0.49%, 0, 7, 4, 33.51
1570757957, 14, 1, 5, 0, 0, 0.49%, 0, 7, 4, 32.41
1570757967, 14, 2, 5, 0, 0, 0.49%, 0, 7, 4, 32.69
1570757972, 14, 3, 5, 0, 0, 0.49%, 0, 7, 4, 32.70
1570757983, 14, 4, 5, 0, 0, 0.49%, 0, 7, 4, 32.29
1570757993, 15, 0, 5, 0, 0, 0.49%, 0, 7, 4, 31.08
1570757998, 15, 1, 5, 0, 0, 0.49%, 0, 7, 4, 32.03
1570758008, 15, 2, 5, 0, 0, 0.49%, 0, 7, 4, 30.98
1570758013, 15, 3, 5, 0, 0, 0.49%, 0, 7, 4, 31.99
1570758023, 15, 4, 5, 0, 0, 0.49%, 0, 7, 4, 31.39
1570758033, 16, 0, 5, 0, 0, 0.49%, 0, 7, 4, 29.83
1570758039, 16, 1, 5, 0, 0, 0.49%, 0, 7, 4, 31.76
1570758049, 16, 2, 5, 0, 0, 0.49%, 0, 7, 4, 32.36
1570758059, 16, 3, 5, 0, 0, 0.49%, 0, 7, 4, 29.54
1570758064, 16, 4, 5, 0, 0, 0.49%, 0, 7, 4, 31.06
1570758075, 17, 0, 5, 0, 0, 0.49%, 0, 7, 4, 34.06
1570758080, 17, 1, 5, 0, 0, 0.49%, 0, 7, 4, 31.38
1570758090, 17, 2, 5, 0, 0, 0.49%, 0, 7, 4, 31.41
1570758100, 17, 3, 5, 0, 0, 0.49%, 0, 7, 4, 32.45
1570758105, 17, 4, 5, 0, 0, 0.49%, 0, 7, 4, 30.29
1570758115, 18, 0, 5, 0, 0, 0.49%, 0, 7, 4, 31.58
1570758120, 18, 1, 5, 0, 0, 0.49%, 0, 7, 4, 32.88
1570758130, 18, 2, 5, 0, 0, 0.49%, 0, 7, 4, 32.23
1570758141, 18, 3, 5, 0, 0, 0.49%, 0, 7, 4, 31.41
1570758146, 18, 4, 5, 0, 0, 0.49%, 0, 7, 4, 30.68
1570758156, 19, 0, 5, 0, 0, 0.49%, 0, 7, 4, 31.70
1570758166, 19, 1, 5, 0, 0, 0.49%, 0, 7, 4, 33.92
1570758171, 19, 2, 5, 0, 0, 0.49%, 0, 7, 4, 33.07
1570758182, 19, 3, 5, 0, 0, 0.49%, 0, 7, 4, 31.98
1570758187, 19, 4, 5, 0, 0, 0.49%, 0, 7, 4, 30.80
1570758197, 20, 0, 5, 0, 0, 0.49%, 0, 7, 4, 32.86
1570758202, 20, 1, 5, 0, 0, 0.49%, 0, 7, 4, 29.84
1570758212, 20, 2, 5, 0, 0, 0.49%, 0, 7, 4, 31.35
1570758223, 20, 3, 5, 0, 0, 0.49%, 0, 7, 4, 29.26
1570758233, 20, 4, 5, 0, 0, 0.49%, 0, 7, 4, 28.84
1570758238, 21, 0, 5, 0, 0, 0.49%, 0, 7, 4, 29.23
1570758243, 21, 1, 5, 0, 0, 0.49%, 0, 7, 4, 32.18
1570758253, 21, 2, 5, 0, 0, 0.49%, 0, 7, 4, 33.16
1570758258, 21, 3, 5, 0, 0, 0.49%, 0, 7, 4, 33.10
1570758269, 21, 4, 5, 0, 0, 0.49%, 0, 7, 4, 32.01
1570758279, 22, 0, 5, 0, 0, 0.49%, 0, 7, 4, 32.94
1570758284, 22, 1, 5, 0, 0, 0.49%, 0, 7, 4, 26.54
1570758294, 22, 2, 5, 0, 0, 0.49%, 0, 7, 4, 32.50
1570758300, 22, 3, 5, 0, 0, 0.49%, 0, 7, 4, 30.98
1570758305, 22, 4, 5, 0, 0, 0.49%, 0, 7, 4, 29.95
1570758315, 23, 0, 5, 0, 0, 0.49%, 0, 7, 4, 31.92
1570758320, 23, 1, 5, 0, 0, 0.49%, 0, 7, 4, 33.07
1570758330, 23, 2, 5, 0, 0, 0.49%, 0, 7, 4, 32.34
1570758341, 23, 3, 5, 0, 0, 0.49%, 0, 7, 4, 31.57
1570758346, 23, 4, 5, 0, 0, 0.49%, 0, 7, 4, 31.50
1570758356, 24, 0, 5, 0, 0, 0.49%, 0, 7, 4, 34.17
1570758361, 24, 1, 5, 0, 0, 0.49%, 0, 7, 4, 33.28
1570758371, 24, 2, 5, 0, 0, 0.49%, 0, 7, 4, 32.03
1570758382, 24, 3, 5, 0, 0, 0.49%, 0, 7, 4, 30.04
1570758387, 24, 4, 5, 0, 0, 0.49%, 0, 7, 4, 30.90
1570758397, 25, 0, 5, 0, 0, 0.49%, 0, 7, 4, 31.27
1570758407, 25, 1, 5, 0, 0, 0.49%, 0, 7, 4, 30.89
1570758417, 25, 2, 5, 0, 0, 0.49%, 0, 7, 4, 30.76
1570758422, 25, 3, 5, 0, 0, 0.49%, 0, 7, 4, 29.77
1570758433, 25, 4, 5, 0, 0, 0.49%, 0, 7, 4, 29.00
1570758438, 26, 0, 5, 0, 0, 0.49%, 0, 7, 4, 31.56
1570758448, 26, 1, 5, 0, 0, 0.49%, 0, 7, 4, 32.74
1570758458, 26, 2, 5, 0, 0, 0.49%, 0, 7, 4, 30.62
1570758468, 26, 3, 5, 0, 0, 0.49%, 0, 7, 4, 29.79
1570758474, 26, 4, 5, 0, 0, 0.49%, 0, 7, 4, 31.05
1570758484, 27, 0, 5, 0, 0, 0.49%, 0, 7, 4, 30.19
1570758489, 27, 1, 5, 0, 0, 0.49%, 0, 7, 4, 30.79
1570758499, 27, 2, 5, 0, 0, 0.49%, 0, 7, 4, 29.14
1570758504, 27, 3, 5, 0, 0, 0.49%, 0, 7, 4, 28.48
1570758514, 27, 4, 5, 0, 0, 0.49%, 0, 7, 4, 28.76
1570758525, 28, 0, 5, 0, 0, 0.49%, 0, 7, 4, 30.62
1570758530, 28, 1, 5, 0, 0, 0.49%, 0, 7, 4, 31.88
1570758540, 28, 2, 5, 0, 0, 0.49%, 0, 7, 4, 32.18
1570758550, 28, 3, 5, 0, 0, 0.49%, 0, 7, 4, 30.21
1570758555, 28, 4, 6, 1, 0, 0.63%, 0, 7, 5, 30.07
1570758570, 28, 5, 6, 1, 1, 0.63%, 0, 7, 5, 28.13
1570758576, 28, 5, 7, 2, 1, 0.64%, 0, 7, 6, 25.25
1570758606, 28, 5, 7, 2, 1, 0.64%, 0, 8, 6, 30.57
1570758694, 28, 5, 7, 2, 1, 0.64%, 0, 11, 6, 4.13
1570758699, 28, 5, 8, 3, 1, 0.64%, 0, 11, 6, 31.31
1570758745, 28, 5, 9, 4, 1, 0.64%, 0, 11, 6, 29.26
1570758791, 28, 5, 10, 5, 1, 0.68%, 0, 11, 6, 32.31
1570758806, 28, 5, 11, 6, 1, 0.68%, 0, 11, 6, 28.58
1570758852, 28, 5, 12, 7, 1, 0.70%, 0, 11, 6, 31.19
1570758883, 28, 5, 12, 7, 1, 0.70%, 0, 12, 6, 28.12
1570758899, 28, 5, 13, 8, 1, 0.70%, 0, 12, 6, 32.46
1570758909, 28, 6, 13, 7, 5, 0.70%, 0, 13, 6, 31.59
1570758914, 28, 6, 13, 7, 5, 0.70%, 0, 14, 6, 30.83
1570759006, 28, 6, 13, 7, 5, 0.70%, 0, 15, 6, 34.94
1570759058, 28, 6, 14, 8, 5, 0.70%, 0, 15, 7, 31.15
1570759078, 28, 9, 14, 7, 4, 0.70%, 0, 15, 7, 17.68
1570759094, 28, 9, 14, 7, 4, 0.70%, 0, 17, 7, 23.64
1570759156, 28, 9, 15, 8, 4, 0.70%, 0, 17, 7, 28.67
1570759217, 28, 9, 16, 9, 4, 0.70%, 0, 17, 7, 31.31
1570759273, 28, 9, 17, 10, 4, 0.71%, 0, 17, 7, 31.56
1570759289, 28, 9, 19, 12, 4, 0.72%, 0, 17, 7, 31.83
1570759294, 28, 9, 21, 14, 4, 0.72%, 0, 18, 7, 24.08
1570759309, 28, 9, 24, 17, 4, 0.73%, 0, 18, 7, 30.60
1570759345, 28, 9, 25, 18, 4, 0.73%, 0, 18, 7, 31.48
1570759493, 28, 10, 25, 17, 11, 0.73%, 0, 18, 7, 28.39
1570759514, 28, 10, 25, 17, 11, 0.73%, 0, 19, 7, 5.44
1570759611, 28, 10, 26, 18, 11, 0.73%, 0, 19, 7, 30.11
1570759631, 28, 10, 26, 18, 11, 0.73%, 0, 20, 7, 29.42
1570759713, 28, 10, 27, 19, 11, 0.73%, 0, 20, 7, 30.38
1570759729, 28, 11, 27, 18, 10, 0.73%, 0, 20, 7, 17.32
1570760772, 28, 12, 27, 17, 9, 0.73%, 0, 20, 7, 29.64
1570760778, 28, 12, 28, 18, 9, 0.74%, 0, 20, 7, 31.88
1570760946, 28, 12, 29, 19, 9, 0.74%, 0, 20, 7, 29.29
1570761018, 28, 12, 30, 20, 9, 0.74%, 0, 20, 7, 27.68
1570761038, 28, 12, 31, 21, 9, 0.74%, 0, 20, 7, 30.27
1570761043, 28, 16, 31, 20, 9, 0.74%, 0, 20, 7, 23.86
1570761355, 28, 17, 31, 19, 8, 0.74%, 0, 20, 7, 18.39
1570761371, 28, 17, 31, 19, 8, 0.74%, 0, 21, 7, 36.10
1570761755, 28, 18, 31, 18, 7, 0.74%, 0, 21, 7, 24.28
1570761770, 28, 18, 32, 19, 7, 0.75%, 0, 21, 8, 22.88
1570762063, 28, 18, 33, 20, 7, 0.75%, 0, 21, 8, 22.70
1570762220, 28, 18, 33, 20, 7, 0.75%, 0, 22, 8, 1.78
1570762225, 28, 19, 33, 19, 7, 0.75%, 0, 22, 8, 16.99
1570762604, 28, 19, 34, 20, 7, 0.75%, 0, 22, 8, 25.29
1570762609, 28, 20, 34, 19, 6, 0.75%, 0, 22, 8, 14.00
1570762999, 28, 21, 34, 18, 5, 0.75%, 0, 22, 8, 25.95
1570763045, 28, 21, 34, 18, 5, 0.75%, 0, 23, 8, 28.01
1570763204, 28, 21, 35, 19, 5, 0.75%, 0, 23, 8, 30.13
1570763209, 28, 22, 35, 18, 4, 0.75%, 0, 23, 8, 30.08
1570763250, 28, 22, 35, 18, 4, 0.75%, 0, 24, 8, 20.36
1570763393, 28, 22, 38, 21, 4, 0.75%, 0, 24, 8, 24.58
1570763398, 28, 22, 43, 26, 4, 0.75%, 0, 24, 8, 26.97
1570763403, 28, 22, 44, 27, 4, 0.77%, 0, 24, 8, 26.65
1570763419, 28, 22, 46, 29, 4, 0.77%, 0, 24, 8, 24.83
1570763424, 28, 23, 46, 28, 3, 0.77%, 0, 24, 8, 24.29
1570763470, 28, 23, 46, 28, 3, 0.77%, 0, 25, 8, 24.05
1570763613, 28, 23, 47, 29, 3, 0.78%, 0, 25, 8, 23.15
1570763618, 28, 23, 49, 31, 3, 0.78%, 0, 25, 8, 25.29
1570763634, 28, 31, 49, 30, 3, 0.78%, 0, 25, 8, 18.28
1570763649, 28, 31, 50, 31, 3, 0.78%, 0, 25, 9, 25.83
1570763710, 28, 31, 51, 32, 3, 0.78%, 0, 25, 9, 30.12
1570763772, 28, 31, 52, 33, 3, 0.78%, 0, 25, 9, 30.14
1570763864, 28, 31, 53, 34, 3, 0.78%, 0, 25, 9, 29.81
1570764115, 28, 43, 53, 33, 3, 0.78%, 0, 25, 9, 16.45
1570764192, 28, 43, 54, 34, 3, 0.78%, 0, 26, 9, 36.40
1570764403, 28, 43, 55, 35, 3, 0.78%, 0, 26, 9, 33.78
1570764684, 28, 49, 55, 34, 4, 0.78%, 0, 26, 9, 18.44
1570764761, 28, 49, 55, 34, 4, 0.78%, 0, 27, 9, 1.78
1570765172, 28, 51, 55, 33, 3, 0.78%, 0, 27, 9, 13.36
1570765249, 28, 51, 55, 33, 3, 0.78%, 0, 28, 9, 32.42
1570765679, 28, 53, 55, 32, 2, 0.78%, 0, 28, 9, 20.00
1570766288, 28, 54, 55, 31, 1, 0.78%, 0, 28, 9, 12.29
1570766370, 28, 54, 56, 32, 1, 0.79%, 0, 28, 10, 18.79
1570767500, 28, 55, 56, 31, 1, 0.79%, 0, 28, 10, 8.45
1570768712, 29, 2, 56, 30, 0, 0.79%, 0, 28, 10, 22.08
1570768722, 29, 3, 56, 30, 0, 0.79%, 0, 28, 10, 28.96
1570768733, 29, 6, 56, 30, 0, 0.79%, 0, 28, 10, 27.75
1570768768, 29, 6, 57, 31, 0, 0.79%, 0, 28, 10, 21.84
1570768773, 29, 10, 57, 31, 0, 0.79%, 0, 28, 10, 26.79
1570768814, 29, 11, 57, 31, 0, 0.79%, 0, 28, 10, 30.02
1570768865, 29, 12, 57, 31, 0, 0.79%, 0, 28, 10, 29.86
1570768901, 29, 16, 57, 31, 0, 0.79%, 0, 28, 10, 29.12
1570768942, 29, 17, 57, 31, 0, 0.79%, 0, 28, 10, 23.93
1570768993, 29, 19, 57, 31, 0, 0.79%, 0, 28, 10, 22.53
1570769049, 29, 20, 57, 31, 0, 0.79%, 0, 28, 10, 20.91
1570769100, 29, 21, 57, 31, 0, 0.79%, 0, 28, 10, 25.17
1570769146, 29, 22, 57, 31, 0, 0.79%, 0, 28, 10, 26.50
1570769188, 29, 23, 57, 31, 0, 0.79%, 0, 28, 10, 26.87
1570769238, 29, 26, 57, 31, 0, 0.79%, 0, 28, 10, 27.50
1570769478, 29, 29, 57, 30, 0, 0.79%, 0, 28, 10, 23.29
1570769864, 29, 31, 57, 29, 0, 0.79%, 0, 28, 10, 26.49
1570769935, 29, 35, 57, 29, 0, 0.79%, 0, 28, 10, 19.28
1570770437, 29, 38, 57, 28, 0, 0.79%, 0, 28, 10, 13.00
1570770950, 29, 45, 57, 27, 0, 0.79%, 0, 28, 10, 12.70
1570772790, 29, 46, 57, 26, 0, 0.79%, 0, 28, 10, 9.72
1570774657, 29, 49, 57, 25, 0, 0.79%, 0, 28, 10, 13.06
1570774759, 29, 51, 57, 25, 0, 0.79%, 0, 28, 10, 15.97
1570774857, 29, 53, 57, 25, 0, 0.79%, 0, 28, 10, 16.76
1570774964, 29, 54, 57, 25, 0, 0.79%, 0, 28, 10, 14.53
1570774969, 29, 54, 58, 26, 0, 0.79%, 0, 28, 10, 15.47
1570775118, 29, 55, 58, 26, 0, 0.79%, 0, 28, 10, 14.20
1570775220, 29, 57, 58, 26, 0, 0.79%, 0, 28, 10, 13.67
1570775671, 29, 57, 59, 27, 0, 0.79%, 0, 28, 11, 20.52
1570776662, 30, 2, 59, 26, 0, 0.79%, 0, 28, 11, 18.06
1570776673, 30, 3, 59, 26, 0, 0.79%, 0, 28, 11, 19.40
1570776688, 30, 4, 59, 26, 0, 0.79%, 0, 28, 11, 20.65
1570776703, 30, 6, 59, 26, 0, 0.79%, 0, 28, 11, 19.69
1570776764, 30, 8, 59, 26, 0, 0.79%, 0, 28, 11, 22.04
1570777061, 30, 10, 59, 25, 0, 0.79%, 0, 28, 11, 21.46
1570777122, 30, 11, 59, 25, 0, 0.79%, 0, 28, 11, 16.48
1570777184, 30, 12, 59, 25, 0, 0.79%, 0, 28, 11, 19.25
1570777240, 30, 15, 59, 25, 0, 0.79%, 0, 28, 11, 17.38
1570777562, 30, 16, 59, 24, 0, 0.79%, 0, 28, 11, 20.62
1570777623, 30, 17, 59, 24, 0, 0.79%, 0, 28, 11, 18.22
1570777690, 30, 20, 59, 24, 0, 0.79%, 0, 28, 11, 18.22
1570777761, 30, 21, 59, 24, 0, 0.79%, 0, 28, 11, 17.74
1570777823, 30, 22, 59, 24, 0, 0.79%, 0, 28, 11, 18.53
1570777889, 30, 23, 59, 24, 0, 0.79%, 0, 28, 11, 20.08
1570777950, 30, 27, 59, 24, 0, 0.79%, 0, 28, 11, 20.70
1570778252, 30, 28, 59, 23, 0, 0.79%, 0, 28, 11, 20.35
1570778712, 30, 29, 59, 22, 0, 0.79%, 0, 28, 11, 19.83
1570778774, 30, 30, 59, 22, 0, 0.79%, 0, 28, 11, 11.82
1570779398, 30, 32, 59, 21, 0, 0.79%, 0, 28, 11, 11.11
1570780052, 30, 35, 59, 20, 0, 0.79%, 0, 28, 11, 18.17
1570780160, 30, 39, 59, 20, 0, 0.79%, 0, 28, 11, 11.87
1570780834, 30, 44, 59, 19, 0, 0.79%, 0, 28, 11, 14.12
1570782930, 30, 49, 59, 18, 0, 0.79%, 0, 28, 11, 12.90
1570783033, 30, 51, 59, 18, 0, 0.79%, 0, 28, 11, 15.84
1570783134, 30, 53, 59, 18, 0, 0.79%, 0, 28, 11, 18.08
1570783232, 30, 54, 59, 18, 0, 0.79%, 0, 28, 11, 17.07
1570783340, 30, 55, 59, 18, 0, 0.79%, 0, 28, 11, 15.59
1570783411, 30, 55, 60, 19, 0, 0.79%, 0, 28, 11, 15.07
1570783458, 30, 56, 60, 19, 0, 0.79%, 0, 28, 11, 17.34
1570785413, 30, 58, 60, 18, 0, 0.79%, 0, 28, 11, 11.50
1570786826, 31, 2, 60, 17, 0, 0.79%, 0, 28, 11, 17.55
1570786841, 31, 3, 60, 17, 0, 0.79%, 0, 28, 11, 19.64
1570786857, 31, 6, 60, 17, 0, 0.79%, 0, 28, 11, 20.90
1570786914, 31, 10, 60, 17, 0, 0.79%, 0, 28, 11, 22.21
1570786970, 31, 11, 60, 17, 0, 0.79%, 0, 28, 11, 20.47
1570787031, 31, 12, 60, 17, 0, 0.79%, 0, 28, 11, 20.38
1570787082, 31, 14, 60, 17, 0, 0.79%, 0, 28, 11, 21.00
1570787551, 31, 16, 60, 16, 0, 0.79%, 0, 28, 11, 19.46
1570787613, 31, 17, 60, 16, 0, 0.79%, 0, 28, 11, 16.62
1570787674, 31, 19, 60, 16, 0, 0.79%, 0, 28, 11, 17.32
1570787736, 31, 20, 60, 16, 0, 0.79%, 0, 28, 11, 19.28
1570787803, 31, 21, 60, 16, 0, 0.79%, 0, 28, 11, 19.38
1570787863, 31, 22, 60, 16, 0, 0.79%, 0, 28, 11, 18.74
1570787925, 31, 23, 60, 16, 0, 0.79%, 0, 28, 11, 18.59
1570787991, 31, 27, 60, 16, 0, 0.79%, 0, 28, 11, 20.85
1570788048, 31, 29, 60, 16, 0, 0.79%, 0, 28, 11, 20.50
1570788104, 31, 35, 60, 16, 0, 0.79%, 0, 28, 11, 18.71
1570788211, 31, 37, 60, 16, 0, 0.79%, 0, 28, 11, 17.23
1570789573, 31, 41, 60, 15, 0, 0.79%, 0, 28, 11, 12.05
1570790235, 31, 48, 60, 14, 0, 0.79%, 0, 28, 11, 13.25
1570792342, 31, 49, 60, 13, 0, 0.79%, 0, 28, 11, 9.72
1570792445, 31, 51, 60, 13, 0, 0.79%, 0, 28, 11, 16.82
1570792552, 31, 53, 60, 13, 0, 0.79%, 0, 28, 11, 17.96
1570792648, 31, 54, 60, 13, 0, 0.79%, 0, 28, 11, 16.13
1570792761, 31, 55, 60, 13, 0, 0.79%, 0, 28, 11, 15.66
1570792879, 32, 2, 60, 13, 0, 0.79%, 0, 28, 11, 19.85
1570792889, 32, 3, 60, 13, 0, 0.79%, 0, 28, 11, 20.74
1570792905, 32, 6, 60, 13, 0, 0.79%, 0, 28, 11, 20.48
1570792961, 32, 8, 60, 13, 0, 0.79%, 0, 28, 11, 19.59
1570793022, 32, 10, 60, 13, 0, 0.79%, 0, 28, 11, 20.69
1570793063, 32, 10, 61, 14, 0, 0.79%, 0, 28, 11, 20.27
1570793084, 32, 23, 61, 14, 1, 0.79%, 0, 28, 11, 19.99
1570793150, 32, 58, 61, 14, 1, 0.79%, 0, 28, 11, 17.11
1570793227, 32, 60, 61, 14, 1, 0.79%, 0, 28, 11, 16.35
1570793278, 32, 60, 62, 15, 1, 0.80%, 0, 28, 11, 19.39
1570793381, 32, 61, 62, 14, 1, 0.80%, 0, 28, 11, 19.86
1570793386, 32, 61, 63, 15, 1, 0.81%, 0, 28, 11, 16.34
1570793590, 32, 62, 63, 14, 1, 0.81%, 0, 28, 11, 18.68
1570793595, 32, 62, 63, 14, 1, 0.81%, 0, 29, 11, 17.30
1570793688, 32, 62, 64, 15, 1, 0.82%, 0, 29, 11, 20.89
1570793888, 32, 62, 65, 16, 1, 0.83%, 0, 29, 11, 21.49
1570793893, 32, 63, 65, 15, 2, 0.83%, 0, 29, 11, 18.37
1570793918, 32, 63, 66, 16, 2, 0.84%, 0, 29, 11, 16.29
1570793939, 32, 63, 67, 17, 2, 0.84%, 0, 29, 11, 22.14
1570794000, 32, 63, 67, 17, 2, 0.84%, 0, 30, 11, 21.99
1570794134, 32, 64, 67, 16, 3, 0.84%, 0, 30, 11, 17.20
1570794139, 32, 64, 67, 16, 3, 0.84%, 0, 31, 11, 21.69
1570794155, 32, 64, 67, 16, 3, 0.84%, 0, 32, 11, 3.98
1570794160, 32, 64, 68, 17, 3, 0.84%, 0, 32, 11, 21.85
1570794236, 32, 64, 68, 17, 3, 0.84%, 0, 33, 11, 21.56
1570794349, 32, 64, 69, 18, 3, 0.86%, 0, 33, 11, 21.38
1570794507, 32, 64, 69, 18, 3, 0.86%, 0, 34, 11, 19.37
1570794517, 32, 65, 69, 17, 4, 0.86%, 0, 34, 11, 20.22
1570794553, 32, 65, 69, 17, 4, 0.86%, 0, 35, 11, 19.06
1570794732, 32, 66, 69, 16, 3, 0.86%, 0, 35, 11, 15.88
1570794845, 32, 66, 70, 17, 3, 0.86%, 0, 35, 12, 21.15
1570795060, 32, 67, 70, 16, 3, 0.86%, 0, 35, 12, 20.54
1570795066, 32, 67, 70, 16, 3, 0.86%, 0, 36, 12, 3.28
1570795203, 32, 67, 71, 17, 3, 0.86%, 0, 36, 12, 22.53
1570795254, 32, 67, 72, 18, 3, 0.86%, 0, 36, 12, 14.20
1570795670, 32, 68, 72, 17, 2, 0.86%, 0, 36, 12, 14.62
1570795675, 32, 68, 73, 18, 2, 0.86%, 0, 36, 12, 13.99
1570795680, 32, 68, 75, 20, 2, 0.88%, 0, 36, 12, 13.40
1570796187, 32, 68, 76, 21, 2, 0.88%, 0, 36, 12, 13.86
1570796244, 32, 68, 77, 22, 2, 0.88%, 0, 36, 12, 13.81
1570796474, 32, 69, 77, 21, 5, 0.88%, 0, 36, 12, 17.37
1570796480, 32, 69, 77, 21, 5, 0.88%, 0, 37, 12, 15.24
1570796858, 32, 70, 77, 20, 4, 0.88%, 0, 37, 12, 17.15
1570797225, 32, 72, 77, 19, 3, 0.88%, 0, 37, 12, 18.97
1570797528, 32, 73, 77, 18, 2, 0.88%, 0, 37, 12, 17.34
1570797871, 32, 74, 77, 17, 1, 0.88%, 0, 37, 12, 19.41
1570798194, 32, 76, 77, 16, 0, 0.88%, 0, 37, 12, 17.90
1570798204, 32, 76, 78, 17, 0, 0.88%, 0, 37, 13, 19.25
1570798589, 32, 76, 79, 18, 0, 0.88%, 0, 37, 13, 18.63
1570798773, 32, 77, 79, 17, 1, 0.88%, 0, 37, 13, 17.15
1570799177, 33, 2, 79, 16, 0, 0.88%, 0, 37, 13, 19.25
1570799193, 33, 3, 79, 16, 0, 0.88%, 0, 37, 13, 19.50
1570799208, 33, 6, 79, 16, 0, 0.88%, 0, 37, 13, 18.56
1570799269, 33, 7, 79, 16, 0, 0.88%, 0, 37, 13, 19.54
1570799546, 33, 10, 79, 15, 0, 0.88%, 0, 37, 13, 18.46
1570799561, 33, 10, 80, 16, 0, 0.88%, 0, 37, 13, 18.84
1570799628, 33, 11, 80, 16, 0, 0.88%, 0, 37, 13, 19.91
1570799694, 33, 12, 80, 16, 0, 0.88%, 0, 37, 13, 18.40
1570799725, 33, 12, 81, 17, 0, 0.89%, 0, 37, 13, 19.44
1570799761, 33, 43, 81, 17, 1, 0.89%, 0, 37, 13, 17.56
1570799873, 33, 80, 81, 17, 1, 0.89%, 0, 37, 13, 15.72
1570800241, 34, 2, 81, 16, 0, 0.89%, 0, 37, 13, 19.92
1570800257, 34, 3, 81, 16, 0, 0.89%, 0, 37, 13, 19.00
1570800272, 34, 6, 81, 16, 0, 0.89%, 0, 37, 13, 19.73
1570800333, 34, 10, 81, 16, 0, 0.89%, 0, 37, 13, 18.99
1570800394, 34, 11, 81, 16, 0, 0.89%, 0, 37, 13, 18.12
1570800461, 34, 12, 81, 16, 0, 0.89%, 0, 37, 13, 18.66
1570800522, 34, 14, 81, 16, 0, 0.89%, 0, 37, 13, 18.62
1570800584, 34, 16, 81, 16, 0, 0.89%, 0, 37, 13, 17.67
1570800645, 34, 17, 81, 16, 0, 0.89%, 0, 37, 13, 19.11
1570800716, 34, 20, 81, 16, 0, 0.89%, 0, 37, 13, 15.04
1570800793, 34, 21, 81, 16, 0, 0.89%, 0, 37, 13, 17.04
1570800854, 34, 22, 81, 16, 0, 0.89%, 0, 37, 13, 18.64
1570800915, 34, 23, 81, 16, 0, 0.89%, 0, 37, 13, 18.38
1570800972, 34, 25, 81, 16, 0, 0.89%, 0, 37, 13, 17.49
1570801411, 34, 27, 81, 15, 0, 0.89%, 0, 37, 13, 18.09
1570801472, 34, 36, 81, 15, 0, 0.89%, 0, 37, 13, 13.91
1570802533, 34, 41, 81, 14, 0, 0.89%, 0, 37, 13, 17.96
1570802641, 34, 49, 81, 14, 0, 0.89%, 0, 37, 13, 15.09
1570802753, 34, 51, 81, 14, 0, 0.89%, 0, 37, 13, 16.13
1570802866, 34, 53, 81, 14, 0, 0.89%, 0, 37, 13, 16.23
1570802974, 34, 54, 81, 14, 0, 0.89%, 0, 37, 13, 17.78
1570803072, 34, 54, 83, 16, 0, 0.89%, 0, 37, 13, 14.42
1570803092, 34, 55, 83, 16, 0, 0.89%, 0, 37, 13, 16.52
1570803199, 34, 60, 83, 16, 0, 0.89%, 0, 37, 13, 20.09
1570803261, 34, 61, 83, 16, 0, 0.89%, 0, 37, 13, 19.66
1570803348, 34, 64, 83, 16, 0, 0.89%, 0, 37, 13, 19.34
1570803440, 34, 65, 83, 16, 0, 0.89%, 0, 37, 13, 20.16
1570803532, 34, 66, 83, 16, 0, 0.89%, 0, 37, 13, 19.00
1570803629, 34, 67, 83, 16, 0, 0.89%, 0, 37, 13, 19.44
1570803716, 34, 68, 83, 16, 0, 0.89%, 0, 37, 13, 19.07
1570803808, 34, 69, 83, 16, 0, 0.89%, 0, 37, 13, 19.43
1570803895, 34, 70, 83, 16, 0, 0.89%, 0, 37, 13, 19.32
1570803987, 34, 72, 83, 16, 0, 0.89%, 0, 37, 13, 19.64
1570804043, 34, 73, 83, 16, 0, 0.89%, 0, 37, 13, 20.33
1570804079, 34, 73, 84, 17, 0, 0.89%, 0, 37, 13, 20.23
1570804115, 34, 83, 84, 17, 1, 0.89%, 0, 37, 13, 18.48
1570804448, 35, 2, 84, 16, 0, 0.89%, 0, 37, 13, 13.70
1570804463, 35, 3, 84, 16, 0, 0.89%, 0, 37, 13, 18.95
1570804479, 35, 6, 84, 16, 0, 0.89%, 0, 37, 13, 18.53
1570804494, 35, 6, 85, 17, 0, 0.89%, 0, 37, 13, 19.44
1570804499, 35, 7, 85, 17, 0, 0.89%, 0, 37, 13, 18.00
1570804565, 35, 10, 85, 17, 0, 0.89%, 0, 37, 13, 18.83
1570804581, 35, 11, 85, 17, 0, 0.89%, 0, 37, 13, 17.85
1570804652, 35, 12, 85, 17, 0, 0.89%, 0, 37, 13, 18.05
1570804713, 35, 13, 85, 17, 0, 0.89%, 0, 37, 13, 18.28
1570805026, 35, 16, 85, 16, 0, 0.89%, 0, 37, 13, 18.71
1570805087, 35, 17, 85, 16, 0, 0.89%, 0, 37, 13, 17.80
1570805149, 35, 20, 85, 16, 0, 0.89%, 0, 37, 13, 16.72
1570805220, 35, 21, 85, 16, 0, 0.89%, 0, 37, 13, 18.23
1570805287, 35, 22, 85, 16, 0, 0.89%, 0, 37, 13, 14.63
1570805354, 35, 23, 85, 16, 0, 0.89%, 0, 37, 13, 18.20
1570805425, 35, 25, 85, 16, 0, 0.89%, 0, 37, 13, 17.76
1570805486, 35, 27, 85, 16, 0, 0.89%, 0, 37, 13, 18.91
1570805552, 35, 29, 85, 16, 0, 0.89%, 0, 37, 13, 17.48
1570805614, 35, 34, 85, 16, 0, 0.89%, 0, 37, 13, 19.78
1570806580, 35, 40, 85, 15, 0, 0.89%, 0, 37, 13, 11.94
1570807552, 35, 41, 85, 14, 0, 0.89%, 0, 37, 13, 16.35
1570807665, 35, 47, 85, 14, 0, 0.89%, 0, 37, 13, 10.78
1570808609, 35, 49, 85, 13, 0, 0.89%, 0, 37, 13, 15.58
1570808710, 35, 50, 85, 13, 0, 0.89%, 0, 37, 13, 16.47
1570809472, 35, 51, 85, 12, 0, 0.89%, 0, 37, 13, 16.47
1570809584, 35, 53, 85, 12, 0, 0.89%, 0, 37, 13, 15.30
1570809697, 35, 54, 85, 12, 0, 0.89%, 0, 37, 13, 15.63
1570809809, 35, 55, 85, 12, 0, 0.89%, 0, 37, 13, 15.69
1570809927, 35, 56, 85, 12, 0, 0.89%, 0, 37, 13, 15.82
1570810009, 35, 60, 85, 12, 0, 0.89%, 0, 37, 13, 18.07
1570810075, 35, 61, 85, 12, 0, 0.89%, 0, 37, 13, 18.98
1570810177, 35, 64, 85, 12, 0, 0.89%, 0, 37, 13, 19.08
1570810274, 35, 65, 85, 12, 0, 0.89%, 0, 37, 13, 18.94
1570810371, 35, 66, 85, 12, 0, 0.89%, 0, 37, 13, 19.65
1570810463, 35, 67, 85, 12, 0, 0.89%, 0, 37, 13, 19.08
1570810555, 35, 68, 85, 12, 0, 0.89%, 0, 37, 13, 18.51
1570810632, 35, 69, 85, 12, 0, 0.89%, 0, 37, 13, 20.03
1570810729, 35, 70, 85, 12, 0, 0.89%, 0, 37, 13, 18.99
1570810822, 35, 71, 85, 12, 0, 0.89%, 0, 37, 13, 19.16
1570811227, 35, 72, 85, 11, 0, 0.89%, 0, 37, 13, 17.67
1570811299, 35, 73, 85, 11, 0, 0.89%, 0, 37, 13, 18.11
1570811365, 35, 74, 85, 11, 0, 0.89%, 0, 37, 13, 20.15
1570811432, 35, 77, 85, 11, 0, 0.89%, 0, 37, 13, 20.12
1570811494, 35, 79, 85, 11, 0, 0.89%, 0, 37, 13, 19.62
1570811872, 35, 80, 85, 10, 0, 0.89%, 0, 37, 13, 19.14
1570811919, 35, 81, 85, 10, 0, 0.89%, 0, 37, 13, 18.18
1570814235, 35, 83, 85, 9, 0, 0.89%, 0, 37, 13, 12.97
1570814328, 36, 0, 85, 9, 0, 0.89%, 0, 37, 13, 18.91
1570814343, 36, 2, 85, 9, 0, 0.89%, 0, 37, 13, 18.49
1570814358, 36, 3, 85, 9, 0, 0.89%, 0, 37, 13, 18.97
1570814374, 36, 6, 85, 9, 0, 0.89%, 0, 37, 13, 17.24
1570814394, 36, 7, 85, 9, 0, 0.89%, 0, 37, 13, 18.60
1570814455, 36, 10, 85, 9, 0, 0.89%, 0, 37, 13, 19.91
1570814476, 36, 11, 85, 9, 0, 0.89%, 0, 37, 13, 16.45
1570814496, 36, 12, 85, 9, 0, 0.89%, 0, 37, 13, 18.90
1570814511, 36, 16, 85, 9, 0, 0.89%, 0, 37, 13, 18.31
1570814578, 36, 17, 85, 9, 0, 0.89%, 0, 37, 13, 15.97
1570814650, 36, 18, 85, 9, 0, 0.89%, 0, 37, 13, 14.81
1570814717, 36, 20, 85, 9, 0, 0.89%, 0, 37, 13, 13.47
1570814788, 36, 21, 85, 9, 0, 0.89%, 0, 37, 13, 16.32
1570814855, 36, 22, 85, 9, 0, 0.89%, 0, 37, 13, 16.07
1570814916, 36, 23, 85, 9, 0, 0.89%, 0, 37, 13, 19.28
1570814937, 36, 25, 85, 9, 0, 0.89%, 0, 37, 13, 18.24
1570815003, 36, 27, 85, 9, 0, 0.89%, 0, 37, 13, 19.16
1570815064, 36, 29, 85, 9, 0, 0.89%, 0, 37, 13, 17.91
1570815131, 36, 41, 85, 9, 0, 0.89%, 0, 37, 13, 15.29
1570815238, 36, 49, 85, 9, 0, 0.89%, 0, 37, 13, 17.33
1570815340, 36, 51, 85, 9, 0, 0.89%, 0, 37, 13, 16.67
1570815452, 36, 52, 85, 9, 0, 0.89%, 0, 37, 13, 11.35
1570816188, 36, 53, 85, 8, 0, 0.89%, 0, 37, 13, 16.83
1570816296, 36, 54, 85, 8, 0, 0.89%, 0, 37, 13, 15.33
1570816413, 36, 55, 85, 8, 0, 0.89%, 0, 37, 13, 14.67
1570816536, 36, 60, 85, 8, 0, 0.89%, 0, 37, 13, 19.25
1570816598, 36, 61, 85, 8, 0, 0.89%, 0, 37, 13, 19.70
1570816695, 36, 64, 85, 8, 0, 0.89%, 0, 37, 13, 18.58
1570816788, 36, 65, 85, 8, 0, 0.89%, 0, 37, 13, 20.19
1570816885, 36, 66, 85, 8, 0, 0.89%, 0, 37, 13, 17.84
1570816971, 36, 67, 85, 8, 0, 0.89%, 0, 37, 13, 18.51
1570817068, 36, 68, 85, 8, 0, 0.89%, 0, 37, 13, 19.76
1570817160, 36, 69, 85, 8, 0, 0.89%, 0, 37, 13, 18.77
1570817237, 36, 69, 86, 9, 0, 0.89%, 0, 37, 13, 18.87
1570817252, 36, 70, 86, 9, 0, 0.89%, 0, 37, 13, 18.66
1570817350, 36, 72, 86, 9, 0, 0.89%, 0, 37, 13, 18.82
1570817380, 36, 72, 89, 12, 0, 0.89%, 0, 37, 13, 19.69
1570817421, 36, 73, 89, 12, 0, 0.89%, 0, 37, 13, 19.11
1570817492, 36, 74, 89, 12, 0, 0.89%, 0, 37, 13, 19.48
1570817559, 36, 77, 89, 12, 0, 0.89%, 0, 37, 13, 18.91
1570817646, 36, 80, 89, 12, 0, 0.89%, 0, 37, 13, 19.84
1570817693, 36, 80, 90, 13, 0, 0.90%, 0, 37, 13, 18.75
1570817698, 36, 89, 90, 13, 1, 0.90%, 0, 37, 13, 16.94
1570817713, 36, 89, 91, 14, 1, 0.90%, 0, 37, 13, 15.12
1570817968, 36, 89, 92, 15, 1, 0.90%, 0, 37, 13, 17.44
1570818255, 36, 91, 92, 14, 1, 0.90%, 0, 37, 13, 19.22
1570818383, 36, 91, 93, 15, 1, 0.90%, 0, 37, 13, 18.38
1570818761, 36, 92, 93, 14, 1, 0.90%, 0, 37, 13, 18.35
1570819031, 36, 92, 94, 15, 1, 0.91%, 0, 37, 13, 17.85
1570819266, 36, 93, 94, 14, 1, 0.91%, 0, 37, 13, 18.06
1570819277, 36, 93, 95, 15, 1, 0.91%, 0, 37, 13, 15.16
1570819389, 36, 93, 96, 16, 1, 0.92%, 0, 37, 13, 18.70
1570819768, 36, 94, 96, 15, 2, 0.92%, 0, 37, 13, 18.82
1570820274, 36, 95, 96, 14, 1, 0.92%, 0, 37, 13, 17.63
1570820780, 37, 2, 96, 13, 0, 0.92%, 0, 37, 13, 18.44
1570820795, 37, 3, 96, 13, 0, 0.92%, 0, 37, 13, 19.26
1570820811, 37, 6, 96, 13, 0, 0.92%, 0, 37, 13, 19.08
1570820831, 37, 10, 96, 13, 0, 0.92%, 0, 37, 13, 20.50
1570820846, 37, 11, 96, 13, 0, 0.92%, 0, 37, 13, 17.81
1570820866, 37, 12, 96, 13, 0, 0.92%, 0, 37, 13, 18.00
1570820887, 37, 16, 96, 13, 0, 0.92%, 0, 37, 13, 16.78
1570820903, 37, 17, 96, 13, 0, 0.92%, 0, 37, 13, 18.39
1570820928, 37, 20, 96, 13, 0, 0.92%, 0, 37, 13, 14.84
1570820949, 37, 21, 96, 13, 0, 0.92%, 0, 37, 13, 17.38
1570820969, 37, 22, 96, 13, 0, 0.92%, 0, 37, 13, 17.74
1570820989, 37, 23, 96, 13, 0, 0.92%, 0, 37, 13, 17.68
1570821010, 37, 25, 96, 13, 0, 0.92%, 0, 37, 13, 17.14
1570821076, 37, 27, 96, 13, 0, 0.92%, 0, 37, 13, 19.61
1570821137, 37, 28, 96, 13, 0, 0.92%, 0, 37, 13, 17.30
1570821204, 37, 29, 96, 13, 0, 0.92%, 0, 37, 13, 19.17
1570821265, 37, 41, 96, 13, 0, 0.92%, 0, 37, 13, 18.07
1570821383, 37, 47, 96, 13, 0, 0.92%, 0, 37, 13, 15.61
1570821495, 37, 49, 96, 13, 0, 0.92%, 0, 37, 13, 14.20
1570821521, 37, 51, 96, 13, 0, 0.92%, 0, 37, 13, 15.60
1570821547, 37, 53, 96, 13, 0, 0.92%, 0, 37, 13, 15.06
1570821577, 37, 54, 96, 13, 0, 0.92%, 0, 37, 13, 13.81
1570821602, 37, 55, 96, 13, 0, 0.92%, 0, 37, 13, 15.70
1570821633, 37, 56, 96, 13, 0, 0.92%, 0, 37, 13, 13.88
1570821715, 37, 60, 96, 13, 0, 0.92%, 0, 37, 13, 17.06
1570821776, 37, 61, 96, 13, 0, 0.92%, 0, 37, 13, 18.64
1570821868, 37, 64, 96, 13, 0, 0.92%, 0, 37, 13, 18.99
1570821960, 37, 65, 96, 13, 0, 0.92%, 0, 37, 13, 18.20
1570822052, 37, 66, 96, 13, 0, 0.92%, 0, 37, 13, 19.37
1570822149, 37, 67, 96, 13, 0, 0.92%, 0, 37, 13, 19.50
1570822241, 37, 68, 96, 13, 0, 0.92%, 0, 37, 13, 19.56
1570822333, 37, 69, 96, 13, 0, 0.92%, 0, 37, 13, 19.88
1570822425, 37, 70, 96, 13, 0, 0.92%, 0, 37, 13, 19.20
1570822517, 37, 72, 96, 13, 0, 0.92%, 0, 37, 13, 18.76
1570822584, 37, 73, 96, 13, 0, 0.92%, 0, 37, 13, 19.19
1570822656, 37, 74, 96, 13, 0, 0.92%, 0, 37, 13, 19.06
1570822722, 37, 77, 96, 13, 0, 0.92%, 0, 37, 13, 19.21
1570822809, 37, 78, 96, 13, 0, 0.92%, 0, 37, 13, 16.95
1570823433, 37, 80, 96, 12, 0, 0.92%, 0, 37, 13, 18.89
1570823499, 37, 83, 96, 12, 0, 0.92%, 0, 37, 13, 17.76
1570823596, 37, 87, 96, 12, 0, 0.92%, 0, 37, 13, 16.41
1570824241, 37, 88, 96, 11, 0, 0.92%, 0, 37, 13, 17.28
1570824957, 37, 88, 97, 12, 0, 0.92%, 0, 37, 14, 20.60
1570825127, 37, 88, 98, 13, 0, 0.92%, 0, 37, 14, 19.20
1570825199, 37, 89, 98, 12, 0, 0.92%, 0, 37, 14, 18.91
1570825286, 37, 90, 98, 12, 0, 0.92%, 0, 37, 14, 19.31
1570825796, 37, 91, 98, 11, 0, 0.92%, 0, 37, 14, 18.90
1570825868, 37, 92, 98, 11, 0, 0.92%, 0, 37, 14, 18.30
1570825940, 37, 93, 98, 11, 0, 0.92%, 0, 37, 14, 17.96
1570826006, 37, 94, 98, 11, 0, 0.92%, 0, 37, 14, 19.89
1570826073, 37, 95, 98, 11, 0, 0.92%, 0, 37, 14, 19.81
1570826145, 38, 2, 98, 11, 0, 0.92%, 0, 37, 14, 19.79
1570826155, 38, 3, 98, 11, 0, 0.92%, 0, 37, 14, 19.88
1570826170, 38, 6, 98, 11, 0, 0.92%, 0, 37, 14, 19.62
1570826191, 38, 10, 98, 11, 0, 0.92%, 0, 37, 14, 19.61
1570826206, 38, 11, 98, 11, 0, 0.92%, 0, 37, 14, 17.88
1570826226, 38, 12, 98, 11, 0, 0.92%, 0, 37, 14, 18.42
1570826247, 38, 15, 98, 11, 0, 0.92%, 0, 37, 14, 18.90
1570826307, 38, 16, 98, 11, 0, 0.92%, 0, 37, 14, 18.33
1570826328, 38, 17, 98, 11, 0, 0.92%, 0, 37, 14, 17.13
1570826348, 38, 20, 98, 11, 0, 0.92%, 0, 37, 14, 16.22
1570826369, 38, 21, 98, 11, 0, 0.92%, 0, 37, 14, 15.62
1570826389, 38, 22, 98, 11, 0, 0.92%, 0, 37, 14, 17.64
1570826410, 38, 23, 98, 11, 0, 0.92%, 0, 37, 14, 16.17
1570826430, 38, 25, 98, 11, 0, 0.92%, 0, 37, 14, 16.18
1570826497, 38, 27, 98, 11, 0, 0.92%, 0, 37, 14, 18.42
1570826563, 38, 33, 98, 11, 0, 0.92%, 0, 37, 14, 12.65
1570828694, 38, 49, 98, 10, 0, 0.92%, 0, 37, 14, 13.18
1570828719, 38, 51, 98, 10, 0, 0.92%, 0, 37, 14, 15.76
1570828750, 38, 53, 98, 10, 0, 0.92%, 0, 37, 14, 15.19
1570828776, 38, 54, 98, 10, 0, 0.92%, 0, 37, 14, 14.06
1570828806, 38, 55, 98, 10, 0, 0.92%, 0, 37, 14, 14.86
1570828837, 38, 60, 98, 10, 0, 0.92%, 0, 37, 14, 17.12
1570828903, 38, 61, 98, 10, 0, 0.92%, 0, 37, 14, 18.73
1570829000, 38, 64, 98, 10, 0, 0.92%, 0, 37, 14, 18.54
1570829093, 38, 65, 98, 10, 0, 0.92%, 0, 37, 14, 19.23
1570829185, 38, 66, 98, 10, 0, 0.92%, 0, 37, 14, 18.23
1570829276, 38, 67, 98, 10, 0, 0.92%, 0, 37, 14, 19.14
1570829368, 38, 68, 98, 10, 0, 0.92%, 0, 37, 14, 17.16
1570829460, 38, 69, 98, 10, 0, 0.92%, 0, 37, 14, 20.08
1570829552, 38, 70, 98, 10, 0, 0.92%, 0, 37, 14, 19.09
1570829649, 38, 72, 98, 10, 0, 0.92%, 0, 37, 14, 19.60
1570829711, 38, 73, 98, 10, 0, 0.92%, 0, 37, 14, 20.62
1570829777, 38, 74, 98, 10, 0, 0.92%, 0, 37, 14, 19.85
1570829844, 38, 77, 98, 10, 0, 0.92%, 0, 37, 14, 19.31
1570829941, 38, 80, 98, 10, 0, 0.92%, 0, 37, 14, 18.28
1570830002, 38, 83, 98, 10, 0, 0.92%, 0, 37, 14, 18.61
1570830099, 38, 86, 98, 10, 0, 0.92%, 0, 37, 14, 18.93
1570830646, 38, 89, 98, 9, 0, 0.92%, 0, 37, 14, 20.41
1570830737, 38, 91, 98, 9, 0, 0.92%, 0, 37, 14, 17.86
1570830804, 38, 92, 98, 9, 0, 0.92%, 0, 37, 14, 19.14
1570830876, 38, 93, 98, 9, 0, 0.92%, 0, 37, 14, 18.36
1570830942, 38, 94, 98, 9, 0, 0.92%, 0, 37, 14, 19.68
1570831009, 38, 95, 98, 9, 0, 0.92%, 0, 37, 14, 19.36
1570831080, 38, 96, 98, 9, 0, 0.92%, 0, 37, 14, 18.23
1570831847, 38, 96, 99, 10, 0, 0.92%, 0, 37, 15, 19.17
1570832251, 39, 2, 99, 9, 0, 0.92%, 0, 37, 15, 18.84
1570832271, 39, 3, 99, 9, 0, 0.92%, 0, 37, 15, 16.63
1570832286, 39, 6, 99, 9, 0, 0.92%, 0, 37, 15, 18.53
1570832301, 39, 10, 99, 9, 0, 0.92%, 0, 37, 15, 19.34
1570832321, 39, 11, 99, 9, 0, 0.92%, 0, 37, 15, 18.26
1570832342, 39, 12, 99, 9, 0, 0.92%, 0, 37, 15, 17.54
1570832362, 39, 16, 99, 9, 0, 0.92%, 0, 37, 15, 18.22
1570832383, 39, 17, 99, 9, 0, 0.92%, 0, 37, 15, 16.21
1570832403, 39, 19, 99, 9, 0, 0.92%, 0, 37, 15, 14.88
1570832474, 39, 20, 99, 9, 0, 0.92%, 0, 37, 15, 15.24
1570832495, 39, 21, 99, 9, 0, 0.92%, 0, 37, 15, 16.53
1570832516, 39, 22, 99, 9, 0, 0.92%, 0, 37, 15, 17.33
1570832536, 39, 23, 99, 9, 0, 0.92%, 0, 37, 15, 17.71
1570832556, 39, 25, 99, 9, 0, 0.92%, 0, 37, 15, 17.91
1570832617, 39, 27, 99, 9, 0, 0.92%, 0, 37, 15, 19.33
1570832638, 39, 33, 99, 9, 0, 0.92%, 0, 37, 15, 15.98
1570832750, 39, 44, 99, 9, 0, 0.92%, 0, 37, 15, 14.45
1570832872, 39, 46, 99, 9, 0, 0.92%, 0, 37, 15, 14.75
1570832986, 39, 49, 99, 9, 0, 0.92%, 0, 37, 15, 18.42
1570833011, 39, 51, 99, 9, 0, 0.92%, 0, 37, 15, 16.77
1570833042, 39, 52, 99, 9, 0, 0.92%, 0, 37, 15, 15.44
1570833149, 39, 53, 99, 9, 0, 0.92%, 0, 37, 15, 16.37
1570833175, 39, 54, 99, 9, 0, 0.92%, 0, 37, 15, 14.78
1570833206, 39, 55, 99, 9, 0, 0.92%, 0, 37, 15, 14.03
1570833231, 39, 60, 99, 9, 0, 0.92%, 0, 37, 15, 17.70
1570833298, 39, 61, 99, 9, 0, 0.92%, 0, 37, 15, 18.72
1570833390, 39, 64, 99, 9, 0, 0.92%, 0, 37, 15, 19.74
1570833482, 39, 65, 99, 9, 0, 0.92%, 0, 37, 15, 19.47
1570833579, 39, 66, 99, 9, 0, 0.92%, 0, 37, 15, 16.54
1570833671, 39, 67, 99, 9, 0, 0.92%, 0, 37, 15, 19.07
1570833758, 39, 68, 99, 9, 0, 0.92%, 0, 37, 15, 19.35
1570833850, 39, 69, 99, 9, 0, 0.92%, 0, 37, 15, 18.92
1570833943, 39, 70, 99, 9, 0, 0.92%, 0, 37, 15, 19.20
1570834034, 39, 72, 99, 9, 0, 0.92%, 0, 37, 15, 19.66
1570834101, 39, 73, 99, 9, 0, 0.92%, 0, 37, 15, 18.17
1570834152, 39, 73, 100, 10, 0, 0.92%, 0, 37, 15, 18.89
1570834172, 39, 74, 100, 10, 0, 0.92%, 0, 37, 15, 19.27
1570834244, 39, 77, 100, 10, 0, 0.92%, 0, 37, 15, 18.69
1570834337, 39, 80, 100, 10, 0, 0.92%, 0, 37, 15, 18.52
1570834398, 39, 83, 100, 10, 0, 0.92%, 0, 37, 15, 18.95
1570834490, 39, 84, 100, 10, 0, 0.92%, 0, 37, 15, 19.61
1570834873, 39, 89, 100, 9, 0, 0.92%, 0, 37, 15, 19.30
1570834965, 39, 91, 100, 9, 0, 0.92%, 0, 37, 15, 18.00
1570835037, 39, 92, 100, 9, 0, 0.92%, 0, 37, 15, 17.93
1570835103, 39, 93, 100, 9, 0, 0.92%, 0, 37, 15, 18.53
1570835174, 39, 94, 100, 9, 0, 0.92%, 0, 37, 15, 18.96
1570835246, 39, 95, 100, 9, 0, 0.92%, 0, 37, 15, 18.51
1570835318, 39, 97, 100, 9, 0, 0.92%, 0, 37, 15, 18.19
1570836398, 40, 2, 100, 8, 0, 0.92%, 0, 37, 15, 19.19
1570836408, 40, 3, 100, 8, 0, 0.92%, 0, 37, 15, 19.27
1570836429, 40, 6, 100, 8, 0, 0.92%, 0, 37, 15, 18.29
1570836444, 40, 10, 100, 8, 0, 0.92%, 0, 37, 15, 19.62
1570836459, 40, 11, 100, 8, 0, 0.92%, 0, 37, 15, 19.72
1570836480, 40, 12, 100, 8, 0, 0.92%, 0, 37, 15, 18.08
1570836500, 40, 16, 100, 8, 0, 0.92%, 0, 37, 15, 18.98
1570836520, 40, 17, 100, 8, 0, 0.92%, 0, 37, 15, 16.53
1570836536, 40, 20, 100, 8, 0, 0.92%, 0, 37, 15, 18.13
1570836556, 40, 21, 100, 8, 0, 0.92%, 0, 37, 15, 15.92
1570836577, 40, 22, 100, 8, 0, 0.92%, 0, 37, 15, 16.69
1570836597, 40, 23, 100, 8, 0, 0.92%, 0, 37, 15, 18.24
1570836613, 40, 24, 100, 8, 0, 0.92%, 0, 37, 15, 14.55
1570837420, 40, 25, 100, 7, 0, 0.92%, 0, 37, 15, 17.51
1570837486, 40, 27, 100, 7, 0, 0.92%, 0, 37, 15, 18.02
1570837506, 40, 31, 100, 7, 0, 0.92%, 0, 37, 15, 17.04
1570837614, 40, 33, 100, 7, 0, 0.92%, 0, 37, 15, 14.41
1570837732, 40, 41, 100, 7, 0, 0.92%, 0, 37, 15, 17.78
1570837844, 40, 49, 100, 7, 0, 0.92%, 0, 37, 15, 15.60
1570837874, 40, 51, 100, 7, 0, 0.92%, 0, 37, 15, 16.07
1570837900, 40, 53, 100, 7, 0, 0.92%, 0, 37, 15, 15.70
1570837926, 40, 54, 100, 7, 0, 0.92%, 0, 37, 15, 16.12
1570837956, 40, 55, 100, 7, 0, 0.92%, 0, 37, 15, 14.41
1570837982, 40, 60, 100, 7, 0, 0.92%, 0, 37, 15, 16.75
1570838043, 40, 61, 100, 7, 0, 0.92%, 0, 37, 15, 17.17
1570838135, 40, 64, 100, 7, 0, 0.92%, 0, 37, 15, 19.70
1570838217, 40, 65, 100, 7, 0, 0.92%, 0, 37, 15, 20.04
1570838314, 40, 66, 100, 7, 0, 0.92%, 0, 37, 15, 17.27
1570838406, 40, 67, 100, 7, 0, 0.92%, 0, 37, 15, 17.32
1570838493, 40, 68, 100, 7, 0, 0.92%, 0, 37, 15, 19.66
1570838585, 40, 69, 100, 7, 0, 0.92%, 0, 37, 15, 18.37
1570838677, 40, 70, 100, 7, 0, 0.92%, 0, 37, 15, 18.28
1570838765, 40, 72, 100, 7, 0, 0.92%, 0, 37, 15, 19.53
1570838837, 40, 73, 100, 7, 0, 0.92%, 0, 37, 15, 18.90
1570838908, 40, 74, 100, 7, 0, 0.92%, 0, 37, 15, 16.80
1570838984, 40, 77, 100, 7, 0, 0.92%, 0, 37, 15, 18.65
1570839077, 40, 80, 100, 7, 0, 0.92%, 0, 37, 15, 19.69
1570839138, 40, 83, 100, 7, 0, 0.92%, 0, 37, 15, 19.23
1570839235, 40, 89, 100, 7, 0, 0.92%, 0, 37, 15, 18.80
1570839327, 40, 91, 100, 7, 0, 0.92%, 0, 37, 15, 19.43
1570839394, 40, 92, 100, 7, 0, 0.92%, 0, 37, 15, 18.73
1570839466, 40, 93, 100, 7, 0, 0.92%, 0, 37, 15, 18.55
1570839537, 40, 94, 100, 7, 0, 0.92%, 0, 37, 15, 19.13
1570839604, 40, 95, 100, 7, 0, 0.92%, 0, 37, 15, 20.20
1570839671, 41, 2, 100, 7, 0, 0.92%, 0, 37, 15, 19.54
1570839686, 41, 3, 100, 7, 0, 0.92%, 0, 37, 15, 20.28
1570839701, 41, 6, 100, 7, 0, 0.92%, 0, 37, 15, 18.59
1570839722, 41, 8, 100, 7, 0, 0.92%, 0, 37, 15, 18.94
1570839783, 41, 10, 100, 7, 0, 0.92%, 0, 37, 15, 19.40
1570839798, 41, 11, 100, 7, 0, 0.92%, 0, 37, 15, 18.95
1570839819, 41, 12, 100, 7, 0, 0.92%, 0, 37, 15, 18.93
1570839839, 41, 16, 100, 7, 0, 0.92%, 0, 37, 15, 18.40
1570839855, 41, 17, 100, 7, 0, 0.92%, 0, 37, 15, 16.87
1570839880, 41, 20, 100, 7, 0, 0.92%, 0, 37, 15, 14.45
1570839901, 41, 21, 100, 7, 0, 0.92%, 0, 37, 15, 16.05
1570839916, 41, 22, 100, 7, 0, 0.92%, 0, 37, 15, 19.20
1570839937, 41, 23, 100, 7, 0, 0.92%, 0, 37, 15, 16.42
1570839957, 41, 25, 100, 7, 0, 0.92%, 0, 37, 15, 17.63
1570839977, 41, 27, 100, 7, 0, 0.92%, 0, 37, 15, 19.31
1570839992, 41, 33, 100, 7, 0, 0.92%, 0, 37, 15, 18.35
1570840111, 41, 49, 100, 7, 0, 0.92%, 0, 37, 15, 15.69
1570840137, 41, 51, 100, 7, 0, 0.92%, 0, 37, 15, 16.25
1570840167, 41, 53, 100, 7, 0, 0.92%, 0, 37, 15, 15.37
1570840193, 41, 54, 100, 7, 0, 0.92%, 0, 37, 15, 14.90
1570840223, 41, 55, 100, 7, 0, 0.92%, 0, 37, 15, 15.43
1570840254, 41, 60, 100, 7, 0, 0.92%, 0, 37, 15, 17.36
1570840274, 41, 61, 100, 7, 0, 0.92%, 0, 37, 15, 18.86
1570840295, 41, 63, 100, 7, 0, 0.92%, 0, 37, 15, 18.72
1570840393, 41, 64, 100, 7, 0, 0.92%, 0, 37, 15, 18.45
1570840413, 41, 65, 100, 7, 0, 0.92%, 0, 37, 15, 19.75
1570840434, 41, 66, 100, 7, 0, 0.92%, 0, 37, 15, 19.22
1570840459, 41, 67, 100, 7, 0, 0.92%, 0, 37, 15, 18.73
1570840480, 41, 68, 100, 7, 0, 0.92%, 0, 37, 15, 19.93
1570840506, 41, 69, 100, 7, 0, 0.92%, 0, 37, 15, 18.35
1570840526, 41, 70, 100, 7, 0, 0.92%, 0, 37, 15, 18.54
1570840552, 41, 72, 100, 7, 0, 0.92%, 0, 37, 15, 19.05
1570840568, 41, 73, 100, 7, 0, 0.92%, 0, 37, 15, 18.94
1570840588, 41, 74, 100, 7, 0, 0.92%, 0, 37, 15, 19.14
1570840660, 41, 75, 100, 7, 0, 0.92%, 0, 37, 15, 17.39
1570841203, 41, 77, 100, 6, 0, 0.92%, 0, 37, 15, 18.69
1570841285, 41, 78, 100, 6, 0, 0.92%, 0, 37, 15, 20.06
1570841382, 41, 80, 100, 6, 0, 0.92%, 0, 37, 15, 19.12
1570841444, 41, 83, 100, 6, 0, 0.92%, 0, 37, 15, 18.81
1570841541, 41, 89, 100, 6, 0, 0.92%, 0, 37, 15, 17.96
1570841633, 41, 91, 100, 6, 0, 0.92%, 0, 37, 15, 19.62
1570841700, 41, 92, 100, 6, 0, 0.92%, 0, 37, 15, 18.65
1570841766, 41, 93, 100, 6, 0, 0.92%, 0, 37, 15, 17.65
1570841838, 41, 94, 100, 6, 0, 0.92%, 0, 37, 15, 19.20
1570841909, 41, 95, 100, 6, 0, 0.92%, 0, 37, 15, 19.28
1570841976, 42, 2, 100, 6, 0, 0.92%, 0, 37, 15, 19.85
1570841991, 42, 3, 100, 6, 0, 0.92%, 0, 37, 15, 19.75
1570842007, 42, 6, 100, 6, 0, 0.92%, 0, 37, 15, 19.48
1570842027, 42, 10, 100, 6, 0, 0.92%, 0, 37, 15, 19.65
1570842042, 42, 11, 100, 6, 0, 0.92%, 0, 37, 15, 17.53
1570842063, 42, 12, 100, 6, 0, 0.92%, 0, 37, 15, 18.75
1570842083, 42, 16, 100, 6, 0, 0.92%, 0, 37, 15, 18.99
1570842099, 42, 17, 100, 6, 0, 0.92%, 0, 37, 15, 18.11
1570842124, 42, 20, 100, 6, 0, 0.92%, 0, 37, 15, 16.36
1570842144, 42, 21, 100, 6, 0, 0.92%, 0, 37, 15, 18.03
1570842165, 42, 22, 100, 6, 0, 0.92%, 0, 37, 15, 19.19
1570842180, 42, 23, 100, 6, 0, 0.92%, 0, 37, 15, 17.58
1570842201, 42, 25, 100, 6, 0, 0.92%, 0, 37, 15, 17.17
1570842221, 42, 27, 100, 6, 0, 0.92%, 0, 37, 15, 18.22
1570842242, 42, 33, 100, 6, 0, 0.92%, 0, 37, 15, 15.47
1570842359, 42, 37, 100, 6, 0, 0.92%, 0, 37, 15, 14.70
1570842472, 42, 42, 100, 6, 0, 0.92%, 0, 37, 15, 15.54
