# unix_time, cycles_done, cur_path, paths_total, pending_total, pending_favs, map_size, unique_crashes, unique_hangs, max_depth, execs_per_sec
1570675620, 0, 0, 2, 2, 1, 0.51%, 0, 0, 1, 60.84
1570675631, 0, 0, 3, 3, 1, 0.51%, 0, 0, 2, 62.89
1570675636, 0, 0, 3, 3, 1, 0.51%, 0, 1, 2, 62.72
1570675642, 0, 2, 3, 2, 1, 0.51%, 0, 2, 2, 1.88
1570675657, 1, 0, 3, 1, 0, 0.51%, 0, 2, 2, 58.74
1570675662, 1, 1, 3, 1, 0, 0.51%, 0, 2, 2, 62.18
1570675678, 1, 2, 4, 1, 0, 0.53%, 0, 2, 3, 59.88
1570675683, 1, 3, 4, 1, 1, 0.53%, 0, 2, 3, 61.51
1570675688, 1, 3, 5, 2, 1, 0.53%, 0, 2, 4, 62.65
1570675704, 1, 3, 5, 2, 1, 0.53%, 0, 3, 4, 9.84
1570675709, 1, 3, 5, 2, 1, 0.53%, 0, 4, 4, 59.04
1570675725, 1, 4, 5, 1, 1, 0.53%, 0, 6, 4, 62.82
1570675745, 1, 4, 5, 1, 1, 0.53%, 0, 7, 4, 62.63
1570675786, 2, 2, 5, 0, 0, 0.53%, 0, 7, 4, 62.19
1570675791, 2, 4, 5, 0, 0, 0.53%, 0, 7, 4, 60.28
1570675796, 3, 0, 5, 0, 0, 0.53%, 0, 7, 4, 60.85
1570675802, 3, 1, 5, 0, 0, 0.53%, 0, 7, 4, 61.68
1570675807, 3, 2, 5, 0, 0, 0.53%, 0, 7, 4, 59.81
1570675812, 3, 3, 5, 0, 0, 0.53%, 0, 7, 4, 60.14
1570675817, 3, 4, 5, 0, 0, 0.53%, 0, 7, 4, 58.80
1570675827, 4, 0, 5, 0, 0, 0.53%, 0, 7, 4, 61.64
1570675832, 4, 1, 5, 0, 0, 0.53%, 0, 7, 4, 61.73
1570675838, 4, 2, 5, 0, 0, 0.53%, 0, 7, 4, 60.90
1570675843, 4, 3, 5, 0, 0, 0.53%, 0, 7, 4, 62.27
1570675848, 4, 4, 5, 0, 0, 0.53%, 0, 7, 4, 60.60
1570675858, 5, 0, 5, 0, 0, 0.53%, 0, 7, 4, 57.92
1570675863, 5, 1, 5, 0, 0, 0.53%, 0, 7, 4, 62.04
1570675868, 5, 2, 5, 0, 0, 0.53%, 0, 7, 4, 61.66
1570675873, 5, 3, 5, 0, 0, 0.53%, 0, 7, 4, 60.86
1570675878, 5, 4, 5, 0, 0, 0.53%, 0, 7, 4, 58.54
1570675889, 6, 0, 5, 0, 0, 0.53%, 0, 7, 4, 60.18
1570675894, 6, 1, 5, 0, 0, 0.53%, 0, 7, 4, 61.22
1570675899, 6, 2, 5, 0, 0, 0.53%, 0, 7, 4, 61.32
1570675904, 6, 3, 5, 0, 0, 0.53%, 0, 7, 4, 60.64
1570675909, 6, 4, 5, 0, 0, 0.53%, 0, 7, 4, 61.63
1570675920, 7, 0, 5, 0, 0, 0.53%, 0, 7, 4, 60.42
1570675925, 7, 1, 5, 0, 0, 0.53%, 0, 7, 4, 62.60
1570675935, 7, 2, 5, 0, 0, 0.53%, 0, 7, 4, 62.24
1570675940, 7, 3, 5, 0, 0, 0.53%, 0, 7, 4, 61.46
1570675945, 7, 4, 5, 0, 0, 0.53%, 0, 7, 4, 58.19
1570675956, 8, 0, 5, 0, 0, 0.53%, 0, 7, 4, 61.86
1570675961, 8, 1, 5, 0, 0, 0.53%, 0, 7, 4, 62.76
1570675966, 8, 2, 5, 0, 0, 0.53%, 0, 7, 4, 62.08
1570675971, 8, 3, 5, 0, 0, 0.53%, 0, 7, 4, 59.89
1570675977, 8, 4, 5, 0, 0, 0.53%, 0, 8, 4, 1.88
1570675987, 9, 0, 5, 0, 0, 0.53%, 0, 8, 4, 61.80
1570675993, 9, 1, 5, 0, 0, 0.53%, 0, 8, 4, 60.56
1570675998, 9, 2, 5, 0, 0, 0.53%, 0, 8, 4, 62.54
1570676003, 9, 3, 5, 0, 0, 0.53%, 0, 8, 4, 62.00
1570676013, 9, 4, 5, 0, 0, 0.53%, 0, 8, 4, 59.39
1570676023, 10, 0, 5, 0, 0, 0.53%, 0, 8, 4, 61.74
1570676029, 10, 1, 5, 0, 0, 0.53%, 0, 8, 4, 62.63
1570676034, 10, 2, 5, 0, 0, 0.53%, 0, 8, 4, 61.33
1570676039, 10, 3, 5, 0, 0, 0.53%, 0, 8, 4, 58.11
1570676044, 10, 4, 5, 0, 0, 0.53%, 0, 8, 4, 59.60
1570676054, 11, 0, 5, 0, 0, 0.53%, 0, 8, 4, 60.84
1570676059, 11, 1, 5, 0, 0, 0.53%, 0, 8, 4, 60.87
1570676064, 11, 2, 5, 0, 0, 0.53%, 0, 8, 4, 62.71
1570676069, 11, 3, 5, 0, 0, 0.53%, 0, 8, 4, 60.35
1570676074, 11, 4, 5, 0, 0, 0.53%, 0, 8, 4, 60.94
1570676090, 12, 0, 5, 0, 0, 0.53%, 0, 8, 4, 61.96
1570676095, 12, 1, 5, 0, 0, 0.53%, 0, 8, 4, 62.58
1570676100, 12, 2, 5, 0, 0, 0.53%, 0, 8, 4, 59.35
1570676105, 12, 3, 5, 0, 0, 0.53%, 0, 8, 4, 61.11
1570676110, 12, 4, 5, 0, 0, 0.53%, 0, 8, 4, 59.63
1570676121, 13, 0, 5, 0, 0, 0.53%, 0, 8, 4, 60.08
1570676126, 13, 1, 5, 0, 0, 0.53%, 0, 8, 4, 62.25
1570676131, 13, 2, 5, 0, 0, 0.53%, 0, 8, 4, 61.46
1570676136, 13, 3, 5, 0, 0, 0.53%, 0, 8, 4, 61.13
1570676141, 13, 4, 5, 0, 0, 0.53%, 0, 8, 4, 60.70
1570676151, 14, 0, 5, 0, 0, 0.53%, 0, 8, 4, 60.25
1570676157, 14, 1, 5, 0, 0, 0.53%, 0, 8, 4, 62.52
1570676167, 14, 2, 5, 0, 0, 0.53%, 0, 8, 4, 58.24
1570676172, 14, 3, 5, 0, 0, 0.53%, 0, 8, 4, 59.52
1570676177, 14, 4, 5, 0, 0, 0.53%, 0, 8, 4, 59.17
1570676187, 15, 0, 5, 0, 0, 0.53%, 0, 8, 4, 62.18
1570676192, 15, 1, 5, 0, 0, 0.53%, 0, 8, 4, 61.54
1570676197, 15, 2, 5, 0, 0, 0.53%, 0, 8, 4, 61.71
1570676203, 15, 3, 5, 0, 0, 0.53%, 0, 8, 4, 60.50
1570676208, 15, 4, 5, 0, 0, 0.53%, 0, 8, 4, 56.41
1570676218, 16, 0, 5, 0, 0, 0.53%, 0, 8, 4, 59.92
1570676223, 16, 1, 5, 0, 0, 0.53%, 0, 8, 4, 62.01
1570676229, 16, 2, 5, 0, 0, 0.53%, 0, 8, 4, 61.91
1570676234, 16, 3, 5, 0, 0, 0.53%, 0, 8, 4, 61.23
1570676239, 16, 4, 5, 0, 0, 0.53%, 0, 8, 4, 61.22
1570676249, 17, 0, 5, 0, 0, 0.53%, 0, 8, 4, 59.74
1570676254, 17, 1, 5, 0, 0, 0.53%, 0, 8, 4, 59.86
1570676259, 17, 2, 5, 0, 0, 0.53%, 0, 8, 4, 61.68
1570676264, 17, 3, 5, 0, 0, 0.53%, 0, 8, 4, 62.36
1570676270, 17, 4, 5, 0, 0, 0.53%, 0, 8, 4, 60.32
1570676275, 17, 4, 5, 0, 0, 0.53%, 0, 9, 4, 60.97
1570676280, 18, 0, 5, 0, 0, 0.53%, 0, 9, 4, 58.68
1570676285, 18, 1, 5, 0, 0, 0.53%, 0, 9, 4, 61.45
1570676295, 18, 3, 5, 0, 0, 0.53%, 0, 9, 4, 61.04
1570676305, 18, 4, 5, 0, 0, 0.53%, 0, 9, 4, 60.64
1570676316, 19, 0, 5, 0, 0, 0.53%, 0, 9, 4, 61.32
1570676321, 19, 1, 5, 0, 0, 0.53%, 0, 9, 4, 62.71
1570676326, 19, 2, 5, 0, 0, 0.53%, 0, 9, 4, 61.46
1570676331, 19, 3, 5, 0, 0, 0.53%, 0, 9, 4, 60.98
1570676336, 19, 4, 5, 0, 0, 0.53%, 0, 9, 4, 56.82
1570676346, 20, 0, 5, 0, 0, 0.53%, 0, 9, 4, 61.23
1570676352, 20, 1, 5, 0, 0, 0.53%, 0, 9, 4, 62.58
1570676357, 20, 2, 5, 0, 0, 0.53%, 0, 9, 4, 59.72
1570676362, 20, 3, 5, 0, 0, 0.53%, 0, 9, 4, 60.93
1570676367, 20, 4, 5, 0, 0, 0.53%, 0, 9, 4, 58.11
1570676377, 21, 0, 5, 0, 0, 0.53%, 0, 9, 4, 61.83
1570676382, 21, 1, 5, 0, 0, 0.53%, 0, 9, 4, 62.28
1570676387, 21, 2, 5, 0, 0, 0.53%, 0, 9, 4, 61.59
1570676393, 21, 3, 5, 0, 0, 0.53%, 0, 10, 4, 6.13
1570676398, 21, 4, 5, 0, 0, 0.53%, 0, 10, 4, 55.50
1570676404, 21, 4, 6, 1, 0, 0.71%, 0, 10, 5, 58.64
1570676409, 21, 4, 8, 3, 0, 0.74%, 0, 11, 5, 48.49
1570676414, 21, 4, 11, 6, 0, 0.74%, 0, 11, 5, 45.69
1570676419, 21, 4, 12, 7, 0, 0.74%, 0, 11, 5, 46.32
1570676424, 21, 4, 13, 8, 0, 0.75%, 0, 11, 5, 52.82
1570676429, 21, 4, 15, 10, 0, 0.76%, 0, 11, 5, 44.92
1570676435, 21, 4, 15, 10, 0, 0.76%, 0, 14, 5, 6.85
1570676440, 21, 7, 15, 10, 7, 0.76%, 0, 14, 5, 31.46
1570676445, 21, 7, 15, 10, 7, 0.76%, 0, 15, 5, 39.80
1570676475, 21, 7, 16, 11, 7, 0.76%, 0, 15, 6, 60.34
1570676501, 21, 7, 18, 13, 7, 0.76%, 0, 15, 6, 61.38
1570676506, 21, 7, 18, 13, 7, 0.76%, 0, 16, 6, 62.57
1570676532, 21, 7, 19, 14, 7, 0.76%, 0, 16, 6, 62.38
1570676542, 21, 7, 21, 16, 7, 0.76%, 0, 17, 6, 34.46
1570676547, 21, 7, 24, 19, 7, 0.77%, 0, 17, 6, 56.94
1570676563, 21, 7, 25, 20, 7, 0.77%, 0, 17, 6, 59.76
1570676619, 21, 7, 26, 21, 7, 0.77%, 0, 17, 6, 41.98
1570676696, 21, 7, 26, 21, 7, 0.77%, 0, 18, 6, 30.75
1570676813, 21, 9, 26, 20, 13, 0.77%, 0, 18, 6, 46.55
1570676849, 21, 9, 26, 20, 13, 0.77%, 0, 19, 6, 55.60
1570676859, 21, 9, 27, 21, 13, 0.77%, 0, 19, 6, 56.87
1570676864, 21, 9, 29, 23, 13, 0.79%, 0, 19, 6, 56.07
1570676931, 21, 9, 30, 24, 13, 0.79%, 0, 19, 6, 52.68
1570676982, 21, 9, 31, 25, 13, 0.79%, 0, 19, 6, 54.81
1570677192, 21, 11, 31, 24, 12, 0.79%, 0, 19, 6, 39.57
1570677393, 21, 11, 32, 25, 12, 0.81%, 0, 19, 6, 39.86
1570677556, 21, 11, 33, 26, 12, 0.81%, 0, 19, 6, 33.27
1570677561, 21, 11, 34, 27, 12, 0.81%, 0, 19, 6, 29.70
1570677596, 21, 12, 34, 26, 13, 0.81%, 0, 19, 6, 50.78
1570677889, 21, 13, 34, 25, 12, 0.81%, 0, 19, 6, 46.26
1570678192, 21, 14, 34, 24, 11, 0.81%, 0, 19, 6, 45.78
1570678470, 21, 14, 35, 25, 11, 0.81%, 0, 19, 6, 50.86
1570678639, 21, 14, 35, 25, 11, 0.81%, 0, 20, 6, 49.81
1570678655, 21, 14, 36, 26, 11, 0.81%, 0, 20, 6, 56.58
1570678670, 21, 14, 37, 27, 11, 0.81%, 0, 20, 6, 49.96
1570678690, 21, 14, 37, 27, 11, 0.81%, 0, 21, 6, 60.24
1570678695, 21, 18, 37, 26, 9, 0.81%, 0, 21, 6, 56.32
1570678941, 21, 18, 39, 28, 9, 0.81%, 0, 21, 7, 57.98
1570678946, 21, 18, 41, 30, 9, 0.81%, 0, 21, 7, 57.19
1570678951, 21, 18, 42, 31, 9, 0.81%, 0, 21, 7, 55.80
1570678956, 21, 19, 42, 30, 9, 0.81%, 0, 21, 7, 38.55
1570679244, 21, 21, 42, 29, 8, 0.81%, 0, 21, 7, 49.32
1570679270, 21, 21, 42, 29, 8, 0.81%, 0, 22, 7, 5.69
1570679407, 21, 22, 42, 28, 7, 0.81%, 0, 22, 7, 55.96
1570679448, 21, 22, 42, 28, 7, 0.81%, 0, 23, 7, 63.06
1570679561, 21, 22, 44, 30, 7, 0.81%, 0, 23, 7, 49.39
1570679596, 21, 23, 44, 29, 8, 0.81%, 0, 23, 7, 51.44
1570679632, 21, 23, 44, 29, 8, 0.81%, 0, 24, 7, 45.97
1570679754, 21, 23, 49, 34, 8, 0.83%, 0, 25, 7, 3.66
1570679759, 21, 23, 50, 35, 8, 0.83%, 0, 26, 7, 34.57
1570679785, 21, 26, 51, 35, 7, 0.83%, 0, 26, 7, 50.08
1570679990, 21, 27, 51, 34, 7, 0.83%, 0, 26, 7, 36.45
1570680015, 21, 27, 51, 34, 7, 0.83%, 0, 27, 7, 63.23
1570680113, 21, 27, 52, 35, 7, 0.84%, 0, 27, 7, 59.87
1570680329, 21, 27, 52, 35, 7, 0.84%, 0, 28, 7, 50.05
1570680339, 21, 27, 53, 36, 7, 0.84%, 0, 28, 7, 62.43
1570680533, 21, 29, 53, 35, 8, 0.84%, 0, 29, 7, 61.87
1570680702, 21, 42, 53, 34, 7, 0.84%, 0, 29, 7, 58.73
1570680825, 21, 42, 54, 35, 7, 0.85%, 0, 29, 8, 50.73
1570680830, 21, 43, 54, 34, 6, 0.85%, 0, 29, 8, 54.20
1570681364, 21, 48, 54, 33, 5, 0.85%, 0, 29, 8, 27.29
1570681379, 21, 48, 56, 35, 5, 0.85%, 0, 29, 8, 60.34
1570681405, 21, 48, 57, 36, 5, 0.85%, 0, 29, 8, 60.65
1570681415, 21, 48, 58, 37, 5, 0.85%, 0, 29, 8, 62.40
1570681440, 21, 48, 59, 38, 5, 0.86%, 0, 29, 8, 61.48
1570681616, 21, 48, 59, 38, 5, 0.86%, 0, 30, 8, 43.85
1570681647, 21, 48, 59, 38, 5, 0.86%, 0, 32, 8, 37.31
1570681764, 21, 50, 59, 37, 6, 0.86%, 0, 32, 8, 55.36
1570681882, 21, 50, 60, 38, 6, 0.86%, 0, 32, 8, 56.15
1570681995, 21, 51, 61, 38, 5, 0.86%, 0, 32, 8, 50.56
1570682102, 21, 51, 62, 39, 5, 0.86%, 0, 32, 8, 41.72
1570682133, 21, 52, 62, 38, 5, 0.86%, 0, 32, 8, 36.24
1570682667, 21, 53, 62, 37, 4, 0.86%, 0, 32, 8, 20.20
1570682672, 21, 53, 62, 37, 4, 0.86%, 0, 33, 8, 63.24
1570682786, 21, 53, 63, 38, 4, 0.86%, 0, 33, 9, 62.75
1570683042, 21, 55, 63, 37, 4, 0.86%, 0, 33, 9, 25.99
1570683082, 21, 55, 63, 37, 4, 0.86%, 0, 34, 9, 62.43
1570683454, 21, 55, 64, 38, 4, 0.86%, 0, 34, 9, 53.29
1570683505, 21, 58, 64, 37, 3, 0.86%, 0, 34, 9, 28.02
1570683510, 21, 58, 64, 37, 3, 0.86%, 0, 35, 9, 63.32
1570683869, 21, 60, 64, 36, 2, 0.86%, 0, 35, 9, 44.10
1570683951, 21, 60, 65, 37, 2, 0.87%, 0, 35, 9, 59.99
1570684008, 21, 60, 65, 37, 2, 0.87%, 0, 36, 9, 11.19
1570684166, 21, 62, 65, 36, 2, 0.87%, 0, 36, 9, 42.53
1570684206, 21, 62, 66, 37, 2, 0.88%, 0, 36, 10, 61.48
1570684547, 21, 64, 66, 36, 2, 0.88%, 0, 36, 10, 46.31
1570684552, 21, 64, 67, 37, 2, 0.89%, 0, 36, 10, 56.35
1570684567, 21, 64, 67, 37, 2, 0.89%, 0, 37, 10, 62.54
1570684613, 21, 64, 68, 38, 2, 0.89%, 0, 37, 10, 56.42
1570684618, 21, 64, 68, 38, 2, 0.89%, 1, 37, 10, 57.92
1570684644, 21, 64, 69, 39, 2, 0.90%, 1, 37, 10, 58.39
1570684659, 21, 64, 69, 39, 2, 0.90%, 1, 38, 10, 50.59
1570684813, 21, 64, 70, 40, 2, 0.91%, 1, 39, 10, 59.42
1570684869, 21, 64, 72, 42, 2, 0.92%, 1, 39, 10, 56.96
1570684874, 21, 65, 72, 41, 6, 0.92%, 1, 39, 10, 30.52
1570685042, 21, 65, 73, 42, 6, 0.92%, 1, 39, 11, 38.06
1570685395, 21, 66, 73, 41, 5, 0.92%, 1, 39, 11, 34.44
1570685400, 21, 66, 75, 43, 5, 0.92%, 1, 39, 11, 36.51
1570685487, 21, 66, 76, 44, 5, 0.92%, 1, 39, 11, 51.39
1570685512, 21, 66, 77, 45, 5, 0.92%, 1, 39, 11, 51.09
1570685756, 21, 68, 77, 44, 7, 0.92%, 1, 40, 11, 5.08
1570685975, 21, 68, 77, 44, 7, 0.92%, 2, 40, 11, 44.89
1570686021, 21, 68, 78, 45, 7, 0.92%, 2, 40, 11, 41.51
1570686031, 21, 69, 78, 44, 6, 0.92%, 2, 40, 11, 23.38
1570686204, 21, 69, 79, 45, 6, 0.92%, 2, 40, 11, 36.77
1570686623, 21, 70, 79, 44, 6, 0.92%, 2, 40, 11, 28.95
1570687075, 21, 71, 79, 43, 5, 0.92%, 2, 41, 11, 26.51
1570687485, 21, 73, 79, 42, 4, 0.92%, 2, 41, 11, 29.25
1570687872, 21, 74, 79, 41, 3, 0.92%, 2, 41, 11, 28.52
1570688204, 21, 74, 80, 42, 3, 0.93%, 2, 41, 12, 31.80
1570688265, 21, 75, 80, 41, 3, 0.93%, 2, 41, 12, 28.64
1570688439, 21, 75, 81, 42, 3, 0.93%, 2, 41, 12, 32.96
1570688673, 21, 75, 82, 43, 3, 0.93%, 2, 41, 12, 30.66
1570688806, 21, 75, 83, 44, 3, 0.93%, 2, 41, 12, 30.44
1570688904, 21, 78, 83, 43, 2, 0.93%, 2, 41, 12, 31.71
1570689251, 21, 79, 83, 42, 1, 0.93%, 2, 41, 12, 21.35
1570689466, 21, 79, 84, 43, 1, 0.93%, 2, 41, 13, 32.23
1570689563, 21, 79, 85, 44, 1, 0.93%, 2, 41, 13, 31.06
1570689940, 21, 84, 85, 43, 0, 0.93%, 2, 41, 13, 21.75
1570690176, 21, 84, 86, 44, 0, 0.93%, 2, 41, 14, 30.38
1570690456, 21, 84, 87, 45, 0, 0.93%, 2, 41, 14, 28.71
1570690702, 22, 3, 87, 44, 0, 0.93%, 2, 41, 14, 30.72
1570690712, 22, 5, 87, 44, 0, 0.93%, 2, 41, 14, 27.13
1570691225, 22, 6, 87, 43, 0, 0.93%, 2, 41, 14, 23.78
1570691696, 22, 8, 87, 42, 0, 0.93%, 2, 41, 14, 25.01
1570692206, 22, 9, 87, 41, 0, 0.93%, 2, 41, 14, 32.45
1570692299, 22, 11, 87, 41, 0, 0.93%, 2, 41, 14, 33.59
1570692406, 22, 12, 87, 41, 0, 0.93%, 2, 41, 14, 25.22
1570692508, 22, 13, 87, 41, 0, 0.93%, 2, 41, 14, 28.37
1570692610, 22, 14, 87, 41, 0, 0.93%, 2, 41, 14, 28.42
1570692713, 22, 18, 87, 41, 0, 0.93%, 2, 41, 14, 29.12
1570692779, 22, 18, 88, 42, 0, 0.93%, 2, 41, 14, 30.06
1570692815, 22, 19, 88, 42, 0, 0.93%, 2, 41, 14, 28.19
1570692922, 22, 21, 88, 42, 0, 0.93%, 2, 41, 14, 29.46
1570693014, 22, 22, 88, 42, 0, 0.93%, 2, 41, 14, 31.83
1570693097, 22, 23, 88, 42, 0, 0.93%, 2, 41, 14, 30.46
1570693199, 22, 24, 88, 42, 0, 0.93%, 2, 41, 14, 28.76
1570693521, 22, 26, 88, 41, 0, 0.93%, 2, 41, 14, 27.81
1570693624, 22, 27, 88, 41, 0, 0.93%, 2, 41, 14, 27.88
1570693752, 22, 28, 88, 41, 0, 0.93%, 2, 41, 14, 26.44
1570694121, 22, 29, 88, 40, 0, 0.93%, 2, 41, 14, 28.57
1570694228, 22, 31, 88, 40, 0, 0.93%, 2, 41, 14, 24.13
1570695278, 22, 35, 88, 39, 0, 0.93%, 2, 41, 14, 22.64
1570695319, 22, 35, 89, 40, 0, 0.93%, 2, 41, 14, 29.29
1570696717, 22, 40, 89, 39, 0, 0.93%, 2, 41, 14, 23.52
1570697431, 22, 42, 89, 38, 0, 0.93%, 2, 41, 14, 27.22
1570697548, 22, 43, 89, 38, 0, 0.93%, 2, 41, 14, 23.55
1570697680, 22, 44, 89, 38, 0, 0.93%, 2, 41, 14, 22.43
1570698472, 22, 45, 89, 37, 0, 0.93%, 2, 41, 14, 19.79
1570699562, 22, 48, 89, 36, 0, 0.93%, 2, 41, 14, 24.18
1570699679, 22, 50, 89, 36, 0, 0.93%, 2, 41, 14, 25.12
1570699760, 22, 50, 90, 37, 0, 0.94%, 2, 41, 14, 24.68
1570699801, 22, 83, 90, 37, 1, 0.94%, 2, 41, 14, 24.32
1570700249, 22, 89, 90, 36, 1, 0.94%, 2, 41, 14, 25.14
1570700652, 23, 3, 90, 35, 0, 0.94%, 2, 41, 14, 25.65
1570700667, 23, 9, 90, 35, 0, 0.94%, 2, 41, 14, 26.33
1570700785, 23, 10, 90, 35, 0, 0.94%, 2, 41, 14, 19.87
1570701285, 23, 11, 90, 34, 0, 0.94%, 2, 41, 14, 24.30
1570701407, 23, 12, 90, 34, 0, 0.94%, 2, 41, 14, 23.41
1570701530, 23, 13, 90, 34, 0, 0.94%, 2, 41, 14, 23.82
1570701658, 23, 14, 90, 34, 0, 0.94%, 2, 41, 14, 22.44
1570701775, 23, 16, 90, 34, 0, 0.94%, 2, 41, 14, 22.81
1570702418, 23, 17, 90, 33, 0, 0.94%, 2, 41, 14, 25.69
1570702947, 23, 18, 90, 32, 0, 0.94%, 2, 41, 14, 26.81
1570703060, 23, 19, 90, 32, 0, 0.94%, 2, 41, 14, 25.80
1570703167, 23, 21, 90, 32, 0, 0.94%, 2, 41, 14, 23.33
