# unix_time, cycles_done, cur_path, paths_total, pending_total, pending_favs, map_size, unique_crashes, unique_hangs, max_depth, execs_per_sec
1570685915, 0, 0, 2, 2, 1, 0.52%, 0, 0, 1, 45.33
1570685925, 0, 0, 3, 3, 1, 0.53%, 0, 0, 2, 47.03
1570685931, 0, 0, 4, 4, 1, 0.55%, 0, 1, 2, 8.72
1570685941, 0, 2, 4, 3, 2, 0.55%, 0, 2, 2, 2.71
1570685956, 0, 3, 4, 2, 1, 0.55%, 0, 2, 2, 45.36
1570685992, 1, 1, 4, 1, 0, 0.55%, 0, 3, 2, 46.79
1570686008, 1, 3, 4, 0, 0, 0.55%, 0, 4, 2, 2.71
1570686013, 2, 0, 4, 0, 0, 0.55%, 0, 4, 2, 46.37
1570686018, 2, 1, 4, 0, 0, 0.55%, 0, 4, 2, 46.43
1570686023, 2, 2, 4, 0, 0, 0.55%, 0, 4, 2, 41.43
1570686028, 2, 3, 4, 0, 0, 0.55%, 0, 4, 2, 40.81
1570686033, 3, 0, 4, 0, 0, 0.55%, 0, 4, 2, 43.13
1570686038, 3, 1, 4, 0, 0, 0.55%, 0, 4, 2, 40.56
1570686048, 3, 2, 4, 0, 0, 0.55%, 0, 4, 2, 42.41
1570686053, 3, 3, 4, 0, 0, 0.55%, 0, 4, 2, 39.92
1570686059, 4, 0, 4, 0, 0, 0.55%, 0, 4, 2, 41.11
1570686064, 4, 1, 4, 0, 0, 0.55%, 0, 4, 2, 40.98
1570686069, 4, 2, 4, 0, 0, 0.55%, 0, 4, 2, 42.12
1570686074, 4, 3, 4, 0, 0, 0.55%, 0, 4, 2, 41.46
1570686084, 5, 0, 4, 0, 0, 0.55%, 0, 4, 2, 42.01
1570686089, 5, 1, 4, 0, 0, 0.55%, 0, 4, 2, 41.09
1570686094, 5, 2, 4, 0, 0, 0.55%, 0, 4, 2, 43.81
1570686099, 5, 3, 5, 1, 0, 0.55%, 0, 4, 3, 40.63
1570686109, 5, 4, 5, 1, 1, 0.55%, 0, 7, 3, 6.03
1570686181, 6, 0, 5, 0, 0, 0.55%, 0, 7, 3, 38.57
1570686186, 6, 1, 5, 0, 0, 0.55%, 0, 7, 3, 37.07
1570686191, 6, 2, 5, 0, 0, 0.55%, 0, 7, 3, 37.84
1570686201, 6, 3, 5, 0, 0, 0.55%, 0, 7, 3, 36.93
1570686206, 6, 4, 5, 0, 0, 0.55%, 0, 7, 3, 36.56
1570686216, 7, 0, 5, 0, 0, 0.55%, 0, 7, 3, 37.36
1570686221, 7, 1, 5, 0, 0, 0.55%, 0, 7, 3, 38.03
1570686232, 7, 2, 5, 0, 0, 0.55%, 0, 7, 3, 35.91
1570686237, 7, 3, 5, 0, 0, 0.55%, 0, 7, 3, 35.61
1570686247, 7, 4, 5, 0, 0, 0.55%, 0, 7, 3, 33.03
1570686252, 8, 0, 5, 0, 0, 0.55%, 0, 7, 3, 32.04
1570686263, 8, 1, 5, 0, 0, 0.55%, 0, 7, 3, 34.78
1570686268, 8, 2, 5, 0, 0, 0.55%, 0, 7, 3, 35.09
1570686278, 8, 3, 5, 0, 0, 0.55%, 0, 7, 3, 34.33
1570686283, 8, 4, 5, 0, 0, 0.55%, 0, 7, 3, 33.76
1570686294, 9, 0, 5, 0, 0, 0.55%, 0, 7, 3, 33.72
1570686299, 9, 1, 5, 0, 0, 0.55%, 0, 7, 3, 33.82
1570686309, 9, 2, 5, 0, 0, 0.55%, 0, 7, 3, 34.59
1570686314, 9, 3, 5, 0, 0, 0.55%, 0, 7, 3, 33.59
1570686324, 9, 4, 5, 0, 0, 0.55%, 0, 7, 3, 35.21
1570686329, 10, 0, 5, 0, 0, 0.55%, 0, 7, 3, 34.72
1570686334, 10, 1, 5, 0, 0, 0.55%, 0, 7, 3, 34.57
1570686344, 10, 2, 5, 0, 0, 0.55%, 0, 7, 3, 35.16
1570686350, 10, 3, 5, 0, 0, 0.55%, 0, 7, 3, 35.35
1570686360, 10, 4, 5, 0, 0, 0.55%, 0, 7, 3, 34.51
1570686370, 11, 0, 5, 0, 0, 0.55%, 0, 7, 3, 34.52
1570686375, 11, 1, 5, 0, 0, 0.55%, 0, 7, 3, 35.76
1570686385, 11, 2, 5, 0, 0, 0.55%, 0, 7, 3, 34.72
1570686391, 11, 3, 5, 0, 0, 0.55%, 0, 7, 3, 34.67
1570686401, 11, 4, 5, 0, 0, 0.55%, 0, 7, 3, 34.44
1570686406, 12, 0, 5, 0, 0, 0.55%, 0, 7, 3, 33.30
1570686416, 12, 1, 5, 0, 0, 0.55%, 0, 7, 3, 31.19
1570686426, 12, 2, 5, 0, 0, 0.55%, 0, 7, 3, 31.34
1570686432, 12, 3, 5, 0, 0, 0.55%, 0, 7, 3, 29.78
1570686442, 12, 4, 5, 0, 0, 0.55%, 0, 7, 3, 30.36
1570686452, 13, 0, 5, 0, 0, 0.55%, 0, 7, 3, 32.51
1570686457, 13, 1, 5, 0, 0, 0.55%, 0, 7, 3, 31.19
1570686467, 13, 2, 5, 0, 0, 0.55%, 0, 7, 3, 30.67
1570686477, 13, 3, 5, 0, 0, 0.55%, 0, 7, 3, 29.25
1570686487, 13, 4, 5, 0, 0, 0.55%, 0, 7, 3, 29.14
1570686498, 14, 0, 5, 0, 0, 0.55%, 0, 7, 3, 30.39
1570686503, 14, 1, 5, 0, 0, 0.55%, 0, 7, 3, 29.32
1570686513, 14, 2, 5, 0, 0, 0.55%, 0, 7, 3, 30.33
1570686518, 14, 3, 5, 0, 0, 0.55%, 0, 7, 3, 29.52
1570686528, 14, 4, 5, 0, 0, 0.55%, 0, 7, 3, 29.76
1570686538, 15, 0, 5, 0, 0, 0.55%, 0, 7, 3, 29.67
1570686544, 15, 1, 5, 0, 0, 0.55%, 0, 7, 3, 31.04
1570686554, 15, 2, 5, 0, 0, 0.55%, 0, 7, 3, 31.74
1570686559, 15, 3, 5, 0, 0, 0.55%, 0, 7, 3, 31.92
1570686569, 15, 4, 5, 0, 0, 0.55%, 0, 7, 3, 31.01
1570686574, 15, 4, 5, 0, 0, 0.55%, 0, 8, 3, 4.20
1570686579, 16, 0, 5, 0, 0, 0.55%, 0, 8, 3, 31.54
1570686590, 16, 1, 5, 0, 0, 0.55%, 0, 8, 3, 32.24
1570686600, 16, 2, 5, 0, 0, 0.55%, 0, 8, 3, 31.03
1570686605, 16, 3, 5, 0, 0, 0.55%, 0, 8, 3, 30.45
1570686615, 16, 4, 5, 0, 0, 0.55%, 0, 8, 3, 29.56
1570686626, 17, 0, 5, 0, 0, 0.55%, 0, 9, 3, 1.85
1570686632, 17, 1, 5, 0, 0, 0.55%, 0, 9, 3, 32.33
1570686642, 17, 2, 5, 0, 0, 0.55%, 0, 9, 3, 30.66
1570686652, 17, 3, 5, 0, 0, 0.55%, 0, 9, 3, 31.96
1570686657, 17, 4, 5, 0, 0, 0.55%, 0, 9, 3, 31.36
1570686668, 18, 0, 5, 0, 0, 0.55%, 0, 9, 3, 29.90
1570686678, 18, 1, 5, 0, 0, 0.55%, 0, 9, 3, 30.73
1570686688, 18, 2, 5, 0, 0, 0.55%, 0, 9, 3, 31.52
1570686693, 18, 3, 5, 0, 0, 0.55%, 0, 9, 3, 30.71
1570686703, 18, 4, 5, 0, 0, 0.55%, 0, 9, 3, 29.95
1570686713, 19, 0, 5, 0, 0, 0.55%, 0, 9, 3, 30.03
1570686719, 19, 1, 5, 0, 0, 0.55%, 0, 9, 3, 30.14
1570686729, 19, 2, 5, 0, 0, 0.55%, 0, 9, 3, 31.28
1570686734, 19, 3, 5, 0, 0, 0.55%, 0, 9, 3, 28.91
1570686744, 19, 4, 5, 0, 0, 0.55%, 0, 9, 3, 30.84
1570686754, 20, 0, 5, 0, 0, 0.55%, 0, 9, 3, 28.86
1570686764, 20, 1, 5, 0, 0, 0.55%, 0, 9, 3, 29.22
1570686775, 20, 2, 5, 0, 0, 0.55%, 0, 9, 3, 28.85
1570686780, 20, 3, 5, 0, 0, 0.55%, 0, 9, 3, 29.55
1570686790, 20, 4, 5, 0, 0, 0.55%, 0, 9, 3, 28.78
1570686800, 21, 0, 5, 0, 0, 0.55%, 0, 9, 3, 29.29
1570686810, 21, 1, 5, 0, 0, 0.55%, 0, 9, 3, 31.55
1570686820, 21, 2, 5, 0, 0, 0.55%, 0, 9, 3, 29.92
1570686825, 21, 3, 5, 0, 0, 0.55%, 0, 9, 3, 28.57
1570686836, 21, 4, 5, 0, 0, 0.55%, 0, 9, 3, 29.16
1570686846, 22, 0, 5, 0, 0, 0.55%, 0, 9, 3, 29.50
1570686856, 22, 5, 6, 1, 1, 0.73%, 0, 9, 3, 23.13
1570686867, 22, 5, 7, 2, 1, 0.73%, 0, 11, 3, 1.85
1570686872, 22, 5, 8, 3, 1, 0.73%, 0, 13, 3, 26.62
1570686933, 22, 5, 9, 4, 1, 0.73%, 0, 14, 3, 3.33
1570686938, 22, 5, 10, 5, 1, 0.74%, 0, 15, 3, 28.20
1570687000, 22, 5, 13, 8, 1, 0.76%, 0, 15, 3, 28.51
1570687061, 22, 5, 14, 9, 1, 0.77%, 0, 15, 3, 27.92
1570687076, 22, 5, 16, 11, 1, 0.77%, 0, 15, 3, 31.03
1570687081, 22, 5, 19, 14, 1, 0.77%, 0, 16, 3, 26.91
1570687096, 22, 5, 22, 17, 1, 0.78%, 0, 16, 3, 30.91
1570687122, 22, 5, 23, 18, 1, 0.78%, 0, 16, 3, 30.97
1570687209, 22, 5, 24, 19, 1, 0.78%, 0, 16, 3, 24.66
1570687224, 22, 5, 25, 20, 1, 0.78%, 0, 16, 3, 23.62
1570687286, 22, 5, 26, 21, 1, 0.78%, 0, 16, 3, 24.61
1570687301, 22, 5, 27, 22, 1, 0.78%, 0, 16, 3, 25.08
1570687414, 22, 5, 28, 23, 1, 0.78%, 0, 16, 3, 24.16
1570687460, 22, 7, 28, 22, 13, 0.78%, 0, 16, 3, 27.79
1570687777, 22, 9, 28, 21, 12, 0.78%, 0, 16, 3, 16.45
1570687783, 22, 9, 28, 21, 12, 0.78%, 0, 17, 3, 17.52
1570688084, 22, 9, 28, 21, 12, 0.78%, 0, 18, 3, 28.35
1570688120, 22, 13, 28, 20, 11, 0.78%, 0, 18, 3, 24.49
1570688176, 22, 13, 29, 21, 11, 0.78%, 0, 18, 4, 31.42
1570688407, 22, 13, 30, 22, 11, 0.79%, 0, 18, 4, 29.87
1570688464, 22, 15, 30, 21, 11, 0.79%, 0, 18, 4, 19.43
1570688786, 22, 16, 30, 20, 10, 0.79%, 0, 18, 4, 26.90
1570689088, 22, 17, 30, 19, 9, 0.79%, 0, 18, 4, 18.72
1570689396, 22, 18, 30, 18, 8, 0.79%, 0, 18, 4, 21.55
1570689406, 22, 18, 31, 19, 8, 0.80%, 0, 18, 4, 27.70
1570689704, 22, 19, 31, 18, 8, 0.80%, 0, 18, 4, 27.22
1570689755, 22, 19, 31, 18, 8, 0.80%, 0, 19, 4, 35.15
1570689832, 22, 20, 31, 17, 7, 0.80%, 0, 19, 4, 30.23
1570689898, 22, 20, 31, 17, 7, 0.80%, 0, 20, 4, 32.95
1570689965, 22, 21, 31, 16, 6, 0.80%, 0, 20, 4, 27.17
1570690037, 22, 21, 31, 16, 6, 0.80%, 0, 21, 4, 27.44
1570690103, 22, 22, 31, 15, 5, 0.80%, 0, 21, 4, 25.65
1570690211, 22, 27, 31, 14, 4, 0.80%, 0, 22, 4, 39.65
1570690364, 22, 27, 32, 15, 4, 0.80%, 0, 22, 4, 27.80
1570690419, 22, 28, 32, 14, 3, 0.80%, 0, 22, 4, 30.38
1570690563, 22, 28, 33, 15, 3, 0.80%, 0, 22, 5, 29.59
1570690634, 22, 28, 34, 16, 3, 0.80%, 0, 22, 5, 30.08
1570690778, 22, 29, 34, 15, 2, 0.80%, 0, 22, 5, 27.68
1570690870, 22, 29, 34, 15, 2, 0.80%, 0, 23, 5, 18.08
1570690942, 22, 29, 35, 16, 2, 0.80%, 0, 23, 5, 30.15
1570690952, 22, 33, 35, 15, 2, 0.80%, 0, 23, 5, 26.77
1570691003, 22, 33, 41, 21, 2, 0.84%, 0, 23, 6, 29.01
1570691097, 22, 33, 41, 21, 2, 0.84%, 0, 24, 6, 29.52
1570691122, 22, 33, 42, 22, 2, 0.84%, 0, 24, 6, 29.80
1570691209, 22, 34, 42, 21, 5, 0.84%, 0, 24, 6, 30.34
1570691296, 22, 34, 43, 22, 5, 0.84%, 0, 24, 6, 31.62
1570691352, 22, 34, 43, 22, 5, 0.84%, 0, 25, 6, 30.32
1570691433, 22, 36, 43, 21, 4, 0.84%, 0, 25, 6, 30.57
1570691439, 22, 36, 43, 21, 4, 0.84%, 0, 26, 6, 33.88
1570691638, 22, 37, 43, 20, 3, 0.84%, 0, 26, 6, 29.50
1570691643, 22, 37, 43, 20, 3, 0.84%, 0, 27, 6, 3.53
1570691842, 22, 39, 44, 20, 2, 0.84%, 0, 27, 7, 29.43
1570691853, 22, 39, 44, 20, 2, 0.84%, 0, 28, 7, 32.98
1570692047, 22, 40, 44, 19, 1, 0.84%, 0, 28, 7, 32.67
1570692057, 22, 40, 44, 19, 1, 0.84%, 0, 29, 7, 33.48
1570692247, 22, 41, 44, 18, 0, 0.84%, 0, 29, 7, 28.92
1570692272, 22, 41, 45, 19, 0, 0.84%, 0, 29, 7, 33.50
1570692456, 22, 42, 45, 18, 0, 0.84%, 0, 29, 7, 30.26
1570692641, 22, 42, 46, 19, 0, 0.84%, 0, 29, 7, 35.16
1570692748, 22, 43, 46, 18, 0, 0.84%, 0, 29, 7, 28.41
1570692753, 22, 43, 47, 19, 0, 0.84%, 0, 29, 8, 30.02
1570692978, 22, 44, 47, 18, 0, 0.84%, 0, 29, 8, 28.50
1570693126, 22, 46, 47, 17, 0, 0.84%, 0, 29, 8, 12.78
1570693295, 22, 46, 48, 18, 0, 0.84%, 0, 29, 9, 28.34
1570693469, 23, 2, 48, 17, 0, 0.84%, 0, 29, 9, 32.03
1570693479, 23, 3, 48, 17, 0, 0.84%, 0, 29, 9, 32.99
1570693489, 23, 9, 48, 17, 0, 0.84%, 0, 29, 9, 28.73
1570693510, 23, 13, 48, 17, 0, 0.84%, 0, 29, 9, 28.34
1570693530, 23, 15, 48, 17, 0, 0.84%, 0, 29, 9, 25.24
1570693551, 23, 16, 48, 17, 0, 0.84%, 0, 29, 9, 23.71
1570693577, 23, 17, 48, 17, 0, 0.84%, 0, 29, 9, 23.29
1570693602, 23, 18, 48, 17, 0, 0.84%, 0, 29, 9, 23.59
1570693623, 23, 19, 48, 17, 0, 0.84%, 0, 29, 9, 23.68
1570693643, 23, 20, 48, 17, 0, 0.84%, 0, 29, 9, 24.21
1570693664, 23, 21, 48, 17, 0, 0.84%, 0, 29, 9, 25.61
1570693689, 23, 22, 48, 17, 0, 0.84%, 0, 29, 9, 25.17
1570693705, 23, 27, 48, 17, 0, 0.84%, 0, 29, 9, 24.86
1570693725, 23, 29, 48, 17, 0, 0.84%, 0, 29, 9, 26.44
1570693771, 23, 34, 48, 17, 0, 0.84%, 0, 29, 9, 26.42
1570693812, 23, 35, 48, 17, 0, 0.84%, 0, 29, 9, 24.80
1570694042, 23, 36, 48, 16, 0, 0.84%, 0, 29, 9, 27.44
1570694083, 23, 37, 48, 16, 0, 0.84%, 0, 29, 9, 28.29
1570694124, 23, 39, 48, 16, 0, 0.84%, 0, 29, 9, 26.20
1570694160, 23, 40, 48, 16, 0, 0.84%, 0, 29, 9, 28.58
1570694205, 24, 2, 48, 16, 0, 0.84%, 0, 29, 9, 27.53
1570694215, 24, 3, 48, 16, 0, 0.84%, 0, 29, 9, 27.33
1570694225, 24, 9, 48, 16, 0, 0.84%, 0, 29, 9, 24.00
1570694251, 24, 13, 48, 16, 0, 0.84%, 0, 29, 9, 24.89
1570694266, 24, 15, 48, 16, 0, 0.84%, 0, 29, 9, 25.42
1570694292, 24, 16, 48, 16, 0, 0.84%, 0, 29, 9, 24.47
1570694313, 24, 17, 48, 16, 0, 0.84%, 0, 29, 9, 24.44
1570694333, 24, 18, 48, 16, 0, 0.84%, 0, 29, 9, 26.30
1570694354, 24, 19, 48, 16, 0, 0.84%, 0, 29, 9, 26.12
1570694374, 24, 20, 48, 16, 0, 0.84%, 0, 29, 9, 25.81
1570694394, 24, 21, 48, 16, 0, 0.84%, 0, 29, 9, 27.80
1570694415, 24, 22, 48, 16, 0, 0.84%, 0, 29, 9, 26.43
1570694435, 24, 27, 48, 16, 0, 0.84%, 0, 29, 9, 25.62
1570694446, 24, 27, 49, 17, 0, 0.84%, 0, 29, 9, 28.14
1570694456, 24, 29, 49, 17, 0, 0.84%, 0, 29, 9, 28.36
1570694501, 24, 31, 49, 17, 0, 0.84%, 0, 29, 9, 28.86
1570694731, 24, 31, 50, 18, 0, 0.84%, 0, 29, 9, 25.75
1570694833, 24, 34, 50, 17, 0, 0.84%, 0, 29, 9, 28.35
1570694874, 24, 36, 50, 17, 0, 0.84%, 0, 29, 9, 28.88
1570694915, 24, 37, 50, 17, 0, 0.84%, 0, 29, 9, 27.25
1570694956, 24, 39, 50, 17, 0, 0.84%, 0, 29, 9, 28.57
1570694997, 24, 40, 50, 17, 0, 0.84%, 0, 29, 9, 27.22
1570695037, 24, 42, 50, 17, 0, 0.84%, 0, 29, 9, 26.38
1570695079, 24, 43, 50, 17, 0, 0.84%, 0, 29, 9, 28.38
1570695119, 24, 49, 50, 17, 0, 0.84%, 0, 29, 9, 28.19
1570695484, 25, 2, 50, 16, 0, 0.84%, 0, 29, 9, 23.34
1570695494, 25, 3, 50, 16, 0, 0.84%, 0, 29, 9, 25.29
1570695504, 25, 9, 50, 16, 0, 0.84%, 0, 29, 9, 23.81
1570695529, 25, 12, 50, 16, 0, 0.84%, 0, 29, 9, 19.13
1570695979, 25, 13, 50, 15, 0, 0.84%, 0, 29, 9, 24.51
1570696000, 25, 15, 50, 15, 0, 0.84%, 0, 29, 9, 22.08
1570696020, 25, 16, 50, 15, 0, 0.84%, 0, 29, 9, 22.13
1570696046, 25, 17, 50, 15, 0, 0.84%, 0, 29, 9, 21.48
1570696072, 25, 18, 50, 15, 0, 0.84%, 0, 29, 9, 22.07
1570696092, 25, 19, 50, 15, 0, 0.84%, 0, 29, 9, 21.68
1570696118, 25, 20, 50, 15, 0, 0.84%, 0, 29, 9, 23.09
1570696143, 25, 21, 50, 15, 0, 0.84%, 0, 29, 9, 23.50
1570696164, 25, 22, 50, 15, 0, 0.84%, 0, 29, 9, 26.39
1570696184, 25, 27, 50, 15, 0, 0.84%, 0, 29, 9, 23.81
1570696205, 25, 29, 50, 15, 0, 0.84%, 0, 29, 9, 25.29
1570696255, 25, 30, 50, 15, 0, 0.84%, 0, 29, 9, 16.21
1570696695, 25, 34, 50, 14, 0, 0.84%, 0, 29, 9, 23.22
1570696746, 25, 36, 50, 14, 0, 0.84%, 0, 29, 9, 24.29
1570696787, 25, 37, 50, 14, 0, 0.84%, 0, 29, 9, 23.49
1570696827, 25, 38, 50, 14, 0, 0.84%, 0, 29, 9, 22.87
1570697083, 25, 39, 50, 13, 0, 0.84%, 0, 29, 9, 25.70
1570697129, 25, 40, 50, 13, 0, 0.84%, 0, 29, 9, 25.34
1570697175, 25, 47, 50, 13, 0, 0.84%, 0, 29, 9, 16.83
1570697716, 25, 49, 50, 12, 0, 0.84%, 0, 29, 9, 23.39
1570697762, 26, 2, 50, 12, 0, 0.84%, 0, 29, 9, 26.28
1570697772, 26, 3, 50, 12, 0, 0.84%, 0, 29, 9, 25.74
1570697783, 26, 8, 50, 12, 0, 0.84%, 0, 29, 9, 23.49
1570697976, 26, 9, 50, 11, 0, 0.84%, 0, 29, 9, 25.35
1570698002, 26, 13, 50, 11, 0, 0.84%, 0, 29, 9, 26.31
1570698017, 26, 15, 50, 11, 0, 0.84%, 0, 29, 9, 22.30
1570698042, 26, 16, 50, 11, 0, 0.84%, 0, 29, 9, 22.82
1570698068, 26, 17, 50, 11, 0, 0.84%, 0, 29, 9, 21.89
1570698089, 26, 18, 50, 11, 0, 0.84%, 0, 29, 9, 23.31
1570698109, 26, 19, 50, 11, 0, 0.84%, 0, 29, 9, 22.74
1570698135, 26, 20, 50, 11, 0, 0.84%, 0, 29, 9, 21.31
1570698160, 26, 21, 50, 11, 0, 0.84%, 0, 29, 9, 22.40
1570698186, 26, 22, 50, 11, 0, 0.84%, 0, 29, 9, 23.42
1570698206, 26, 27, 50, 11, 0, 0.84%, 0, 29, 9, 24.37
1570698227, 26, 29, 50, 11, 0, 0.84%, 0, 29, 9, 26.41
1570698257, 26, 29, 51, 12, 0, 0.84%, 0, 29, 9, 27.89
1570698273, 26, 34, 51, 12, 0, 0.84%, 0, 29, 9, 25.84
1570698319, 26, 35, 51, 12, 0, 0.84%, 0, 29, 9, 24.78
1570698365, 26, 36, 51, 12, 0, 0.84%, 0, 29, 9, 26.83
1570698401, 26, 37, 51, 12, 0, 0.84%, 0, 29, 9, 27.72
1570698447, 26, 39, 51, 12, 0, 0.84%, 0, 29, 9, 25.20
1570698487, 26, 40, 51, 12, 0, 0.84%, 0, 29, 9, 24.48
1570698528, 27, 2, 51, 12, 0, 0.84%, 0, 29, 9, 25.53
1570698538, 27, 3, 51, 12, 0, 0.84%, 0, 29, 9, 23.59
1570698548, 27, 6, 51, 12, 0, 0.84%, 0, 29, 9, 20.41
1570699156, 27, 9, 51, 11, 0, 0.84%, 0, 29, 9, 23.87
1570699171, 27, 11, 51, 11, 0, 0.84%, 0, 29, 9, 22.99
1570699452, 27, 13, 51, 10, 0, 0.84%, 0, 29, 9, 26.14
1570699462, 27, 14, 51, 10, 0, 0.84%, 0, 29, 9, 16.61
1570699835, 27, 15, 51, 9, 0, 0.84%, 0, 29, 9, 22.11
1570699851, 27, 16, 51, 9, 0, 0.84%, 0, 29, 9, 20.81
1570699861, 27, 17, 51, 9, 0, 0.84%, 0, 29, 9, 22.50
1570699876, 27, 18, 51, 9, 0, 0.84%, 0, 29, 9, 20.32
1570699892, 27, 19, 51, 9, 0, 0.84%, 0, 29, 9, 22.83
1570699907, 27, 20, 51, 9, 0, 0.84%, 0, 29, 9, 22.35
1570699917, 27, 21, 51, 9, 0, 0.84%, 0, 29, 9, 24.33
1570699933, 27, 22, 51, 9, 0, 0.84%, 0, 29, 9, 24.21
1570699943, 27, 27, 51, 9, 0, 0.84%, 0, 29, 9, 25.91
1570699953, 27, 29, 51, 9, 0, 0.84%, 0, 29, 9, 25.37
1570699979, 27, 32, 51, 9, 0, 0.84%, 0, 29, 9, 25.60
1570700346, 27, 34, 51, 8, 0, 0.84%, 0, 29, 9, 24.78
1570700367, 27, 36, 51, 8, 0, 0.84%, 0, 29, 9, 25.13
1570700387, 27, 37, 51, 8, 0, 0.84%, 0, 29, 9, 24.78
1570700407, 27, 39, 51, 8, 0, 0.84%, 0, 29, 9, 24.75
1570700433, 27, 40, 51, 8, 0, 0.84%, 0, 29, 9, 24.26
1570700453, 28, 2, 51, 8, 0, 0.84%, 0, 29, 9, 25.20
1570700464, 28, 3, 51, 8, 0, 0.84%, 0, 29, 9, 24.56
1570700474, 28, 9, 51, 8, 0, 0.84%, 0, 29, 9, 23.27
1570700489, 28, 10, 51, 8, 0, 0.84%, 0, 29, 9, 20.18
1570700894, 28, 13, 51, 7, 0, 0.84%, 0, 29, 9, 25.02
1570700904, 28, 15, 51, 7, 0, 0.84%, 0, 29, 9, 23.56
1570700909, 28, 15, 52, 8, 0, 0.84%, 0, 29, 9, 23.83
1570700919, 28, 16, 52, 8, 0, 0.84%, 0, 29, 9, 24.29
1570700930, 28, 17, 52, 8, 0, 0.84%, 0, 29, 9, 24.93
1570700940, 28, 18, 52, 8, 0, 0.84%, 0, 29, 9, 22.73
1570700955, 28, 19, 52, 8, 0, 0.84%, 0, 29, 9, 23.70
1570700970, 28, 20, 52, 8, 0, 0.84%, 0, 29, 9, 23.67
1570700986, 28, 21, 52, 8, 0, 0.84%, 0, 29, 9, 23.43
1570701001, 28, 22, 52, 8, 0, 0.84%, 0, 29, 9, 24.25
1570701006, 28, 22, 54, 10, 0, 0.84%, 0, 29, 9, 25.76
1570701012, 28, 22, 55, 11, 0, 0.84%, 0, 29, 9, 24.70
1570701017, 28, 24, 55, 11, 0, 0.84%, 0, 29, 9, 21.34
1570701379, 28, 27, 55, 10, 0, 0.84%, 0, 29, 9, 23.66
1570701394, 28, 29, 55, 10, 0, 0.84%, 0, 29, 9, 24.53
1570701420, 28, 32, 55, 10, 0, 0.84%, 0, 29, 9, 24.73
1570701466, 28, 34, 55, 10, 0, 0.84%, 0, 29, 9, 24.24
1570701492, 28, 36, 55, 10, 0, 0.84%, 0, 29, 9, 24.67
1570701512, 28, 37, 55, 10, 0, 0.84%, 0, 29, 9, 23.43
1570701533, 28, 39, 55, 10, 0, 0.84%, 0, 29, 9, 24.82
1570701558, 28, 40, 55, 10, 0, 0.84%, 0, 29, 9, 23.78
1570701579, 28, 54, 55, 10, 0, 0.84%, 0, 29, 9, 20.38
1570702198, 29, 2, 55, 9, 0, 0.84%, 0, 29, 9, 22.43
1570702214, 29, 3, 55, 9, 0, 0.84%, 0, 29, 9, 23.82
1570702224, 29, 9, 55, 9, 0, 0.84%, 0, 29, 9, 21.81
1570702239, 29, 13, 55, 9, 0, 0.84%, 0, 29, 9, 23.37
1570702250, 29, 15, 55, 9, 0, 0.84%, 0, 29, 9, 23.13
1570702260, 29, 16, 55, 9, 0, 0.84%, 0, 29, 9, 23.70
1570702270, 29, 17, 55, 9, 0, 0.84%, 0, 29, 9, 22.90
1570702280, 29, 19, 55, 9, 0, 0.84%, 0, 29, 9, 23.99
1570702296, 29, 20, 55, 9, 0, 0.84%, 0, 29, 9, 25.12
1570702301, 29, 21, 55, 9, 0, 0.84%, 0, 29, 9, 23.42
1570702316, 29, 22, 55, 9, 0, 0.84%, 0, 29, 9, 25.23
1570702326, 29, 23, 55, 9, 0, 0.84%, 0, 29, 9, 16.98
1570702710, 29, 24, 55, 8, 0, 0.84%, 0, 29, 9, 21.72
1570702736, 29, 25, 55, 8, 0, 0.84%, 0, 29, 9, 16.82
1570703165, 29, 27, 55, 7, 0, 0.84%, 0, 29, 9, 22.49
1570703180, 29, 29, 55, 7, 0, 0.84%, 0, 29, 9, 24.60
1570703190, 29, 34, 55, 7, 0, 0.84%, 0, 29, 9, 24.08
1570703205, 29, 36, 55, 7, 0, 0.84%, 0, 29, 9, 24.58
1570703216, 29, 37, 55, 7, 0, 0.84%, 0, 29, 9, 24.61
1570703231, 29, 39, 55, 7, 0, 0.84%, 0, 29, 9, 25.54
1570703241, 29, 40, 55, 7, 0, 0.84%, 0, 29, 9, 25.10
1570703257, 29, 48, 55, 7, 0, 0.84%, 0, 29, 9, 17.09
