# unix_time, cycles_done, cur_path, paths_total, pending_total, pending_favs, map_size, unique_crashes, unique_hangs, max_depth, execs_per_sec
1570703825, 0, 0, 2, 2, 1, 0.51%, 0, 0, 1, 54.05
1570703835, 0, 0, 3, 3, 1, 0.51%, 0, 0, 2, 55.57
1570703845, 0, 2, 3, 2, 1, 0.51%, 0, 0, 2, 55.85
1570703850, 0, 2, 3, 2, 1, 0.51%, 0, 1, 2, 54.63
1570703855, 0, 2, 4, 3, 1, 0.53%, 0, 1, 3, 51.52
1570703860, 0, 2, 4, 3, 1, 0.53%, 0, 2, 3, 54.41
1570703876, 0, 3, 4, 2, 1, 0.53%, 0, 2, 3, 53.54
1570703901, 0, 3, 4, 2, 1, 0.53%, 0, 3, 3, 54.70
1570703907, 1, 0, 4, 1, 0, 0.53%, 0, 4, 3, 56.33
1570703912, 1, 1, 4, 1, 0, 0.53%, 0, 4, 3, 55.50
1570703927, 1, 2, 4, 0, 0, 0.53%, 0, 4, 3, 54.75
1570703932, 1, 3, 4, 0, 0, 0.53%, 0, 5, 3, 9.66
1570703937, 2, 0, 4, 0, 0, 0.53%, 0, 5, 3, 54.26
1570703942, 2, 1, 4, 0, 0, 0.53%, 0, 5, 3, 53.98
1570703947, 2, 2, 4, 0, 0, 0.53%, 0, 5, 3, 54.70
1570703952, 2, 3, 4, 0, 0, 0.53%, 0, 5, 3, 53.38
1570703962, 3, 0, 4, 0, 0, 0.53%, 0, 5, 3, 55.04
1570703968, 3, 1, 4, 0, 0, 0.53%, 0, 5, 3, 54.96
1570703973, 3, 2, 4, 0, 0, 0.53%, 0, 5, 3, 55.22
1570703978, 3, 3, 4, 0, 0, 0.53%, 0, 6, 3, 55.20
1570703988, 4, 0, 4, 0, 0, 0.53%, 0, 6, 3, 54.63
1570703993, 4, 1, 4, 0, 0, 0.53%, 0, 6, 3, 56.13
1570703998, 4, 2, 4, 0, 0, 0.53%, 0, 6, 3, 53.73
1570704003, 4, 3, 4, 0, 0, 0.53%, 0, 6, 3, 52.20
1570704008, 5, 0, 4, 0, 0, 0.53%, 0, 6, 3, 54.29
1570704014, 5, 1, 4, 0, 0, 0.53%, 0, 6, 3, 55.10
1570704024, 5, 3, 4, 0, 0, 0.53%, 0, 6, 3, 54.93
1570704034, 6, 0, 4, 0, 0, 0.53%, 0, 6, 3, 55.72
1570704039, 6, 1, 4, 0, 0, 0.53%, 0, 6, 3, 54.70
1570704044, 6, 2, 4, 0, 0, 0.53%, 0, 6, 3, 53.31
1570704049, 6, 3, 4, 0, 0, 0.53%, 0, 6, 3, 51.80
1570704059, 7, 0, 4, 0, 0, 0.53%, 0, 6, 3, 55.32
1570704064, 7, 1, 4, 0, 0, 0.53%, 0, 6, 3, 56.16
1570704069, 7, 2, 4, 0, 0, 0.53%, 0, 6, 3, 55.14
1570704075, 7, 3, 4, 0, 0, 0.53%, 0, 7, 3, 56.60
1570704080, 8, 0, 4, 0, 0, 0.53%, 0, 7, 3, 53.54
1570704085, 8, 1, 4, 0, 0, 0.53%, 0, 7, 3, 54.65
1570704095, 8, 2, 4, 0, 0, 0.53%, 0, 7, 3, 53.62
1570704100, 8, 3, 4, 0, 0, 0.53%, 0, 8, 3, 54.34
1570704105, 9, 0, 4, 0, 0, 0.53%, 0, 8, 3, 54.33
1570704110, 9, 1, 4, 0, 0, 0.53%, 0, 8, 3, 54.14
1570704115, 9, 2, 4, 0, 0, 0.53%, 0, 8, 3, 54.74
1570704126, 9, 3, 4, 0, 0, 0.53%, 0, 8, 3, 53.72
1570704131, 10, 0, 4, 0, 0, 0.53%, 0, 8, 3, 54.40
1570704136, 10, 1, 4, 0, 0, 0.53%, 0, 8, 3, 54.27
1570704141, 10, 2, 4, 0, 0, 0.53%, 0, 8, 3, 50.24
1570704151, 10, 3, 4, 0, 0, 0.53%, 0, 8, 3, 49.17
1570704156, 11, 0, 4, 0, 0, 0.53%, 0, 8, 3, 50.54
1570704161, 11, 1, 4, 0, 0, 0.53%, 0, 8, 3, 52.25
1570704166, 11, 2, 4, 0, 0, 0.53%, 0, 8, 3, 51.86
1570704171, 11, 3, 4, 0, 0, 0.53%, 0, 8, 3, 51.58
1570704181, 12, 0, 4, 0, 0, 0.53%, 0, 8, 3, 49.92
1570704187, 12, 1, 4, 0, 0, 0.53%, 0, 8, 3, 50.94
1570704192, 12, 2, 4, 0, 0, 0.53%, 0, 8, 3, 50.92
1570704202, 12, 3, 4, 0, 0, 0.53%, 0, 8, 3, 49.16
1570704207, 13, 0, 4, 0, 0, 0.53%, 0, 8, 3, 50.84
1570704212, 13, 1, 4, 0, 0, 0.53%, 0, 8, 3, 50.37
1570704222, 13, 2, 4, 0, 0, 0.53%, 0, 8, 3, 50.90
1570704227, 13, 3, 4, 0, 0, 0.53%, 0, 8, 3, 48.93
1570704237, 14, 0, 4, 0, 0, 0.53%, 0, 8, 3, 50.17
1570704242, 14, 1, 4, 0, 0, 0.53%, 0, 8, 3, 50.43
1570704247, 14, 2, 4, 0, 0, 0.53%, 0, 8, 3, 50.25
1570704252, 14, 3, 4, 0, 0, 0.53%, 0, 8, 3, 49.66
1570704262, 15, 0, 4, 0, 0, 0.53%, 0, 8, 3, 50.68
1570704267, 15, 1, 4, 0, 0, 0.53%, 0, 8, 3, 50.30
1570704277, 15, 2, 4, 0, 0, 0.53%, 0, 8, 3, 50.12
1570704283, 15, 3, 4, 0, 0, 0.53%, 0, 8, 3, 50.15
1570704288, 16, 0, 4, 0, 0, 0.53%, 0, 8, 3, 51.78
1570704293, 16, 1, 4, 0, 0, 0.53%, 0, 8, 3, 51.40
1570704303, 16, 2, 4, 0, 0, 0.53%, 0, 8, 3, 49.17
1570704308, 16, 3, 4, 0, 0, 0.53%, 0, 8, 3, 49.87
1570704313, 17, 0, 4, 0, 0, 0.53%, 0, 8, 3, 50.05
1570704318, 17, 1, 4, 0, 0, 0.53%, 0, 8, 3, 50.58
1570704328, 17, 2, 4, 0, 0, 0.53%, 0, 8, 3, 49.27
1570704333, 17, 3, 4, 0, 0, 0.53%, 0, 8, 3, 49.23
1570704338, 18, 0, 4, 0, 0, 0.53%, 0, 8, 3, 48.07
1570704348, 18, 1, 4, 0, 0, 0.53%, 0, 8, 3, 50.61
1570704354, 18, 2, 4, 0, 0, 0.53%, 0, 8, 3, 50.53
1570704359, 18, 3, 4, 0, 0, 0.53%, 0, 8, 3, 50.11
1570704364, 19, 0, 4, 0, 0, 0.53%, 0, 8, 3, 49.38
1570704374, 19, 1, 4, 0, 0, 0.53%, 0, 8, 3, 50.79
1570704379, 19, 2, 4, 0, 0, 0.53%, 0, 8, 3, 50.43
1570704384, 19, 3, 4, 0, 0, 0.53%, 0, 8, 3, 50.35
1570704394, 20, 0, 4, 0, 0, 0.53%, 0, 8, 3, 51.01
1570704399, 20, 1, 4, 0, 0, 0.53%, 0, 8, 3, 51.32
1570704404, 20, 2, 4, 0, 0, 0.53%, 0, 8, 3, 50.44
1570704414, 20, 3, 4, 0, 0, 0.53%, 0, 8, 3, 50.05
1570704419, 21, 0, 4, 0, 0, 0.53%, 0, 8, 3, 50.35
1570704424, 21, 1, 4, 0, 0, 0.53%, 0, 8, 3, 51.76
1570704435, 21, 2, 4, 0, 0, 0.53%, 0, 8, 3, 49.70
1570704440, 21, 3, 4, 0, 0, 0.53%, 0, 8, 3, 49.33
1570704445, 22, 0, 4, 0, 0, 0.53%, 0, 8, 3, 50.45
1570704455, 22, 1, 4, 0, 0, 0.53%, 0, 8, 3, 49.91
1570704460, 22, 2, 4, 0, 0, 0.53%, 0, 8, 3, 49.36
1570704465, 22, 3, 4, 0, 0, 0.53%, 0, 8, 3, 49.02
1570704475, 23, 0, 4, 0, 0, 0.53%, 0, 8, 3, 49.45
1570704480, 23, 1, 4, 0, 0, 0.53%, 0, 8, 3, 50.09
1570704491, 23, 2, 4, 0, 0, 0.53%, 0, 8, 3, 48.90
1570704496, 23, 3, 4, 0, 0, 0.53%, 0, 8, 3, 47.58
1570704501, 24, 0, 4, 0, 0, 0.53%, 0, 8, 3, 49.11
1570704506, 24, 1, 4, 0, 0, 0.53%, 0, 8, 3, 50.11
1570704516, 24, 2, 4, 0, 0, 0.53%, 0, 8, 3, 49.51
1570704521, 24, 3, 4, 0, 0, 0.53%, 0, 8, 3, 48.20
1570704526, 25, 0, 4, 0, 0, 0.53%, 0, 8, 3, 49.58
1570704531, 25, 1, 4, 0, 0, 0.53%, 0, 8, 3, 49.37
1570704541, 25, 2, 4, 0, 0, 0.53%, 0, 8, 3, 48.60
1570704546, 25, 3, 4, 0, 0, 0.53%, 0, 8, 3, 50.26
1570704551, 26, 0, 4, 0, 0, 0.53%, 0, 8, 3, 49.24
1570704556, 26, 1, 4, 0, 0, 0.53%, 0, 8, 3, 50.40
1570704566, 26, 2, 4, 0, 0, 0.53%, 0, 8, 3, 50.90
1570704572, 26, 3, 4, 0, 0, 0.53%, 0, 8, 3, 49.02
1570704582, 27, 0, 4, 0, 0, 0.53%, 0, 8, 3, 50.56
1570704587, 27, 1, 4, 0, 0, 0.53%, 0, 8, 3, 50.50
1570704592, 27, 2, 4, 0, 0, 0.53%, 0, 8, 3, 50.53
1570704597, 27, 3, 4, 0, 0, 0.53%, 0, 8, 3, 50.83
1570704607, 28, 0, 4, 0, 0, 0.53%, 0, 8, 3, 49.58
1570704612, 28, 1, 4, 0, 0, 0.53%, 0, 8, 3, 50.66
1570704617, 28, 2, 4, 0, 0, 0.53%, 0, 8, 3, 50.71
1570704627, 28, 3, 4, 0, 0, 0.53%, 0, 8, 3, 49.84
1570704632, 29, 0, 4, 0, 0, 0.53%, 0, 8, 3, 49.89
1570704637, 29, 1, 4, 0, 0, 0.53%, 0, 8, 3, 50.58
1570704647, 29, 2, 4, 0, 0, 0.53%, 0, 8, 3, 50.50
1570704652, 29, 3, 4, 0, 0, 0.53%, 0, 8, 3, 50.20
1570704658, 30, 0, 4, 0, 0, 0.53%, 0, 8, 3, 50.45
1570704663, 30, 1, 4, 0, 0, 0.53%, 0, 8, 3, 51.21
1570704673, 30, 2, 4, 0, 0, 0.53%, 0, 8, 3, 50.85
1570704678, 30, 3, 4, 0, 0, 0.53%, 0, 8, 3, 50.39
1570704688, 31, 0, 4, 0, 0, 0.53%, 0, 8, 3, 51.18
1570704693, 31, 1, 4, 0, 0, 0.53%, 0, 8, 3, 52.28
1570704698, 31, 2, 4, 0, 0, 0.53%, 0, 8, 3, 51.68
1570704703, 31, 3, 4, 0, 0, 0.53%, 0, 8, 3, 49.78
1570704714, 32, 0, 4, 0, 0, 0.53%, 0, 8, 3, 51.10
1570704719, 32, 1, 4, 0, 0, 0.53%, 0, 8, 3, 50.41
1570704724, 32, 2, 4, 0, 0, 0.53%, 0, 8, 3, 51.06
1570704729, 32, 3, 4, 0, 0, 0.53%, 0, 8, 3, 50.43
1570704739, 33, 0, 4, 0, 0, 0.53%, 0, 8, 3, 50.17
1570704744, 33, 1, 4, 0, 0, 0.53%, 0, 8, 3, 50.69
1570704749, 33, 2, 4, 0, 0, 0.53%, 0, 8, 3, 49.53
1570704754, 33, 3, 4, 0, 0, 0.53%, 0, 8, 3, 49.25
1570704764, 34, 0, 4, 0, 0, 0.53%, 0, 8, 3, 50.48
1570704769, 34, 1, 4, 0, 0, 0.53%, 0, 8, 3, 50.65
1570704774, 34, 2, 4, 0, 0, 0.53%, 0, 8, 3, 51.34
1570704780, 34, 3, 5, 1, 0, 0.53%, 0, 8, 4, 50.35
1570704785, 34, 3, 6, 2, 0, 0.71%, 0, 8, 4, 50.50
1570704790, 34, 3, 6, 2, 0, 0.71%, 0, 9, 4, 42.75
1570704795, 34, 3, 7, 3, 0, 0.71%, 0, 10, 4, 30.59
1570704800, 34, 5, 8, 4, 3, 0.71%, 0, 11, 4, 47.08
1570704805, 34, 5, 9, 5, 3, 0.72%, 0, 14, 5, 50.96
1570704810, 34, 5, 12, 8, 3, 0.73%, 0, 14, 5, 49.23
1570704815, 34, 5, 13, 9, 3, 0.75%, 0, 15, 5, 53.61
1570704825, 34, 5, 20, 16, 3, 0.76%, 0, 16, 5, 40.32
1570704897, 34, 5, 20, 16, 3, 0.76%, 0, 17, 5, 50.00
1570704907, 34, 5, 22, 18, 3, 0.78%, 0, 17, 5, 42.40
1570704922, 34, 5, 24, 20, 3, 0.78%, 0, 18, 5, 40.06
1570705030, 34, 5, 25, 21, 3, 0.78%, 0, 18, 5, 33.44
1570705051, 34, 5, 26, 22, 3, 0.78%, 0, 18, 5, 37.09
1570705117, 34, 5, 27, 23, 3, 0.78%, 0, 18, 5, 31.57
1570705250, 34, 5, 28, 24, 3, 0.78%, 0, 18, 5, 32.19
1570705317, 34, 5, 29, 25, 3, 0.78%, 0, 18, 5, 30.44
1570705430, 34, 7, 29, 24, 15, 0.78%, 0, 18, 5, 20.68
1570705435, 34, 7, 29, 24, 15, 0.78%, 0, 19, 5, 2.75
1570705656, 34, 7, 30, 25, 15, 0.78%, 0, 19, 5, 29.74
1570705794, 34, 7, 30, 25, 15, 0.78%, 0, 20, 5, 24.96
1570705850, 34, 7, 31, 26, 15, 0.78%, 0, 20, 5, 28.33
1570705856, 34, 7, 32, 27, 15, 0.78%, 0, 20, 5, 26.81
1570706427, 34, 8, 32, 26, 15, 0.78%, 0, 20, 5, 28.91
1570706679, 34, 10, 32, 25, 14, 0.78%, 0, 20, 5, 32.10
1570706945, 34, 10, 33, 26, 14, 0.78%, 0, 20, 6, 30.63
1570707088, 34, 10, 34, 27, 14, 0.78%, 0, 20, 6, 29.20
1570707139, 34, 10, 35, 28, 14, 0.78%, 0, 20, 6, 33.55
1570707154, 34, 11, 35, 27, 13, 0.78%, 0, 20, 6, 33.20
1570707159, 34, 11, 35, 27, 13, 0.78%, 0, 21, 6, 38.42
1570707430, 34, 12, 35, 26, 12, 0.78%, 0, 21, 6, 32.60
1570707554, 34, 12, 35, 26, 12, 0.78%, 0, 22, 6, 3.57
1570707656, 34, 12, 36, 27, 12, 0.78%, 0, 22, 6, 33.30
1570707763, 34, 12, 37, 28, 12, 0.78%, 0, 22, 6, 31.12
1570707779, 34, 12, 38, 29, 12, 0.78%, 0, 22, 6, 33.86
1570708081, 34, 12, 39, 30, 12, 0.80%, 0, 22, 6, 32.79
1570708086, 34, 12, 40, 31, 12, 0.81%, 0, 22, 6, 32.37
1570708112, 34, 13, 40, 30, 13, 0.81%, 0, 22, 6, 30.64
1570708364, 34, 13, 41, 31, 13, 0.81%, 0, 22, 6, 32.01
1570708528, 34, 13, 42, 32, 13, 0.81%, 0, 22, 6, 30.28
1570708549, 34, 14, 42, 31, 12, 0.81%, 0, 22, 6, 33.19
1570708692, 34, 14, 43, 32, 12, 0.81%, 0, 22, 6, 33.24
1570708973, 34, 15, 43, 31, 12, 0.81%, 0, 22, 6, 32.03
1570709279, 34, 16, 43, 30, 11, 0.81%, 0, 22, 6, 32.50
1570709413, 34, 16, 44, 31, 11, 0.81%, 0, 22, 6, 33.26
1570709700, 34, 17, 44, 30, 10, 0.81%, 0, 22, 6, 33.88
1570709823, 34, 17, 45, 31, 10, 0.81%, 0, 22, 6, 33.94
1570710007, 34, 17, 46, 32, 10, 0.81%, 0, 22, 6, 30.13
1570710376, 34, 17, 48, 34, 10, 0.82%, 0, 22, 6, 34.23
1570710381, 34, 17, 49, 35, 10, 0.82%, 0, 22, 6, 32.14
1570710386, 34, 17, 50, 36, 10, 0.82%, 0, 22, 6, 33.17
1570710396, 34, 18, 50, 35, 10, 0.82%, 0, 22, 6, 30.57
1570710643, 34, 18, 51, 36, 10, 0.82%, 0, 22, 6, 32.68
1570710664, 34, 18, 52, 37, 10, 0.82%, 0, 22, 6, 32.10
1570710699, 34, 19, 52, 36, 9, 0.82%, 0, 22, 6, 31.51
1570710807, 34, 19, 52, 36, 9, 0.82%, 0, 23, 6, 6.42
1570710879, 34, 19, 53, 37, 9, 0.82%, 0, 23, 6, 31.47
1570711119, 34, 21, 53, 36, 8, 0.82%, 0, 23, 6, 30.09
1570711125, 34, 21, 53, 36, 8, 0.82%, 0, 24, 6, 34.68
1570711437, 34, 21, 53, 36, 8, 0.82%, 0, 25, 6, 5.73
1570711458, 34, 22, 53, 35, 7, 0.82%, 0, 25, 6, 30.34
1570711504, 34, 22, 54, 36, 7, 0.82%, 0, 25, 6, 31.07
1570711541, 34, 22, 54, 36, 7, 0.82%, 0, 26, 6, 2.76
1570711725, 34, 26, 54, 35, 7, 0.82%, 0, 26, 6, 30.79
1570711991, 34, 26, 55, 36, 7, 0.82%, 0, 26, 6, 32.06
1570712236, 34, 29, 55, 35, 6, 0.82%, 0, 26, 6, 29.79
1570712272, 34, 29, 55, 35, 6, 0.82%, 0, 27, 6, 34.41
1570712492, 34, 29, 56, 36, 6, 0.82%, 0, 27, 6, 34.23
1570712507, 34, 29, 58, 38, 6, 0.82%, 0, 27, 6, 25.30
1570712548, 34, 39, 58, 37, 5, 0.82%, 0, 27, 6, 28.98
1570712620, 34, 39, 59, 38, 5, 0.83%, 0, 27, 7, 30.57
1570712891, 34, 41, 59, 37, 4, 0.83%, 0, 27, 7, 30.26
1570712907, 34, 41, 59, 37, 4, 0.83%, 0, 28, 7, 30.17
1570713213, 34, 41, 62, 40, 4, 0.83%, 0, 28, 7, 32.76
1570713218, 34, 41, 63, 41, 4, 0.83%, 0, 28, 7, 30.79
1570713249, 34, 47, 63, 40, 3, 0.83%, 0, 28, 7, 30.74
1570713264, 34, 47, 63, 40, 3, 0.83%, 0, 29, 7, 19.79
1570713556, 34, 53, 63, 39, 2, 0.83%, 0, 29, 7, 30.83
1570713709, 34, 53, 64, 40, 2, 0.83%, 0, 29, 7, 29.83
1570713985, 34, 58, 64, 39, 1, 0.83%, 0, 29, 7, 30.97
1570713995, 34, 58, 65, 40, 1, 0.83%, 0, 29, 8, 31.44
1570714268, 34, 64, 65, 39, 1, 0.83%, 0, 29, 8, 30.46
1570714708, 35, 2, 65, 38, 0, 0.83%, 0, 29, 8, 31.15
1570714718, 35, 3, 65, 38, 0, 0.83%, 0, 29, 8, 30.98
1570714729, 35, 8, 65, 38, 0, 0.83%, 0, 29, 8, 29.07
1570714826, 35, 10, 65, 38, 0, 0.83%, 0, 29, 8, 29.83
1570714913, 35, 11, 65, 38, 0, 0.83%, 0, 29, 8, 28.07
1570715015, 35, 12, 65, 38, 0, 0.83%, 0, 29, 8, 29.32
1570715107, 35, 13, 65, 38, 0, 0.83%, 0, 29, 8, 30.75
1570715204, 35, 14, 65, 38, 0, 0.83%, 0, 29, 8, 30.99
1570715296, 35, 15, 65, 38, 0, 0.83%, 0, 29, 8, 31.95
1570715383, 35, 16, 65, 38, 0, 0.83%, 0, 29, 8, 31.36
1570715470, 35, 17, 65, 38, 0, 0.83%, 0, 29, 8, 32.13
1570715557, 35, 18, 65, 38, 0, 0.83%, 0, 29, 8, 31.75
1570715649, 35, 19, 65, 38, 0, 0.83%, 0, 29, 8, 34.24
1570715741, 35, 21, 65, 38, 0, 0.83%, 0, 29, 8, 31.04
1570715843, 35, 22, 65, 38, 0, 0.83%, 0, 29, 8, 30.58
1570715936, 35, 26, 65, 38, 0, 0.83%, 0, 29, 8, 31.69
1570716028, 35, 27, 65, 38, 0, 0.83%, 0, 29, 8, 28.44
1570716346, 35, 27, 65, 38, 0, 0.83%, 0, 30, 8, 37.04
1570716422, 35, 29, 65, 37, 0, 0.83%, 0, 30, 8, 30.18
1570716520, 35, 39, 65, 37, 0, 0.83%, 0, 30, 8, 31.87
1570716617, 35, 41, 65, 37, 0, 0.83%, 0, 30, 8, 31.52
1570716703, 35, 43, 65, 37, 0, 0.83%, 0, 30, 8, 29.79
1570717123, 35, 47, 65, 36, 0, 0.83%, 0, 30, 8, 29.81
1570717219, 35, 48, 65, 36, 0, 0.83%, 0, 30, 8, 29.51
1570717368, 35, 49, 65, 35, 0, 0.83%, 0, 30, 8, 19.37
1570717854, 35, 51, 65, 34, 0, 0.83%, 0, 30, 8, 33.21
1570718249, 35, 53, 65, 33, 0, 0.83%, 0, 30, 8, 32.75
1570718321, 35, 53, 66, 34, 0, 0.83%, 0, 30, 8, 31.52
1570718341, 35, 55, 66, 34, 0, 0.83%, 0, 30, 8, 31.22
1570718545, 35, 58, 66, 33, 0, 0.83%, 0, 30, 8, 26.34
1570718607, 35, 62, 66, 33, 0, 0.83%, 0, 30, 8, 29.46
1570719684, 35, 62, 67, 34, 0, 0.83%, 0, 30, 8, 28.24
1570720005, 35, 64, 67, 33, 0, 0.83%, 0, 30, 8, 29.11
1570720143, 36, 2, 67, 33, 0, 0.83%, 0, 30, 8, 31.46
1570720159, 36, 3, 67, 33, 0, 0.83%, 0, 30, 8, 32.16
1570720169, 36, 4, 67, 33, 0, 0.83%, 0, 30, 8, 32.46
1570720399, 36, 8, 67, 32, 0, 0.83%, 0, 30, 8, 31.22
1570720491, 36, 10, 67, 32, 0, 0.83%, 0, 30, 8, 30.92
1570720527, 36, 10, 68, 33, 0, 0.83%, 0, 30, 8, 33.19
1570720589, 36, 11, 68, 33, 0, 0.83%, 0, 30, 8, 31.64
1570720681, 36, 12, 68, 33, 0, 0.83%, 0, 30, 8, 31.04
1570720763, 36, 13, 68, 33, 0, 0.83%, 0, 30, 8, 30.94
1570720856, 36, 14, 68, 33, 0, 0.83%, 0, 30, 8, 33.06
1570720943, 36, 15, 68, 33, 0, 0.83%, 0, 30, 8, 32.39
1570721036, 36, 16, 68, 33, 0, 0.83%, 0, 30, 8, 32.98
1570721123, 36, 17, 68, 33, 0, 0.83%, 0, 30, 8, 33.46
1570721216, 36, 18, 68, 33, 0, 0.83%, 0, 30, 8, 32.22
1570721308, 36, 19, 68, 33, 0, 0.83%, 0, 30, 8, 30.88
1570721400, 36, 21, 68, 33, 0, 0.83%, 0, 30, 8, 31.91
1570721492, 36, 22, 68, 33, 0, 0.83%, 0, 30, 8, 30.11
1570721568, 36, 22, 69, 34, 0, 0.83%, 0, 30, 8, 33.20
1570721589, 36, 26, 69, 34, 0, 0.83%, 0, 30, 8, 31.26
1570721686, 36, 29, 69, 34, 0, 0.83%, 0, 30, 8, 34.67
1570721778, 36, 30, 69, 34, 0, 0.83%, 0, 30, 8, 21.64
1570722316, 36, 31, 69, 33, 0, 0.83%, 0, 30, 8, 26.39
1570722557, 36, 31, 70, 34, 0, 0.83%, 0, 30, 8, 34.63
1570722859, 36, 32, 70, 33, 0, 0.83%, 0, 30, 8, 30.79
1570723305, 36, 32, 71, 34, 0, 0.83%, 0, 30, 8, 32.67
1570723325, 36, 39, 71, 33, 0, 0.83%, 0, 30, 8, 30.04
1570723417, 36, 41, 71, 33, 0, 0.83%, 0, 30, 8, 30.96
1570723514, 36, 42, 71, 33, 0, 0.83%, 0, 30, 8, 29.89
1570723960, 36, 46, 71, 32, 0, 0.83%, 0, 30, 8, 33.62
1570724266, 36, 47, 71, 31, 0, 0.83%, 0, 30, 8, 33.08
1570724363, 36, 53, 71, 31, 0, 0.83%, 0, 30, 8, 30.17
1570724460, 36, 56, 71, 31, 0, 0.83%, 0, 30, 8, 23.47
1570725168, 36, 58, 71, 30, 0, 0.83%, 0, 30, 8, 24.41
1570725224, 36, 58, 72, 31, 0, 0.83%, 0, 30, 8, 30.48
1570725244, 36, 60, 72, 31, 0, 0.83%, 0, 30, 8, 25.42
1570725963, 36, 60, 73, 32, 0, 0.83%, 0, 30, 8, 28.09
1570726213, 36, 63, 73, 31, 0, 0.83%, 0, 30, 8, 28.81
1570726481, 36, 63, 74, 32, 0, 0.83%, 0, 30, 8, 32.91
1570726707, 36, 64, 74, 31, 0, 0.83%, 0, 30, 8, 31.99
1570726841, 36, 69, 74, 31, 0, 0.83%, 0, 30, 8, 26.71
1570727522, 37, 2, 74, 30, 0, 0.83%, 0, 30, 8, 32.59
1570727532, 37, 3, 74, 30, 0, 0.83%, 0, 30, 8, 33.54
1570727542, 37, 6, 74, 30, 0, 0.83%, 0, 30, 8, 24.30
1570728084, 37, 8, 74, 29, 0, 0.83%, 0, 30, 8, 32.35
1570728171, 37, 10, 74, 29, 0, 0.83%, 0, 30, 8, 34.37
1570728258, 37, 11, 74, 29, 0, 0.83%, 0, 30, 8, 34.02
1570728345, 37, 12, 74, 29, 0, 0.83%, 0, 30, 8, 34.05
1570728427, 37, 13, 74, 29, 0, 0.83%, 0, 30, 8, 35.09
1570728514, 37, 14, 74, 29, 0, 0.83%, 0, 30, 8, 32.37
1570728601, 37, 15, 74, 29, 0, 0.83%, 0, 30, 8, 33.04
1570728627, 37, 15, 75, 30, 0, 0.83%, 0, 30, 8, 32.86
1570728725, 37, 16, 75, 30, 0, 0.83%, 0, 30, 8, 32.36
1570728807, 37, 17, 75, 30, 0, 0.83%, 0, 30, 8, 35.68
1570728889, 37, 18, 75, 30, 0, 0.83%, 0, 30, 8, 35.45
1570728972, 37, 19, 75, 30, 0, 0.83%, 0, 30, 8, 32.08
1570729059, 37, 21, 75, 30, 0, 0.83%, 0, 30, 8, 32.92
1570729151, 37, 22, 75, 30, 0, 0.83%, 0, 30, 8, 32.64
1570729238, 37, 23, 75, 30, 0, 0.83%, 0, 30, 8, 27.63
1570729986, 37, 26, 75, 29, 0, 0.83%, 0, 30, 8, 30.02
1570730079, 37, 29, 75, 29, 0, 0.83%, 0, 30, 8, 31.24
1570730176, 37, 30, 75, 29, 0, 0.83%, 0, 30, 8, 28.75
1570730278, 37, 34, 75, 29, 0, 0.83%, 0, 30, 8, 34.02
1570730642, 37, 35, 75, 28, 0, 0.83%, 0, 30, 8, 31.94
1570731068, 37, 39, 75, 27, 0, 0.83%, 0, 30, 8, 33.72
1570731155, 37, 41, 75, 27, 0, 0.83%, 0, 30, 8, 33.05
1570731247, 37, 47, 75, 27, 0, 0.83%, 0, 30, 8, 32.40
1570731344, 37, 52, 75, 27, 0, 0.83%, 0, 30, 8, 29.86
1570731722, 37, 53, 75, 26, 0, 0.83%, 0, 30, 8, 28.82
1570731810, 37, 58, 75, 26, 0, 0.83%, 0, 30, 8, 31.23
1570731876, 37, 59, 75, 26, 0, 0.83%, 0, 30, 8, 26.53
1570732578, 37, 61, 75, 25, 0, 0.83%, 0, 30, 8, 25.36
1570733197, 37, 64, 75, 24, 0, 0.83%, 0, 30, 8, 30.88
1570733213, 37, 64, 76, 25, 0, 0.83%, 0, 30, 9, 32.37
1570733367, 37, 66, 76, 25, 0, 0.83%, 0, 30, 9, 34.98
1570734916, 37, 70, 76, 24, 0, 0.83%, 0, 30, 9, 26.56
1570735398, 37, 70, 77, 25, 0, 0.85%, 0, 30, 9, 30.86
1570735679, 37, 76, 79, 26, 1, 0.85%, 0, 30, 9, 29.85
1570735864, 37, 76, 80, 27, 1, 0.87%, 0, 30, 9, 32.53
1570736160, 37, 76, 81, 28, 1, 0.87%, 0, 30, 9, 31.83
1570736196, 37, 77, 81, 27, 3, 0.87%, 0, 30, 9, 33.79
1570736509, 37, 78, 81, 26, 2, 0.87%, 0, 31, 9, 5.67
1570736709, 37, 78, 82, 27, 2, 0.87%, 0, 31, 10, 30.97
1570737036, 37, 79, 82, 26, 2, 0.87%, 0, 31, 10, 30.26
1570737052, 37, 79, 83, 27, 2, 0.87%, 0, 31, 10, 22.92
1570737103, 37, 79, 83, 27, 2, 0.87%, 0, 32, 10, 35.04
1570737191, 37, 79, 83, 27, 2, 0.87%, 0, 33, 10, 1.88
1570737385, 37, 81, 83, 26, 2, 0.87%, 0, 33, 10, 30.01
1570737518, 37, 81, 84, 27, 2, 0.88%, 0, 33, 11, 32.62
1570737652, 37, 81, 85, 28, 2, 0.89%, 0, 33, 11, 33.61
1570737938, 37, 82, 85, 27, 3, 0.89%, 0, 33, 11, 29.93
1570737959, 37, 82, 85, 27, 3, 0.89%, 0, 34, 11, 31.09
1570738030, 37, 82, 86, 28, 3, 0.89%, 0, 34, 11, 33.20
1570738281, 37, 82, 87, 29, 3, 0.89%, 0, 34, 11, 32.10
1570738471, 37, 83, 87, 28, 3, 0.89%, 0, 34, 11, 33.31
1570738507, 37, 83, 87, 28, 3, 0.89%, 0, 35, 11, 38.06
1570738604, 37, 83, 88, 29, 3, 0.91%, 0, 35, 12, 35.58
1570738928, 37, 83, 88, 29, 3, 0.91%, 0, 36, 12, 30.00
1570738969, 37, 83, 89, 30, 3, 0.91%, 0, 36, 12, 33.29
1570738974, 37, 83, 90, 31, 3, 0.91%, 0, 36, 12, 35.00
1570739015, 37, 83, 90, 31, 3, 0.91%, 0, 37, 12, 31.08
1570739020, 37, 85, 91, 31, 4, 0.91%, 0, 37, 12, 30.99
1570739025, 37, 85, 93, 33, 4, 0.92%, 1, 38, 12, 28.75
1570739062, 37, 85, 93, 33, 4, 0.92%, 1, 39, 12, 5.80
1570739134, 37, 85, 94, 34, 4, 0.92%, 1, 39, 12, 33.20
1570739529, 37, 85, 94, 34, 4, 0.92%, 2, 39, 12, 32.85
1570739570, 37, 86, 94, 33, 6, 0.92%, 2, 39, 12, 32.09
1570739892, 37, 86, 94, 33, 6, 0.92%, 2, 40, 12, 26.98
1570739953, 37, 87, 94, 32, 5, 0.92%, 2, 40, 12, 30.24
1570740348, 37, 88, 94, 31, 4, 0.92%, 2, 40, 12, 31.51
1570740747, 37, 90, 94, 30, 3, 0.92%, 2, 40, 12, 30.14
1570741120, 37, 91, 94, 29, 2, 0.92%, 2, 40, 12, 31.22
1570741495, 37, 92, 94, 28, 1, 0.92%, 2, 40, 12, 29.83
1570741798, 37, 92, 95, 29, 1, 0.92%, 2, 40, 13, 30.76
1570741803, 37, 92, 96, 30, 1, 0.92%, 2, 40, 13, 32.59
1570741880, 38, 2, 96, 29, 0, 0.92%, 2, 40, 13, 36.67
1570741890, 38, 3, 96, 29, 0, 0.92%, 2, 40, 13, 31.83
1570741906, 38, 8, 96, 29, 0, 0.92%, 2, 40, 13, 32.21
1570741998, 38, 10, 96, 29, 0, 0.92%, 2, 40, 13, 30.96
1570742090, 38, 11, 96, 29, 0, 0.92%, 2, 40, 13, 32.62
1570742182, 38, 12, 96, 29, 0, 0.92%, 2, 40, 13, 31.28
1570742274, 38, 13, 96, 29, 0, 0.92%, 2, 40, 13, 31.62
1570742361, 38, 14, 96, 29, 0, 0.92%, 2, 40, 13, 32.78
1570742453, 38, 15, 96, 29, 0, 0.92%, 2, 40, 13, 30.94
1570742545, 38, 16, 96, 29, 0, 0.92%, 2, 40, 13, 30.04
1570742627, 38, 17, 96, 29, 0, 0.92%, 2, 40, 13, 30.79
1570742720, 38, 18, 96, 29, 0, 0.92%, 2, 40, 13, 31.42
1570742801, 38, 19, 96, 29, 0, 0.92%, 2, 40, 13, 32.43
1570742898, 38, 21, 96, 29, 0, 0.92%, 2, 40, 13, 32.17
1570742991, 38, 22, 96, 29, 0, 0.92%, 2, 40, 13, 31.06
1570743078, 38, 25, 96, 29, 0, 0.92%, 2, 40, 13, 28.46
1570743734, 38, 26, 96, 28, 0, 0.92%, 2, 40, 13, 29.27
1570743826, 38, 28, 96, 28, 0, 0.92%, 2, 40, 13, 32.26
1570744281, 38, 29, 96, 27, 0, 0.92%, 2, 40, 13, 29.72
1570744378, 38, 36, 96, 27, 0, 0.92%, 2, 40, 13, 28.31
1570744901, 38, 39, 96, 26, 0, 0.92%, 2, 40, 13, 31.72
1570744993, 38, 41, 96, 26, 0, 0.92%, 2, 40, 13, 31.71
1570745080, 38, 47, 96, 26, 0, 0.92%, 2, 40, 13, 33.04
1570745168, 38, 51, 96, 26, 0, 0.92%, 2, 40, 13, 35.34
1570745260, 38, 53, 96, 26, 0, 0.92%, 2, 40, 13, 31.63
1570745352, 38, 54, 96, 26, 0, 0.92%, 2, 40, 13, 30.71
1570745918, 38, 56, 96, 25, 0, 0.92%, 2, 40, 13, 30.75
1570746015, 38, 57, 96, 25, 0, 0.92%, 2, 40, 13, 27.03
1570747205, 38, 58, 96, 24, 0, 0.92%, 2, 40, 13, 26.83
1570747297, 38, 64, 96, 24, 0, 0.92%, 2, 40, 13, 33.10
1570747431, 38, 71, 96, 24, 0, 0.92%, 2, 40, 13, 32.42
1570747783, 38, 71, 97, 25, 0, 0.92%, 2, 40, 13, 34.04
1570747845, 38, 75, 97, 24, 0, 0.92%, 2, 40, 13, 31.10
1570748101, 38, 75, 98, 25, 0, 0.92%, 2, 40, 13, 35.00
1570748463, 38, 76, 98, 24, 0, 0.92%, 2, 40, 13, 32.13
1570748596, 38, 77, 98, 24, 0, 0.92%, 2, 40, 13, 33.24
1570748735, 38, 78, 98, 24, 0, 0.92%, 2, 40, 13, 34.00
1570748868, 38, 81, 98, 24, 0, 0.92%, 2, 40, 13, 33.42
1570749002, 38, 82, 98, 24, 0, 0.92%, 2, 40, 13, 33.38
1570749135, 38, 83, 98, 24, 0, 0.92%, 2, 40, 13, 34.00
1570749248, 38, 83, 99, 25, 0, 0.92%, 2, 40, 13, 30.89
1570749279, 38, 85, 99, 25, 0, 0.92%, 2, 40, 13, 31.04
1570749402, 38, 86, 99, 25, 0, 0.92%, 2, 40, 13, 34.73
1570749535, 38, 87, 99, 25, 0, 0.92%, 2, 40, 13, 34.52
1570749663, 38, 88, 99, 25, 0, 0.92%, 2, 40, 13, 35.17
1570749796, 38, 90, 99, 25, 0, 0.92%, 2, 40, 13, 32.52
1570749935, 38, 91, 99, 25, 0, 0.92%, 2, 40, 13, 34.98
1570749981, 38, 91, 100, 26, 0, 0.92%, 2, 40, 13, 31.85
1570750073, 38, 99, 100, 26, 1, 0.92%, 2, 40, 13, 33.02
1570750457, 39, 2, 100, 25, 0, 0.92%, 2, 40, 13, 29.34
1570750472, 39, 3, 100, 25, 0, 0.92%, 2, 40, 13, 33.11
1570750482, 39, 8, 100, 25, 0, 0.92%, 2, 40, 13, 32.54
1570750575, 39, 9, 100, 25, 0, 0.92%, 2, 40, 13, 33.23
1570750851, 39, 10, 100, 24, 0, 0.92%, 2, 40, 13, 33.87
1570750944, 39, 11, 100, 24, 0, 0.92%, 2, 40, 13, 34.13
1570751031, 39, 12, 100, 24, 0, 0.92%, 2, 40, 13, 33.87
1570751128, 39, 13, 100, 24, 0, 0.92%, 2, 40, 13, 31.96
1570751210, 39, 14, 100, 24, 0, 0.92%, 2, 40, 13, 31.94
1570751302, 39, 15, 100, 24, 0, 0.92%, 2, 40, 13, 31.66
1570751395, 39, 16, 100, 24, 0, 0.92%, 2, 40, 13, 29.68
1570751441, 39, 16, 102, 26, 0, 0.93%, 2, 40, 13, 32.26
1570751497, 39, 27, 102, 26, 1, 0.93%, 2, 40, 13, 31.52
1570751594, 39, 101, 102, 26, 1, 0.93%, 2, 40, 13, 30.49
1570751916, 40, 2, 102, 25, 0, 0.93%, 2, 40, 13, 34.35
1570751926, 40, 3, 102, 25, 0, 0.93%, 2, 40, 13, 34.68
1570751936, 40, 8, 102, 25, 0, 0.93%, 2, 40, 13, 31.79
1570752024, 40, 10, 102, 25, 0, 0.93%, 2, 40, 13, 33.87
1570752117, 40, 11, 102, 25, 0, 0.93%, 2, 40, 13, 33.55
1570752209, 40, 12, 102, 25, 0, 0.93%, 2, 40, 13, 34.06
1570752270, 40, 12, 103, 26, 0, 0.94%, 2, 40, 13, 31.75
1570752291, 40, 60, 103, 26, 1, 0.94%, 2, 40, 13, 31.87
1570752393, 40, 102, 103, 26, 1, 0.94%, 2, 40, 13, 28.86
1570752747, 41, 1, 103, 25, 0, 0.94%, 2, 40, 13, 31.52
1570752757, 41, 2, 103, 25, 0, 0.94%, 2, 40, 13, 33.15
1570752767, 41, 3, 103, 25, 0, 0.94%, 2, 40, 13, 32.50
1570752782, 41, 8, 103, 25, 0, 0.94%, 2, 40, 13, 32.74
1570752869, 41, 10, 103, 25, 0, 0.94%, 2, 40, 13, 32.42
1570752962, 41, 11, 103, 25, 0, 0.94%, 2, 40, 13, 32.88
1570753049, 41, 13, 103, 25, 0, 0.94%, 2, 40, 13, 33.29
1570753140, 41, 14, 103, 25, 0, 0.94%, 2, 40, 13, 30.67
1570753228, 41, 15, 103, 25, 0, 0.94%, 2, 40, 13, 32.29
1570753320, 41, 16, 103, 25, 0, 0.94%, 2, 40, 13, 32.41
1570753412, 41, 17, 103, 25, 0, 0.94%, 2, 40, 13, 31.51
1570753499, 41, 18, 103, 25, 0, 0.94%, 2, 40, 13, 34.32
1570753592, 41, 19, 103, 25, 0, 0.94%, 2, 40, 13, 32.74
1570753679, 41, 20, 103, 25, 0, 0.94%, 2, 40, 13, 29.41
1570754088, 41, 21, 103, 24, 0, 0.94%, 2, 40, 13, 30.67
1570754180, 41, 22, 103, 24, 0, 0.94%, 2, 40, 13, 33.36
1570754267, 41, 26, 103, 24, 0, 0.94%, 2, 40, 13, 34.18
1570754360, 41, 29, 103, 24, 0, 0.94%, 2, 40, 13, 30.19
1570754451, 41, 39, 103, 24, 0, 0.94%, 2, 40, 13, 26.92
1570754548, 41, 40, 103, 24, 0, 0.94%, 2, 40, 13, 29.18
1570755004, 41, 41, 103, 23, 0, 0.94%, 2, 40, 13, 31.74
1570755096, 41, 45, 103, 23, 0, 0.94%, 2, 40, 13, 32.40
1570755388, 41, 47, 103, 22, 0, 0.94%, 2, 40, 13, 34.74
1570755480, 41, 53, 103, 22, 0, 0.94%, 2, 40, 13, 31.76
1570755567, 41, 64, 103, 22, 0, 0.94%, 2, 40, 13, 34.99
1570755706, 41, 65, 103, 22, 0, 0.94%, 2, 40, 13, 29.73
1570756075, 41, 68, 103, 21, 0, 0.94%, 2, 40, 13, 30.66
1570756455, 41, 71, 103, 20, 0, 0.94%, 2, 40, 13, 32.98
1570756588, 41, 75, 103, 20, 0, 0.94%, 2, 40, 13, 32.17
1570756665, 41, 75, 104, 21, 0, 0.94%, 2, 40, 13, 30.32
1570756742, 41, 76, 104, 21, 0, 0.94%, 2, 40, 13, 31.98
1570756880, 41, 77, 104, 21, 0, 0.94%, 2, 40, 13, 29.89
1570757019, 41, 81, 104, 21, 0, 0.94%, 2, 40, 13, 31.40
1570757158, 41, 82, 104, 21, 0, 0.94%, 2, 40, 13, 30.84
1570757302, 41, 83, 104, 21, 0, 0.94%, 2, 40, 13, 33.74
1570757435, 41, 84, 104, 21, 0, 0.94%, 2, 40, 13, 30.35
1570757574, 41, 84, 105, 22, 0, 0.94%, 2, 40, 13, 32.53
1570757676, 41, 84, 106, 23, 0, 0.94%, 2, 40, 13, 31.23
1570758050, 41, 85, 106, 22, 0, 0.94%, 2, 40, 13, 31.59
1570758182, 41, 86, 106, 22, 0, 0.94%, 2, 40, 13, 33.42
1570758325, 41, 87, 106, 22, 0, 0.94%, 2, 40, 13, 30.80
1570758469, 41, 90, 106, 22, 0, 0.94%, 2, 40, 13, 30.62
1570758612, 41, 91, 106, 22, 0, 0.94%, 2, 40, 13, 29.77
1570758751, 41, 92, 106, 22, 0, 0.94%, 2, 40, 13, 31.93
1570758885, 41, 96, 106, 22, 0, 0.94%, 2, 40, 13, 33.86
1570759104, 41, 96, 107, 23, 0, 0.94%, 2, 40, 13, 30.18
1570759130, 41, 96, 108, 24, 0, 0.94%, 2, 40, 13, 30.37
1570759591, 41, 99, 108, 23, 0, 0.94%, 2, 40, 13, 31.94
1570759729, 41, 101, 108, 23, 0, 0.94%, 2, 40, 13, 31.99
1570759826, 41, 102, 108, 23, 0, 0.94%, 2, 40, 13, 29.85
1570759924, 42, 2, 108, 23, 0, 0.94%, 2, 40, 13, 30.70
1570759934, 42, 3, 108, 23, 0, 0.94%, 2, 40, 13, 32.01
1570759949, 42, 8, 108, 23, 0, 0.94%, 2, 40, 13, 30.30
1570759995, 42, 10, 108, 23, 0, 0.94%, 2, 40, 13, 30.50
1570760046, 42, 11, 108, 23, 0, 0.94%, 2, 40, 13, 29.29
1570760098, 42, 13, 108, 23, 0, 0.94%, 2, 40, 13, 30.94
1570760189, 42, 14, 108, 23, 0, 0.94%, 2, 40, 13, 30.13
1570760281, 42, 15, 108, 23, 0, 0.94%, 2, 40, 13, 30.02
1570760378, 42, 16, 108, 23, 0, 0.94%, 2, 40, 13, 30.87
1570760475, 42, 17, 108, 23, 0, 0.94%, 2, 40, 13, 29.59
1570760572, 42, 18, 108, 23, 0, 0.94%, 2, 40, 13, 32.54
1570760664, 42, 19, 108, 23, 0, 0.94%, 2, 40, 13, 29.83
1570760757, 42, 21, 108, 23, 0, 0.94%, 2, 40, 13, 31.99
1570760849, 42, 22, 108, 23, 0, 0.94%, 2, 40, 13, 31.60
1570760946, 42, 26, 108, 23, 0, 0.94%, 2, 40, 13, 31.62
1570761043, 42, 29, 108, 23, 0, 0.94%, 2, 40, 13, 29.37
1570761145, 42, 33, 108, 23, 0, 0.94%, 2, 40, 13, 28.29
1570761524, 42, 38, 108, 22, 0, 0.94%, 2, 40, 13, 28.93
1570761852, 42, 39, 108, 21, 0, 0.94%, 2, 40, 13, 30.95
1570761943, 42, 41, 108, 21, 0, 0.94%, 2, 40, 13, 30.87
1570762035, 42, 43, 108, 21, 0, 0.94%, 2, 40, 13, 31.32
1570762127, 42, 47, 108, 21, 0, 0.94%, 2, 40, 13, 32.39
1570762220, 42, 53, 108, 21, 0, 0.94%, 2, 40, 13, 32.92
1570762311, 42, 57, 108, 21, 0, 0.94%, 2, 40, 13, 28.34
1570762419, 42, 64, 108, 21, 0, 0.94%, 2, 40, 13, 30.14
1570762557, 42, 67, 108, 21, 0, 0.94%, 2, 40, 13, 31.60
1570762889, 42, 71, 108, 20, 0, 0.94%, 2, 40, 13, 31.52
1570763033, 42, 75, 108, 20, 0, 0.94%, 2, 40, 13, 29.61
1570763181, 42, 76, 108, 20, 0, 0.94%, 2, 40, 13, 30.06
1570763320, 42, 77, 108, 20, 0, 0.94%, 2, 40, 13, 32.26
1570763463, 42, 81, 108, 20, 0, 0.94%, 2, 40, 13, 29.65
1570763607, 42, 82, 108, 20, 0, 0.94%, 2, 40, 13, 31.61
1570763740, 42, 83, 108, 20, 0, 0.94%, 2, 40, 13, 31.82
1570763888, 42, 84, 108, 20, 0, 0.94%, 2, 40, 13, 29.38
1570764026, 42, 85, 108, 20, 0, 0.94%, 2, 40, 13, 33.28
1570764160, 42, 86, 108, 20, 0, 0.94%, 2, 40, 13, 33.24
1570764294, 42, 87, 108, 20, 0, 0.94%, 2, 40, 13, 35.43
1570764431, 42, 90, 108, 20, 0, 0.94%, 2, 40, 13, 30.80
1570764569, 42, 91, 108, 20, 0, 0.94%, 2, 40, 13, 31.20
1570764707, 42, 92, 108, 20, 0, 0.94%, 2, 40, 13, 30.57
1570764850, 42, 99, 108, 20, 0, 0.94%, 2, 40, 13, 30.74
1570764994, 42, 101, 108, 20, 0, 0.94%, 2, 40, 13, 30.70
1570765081, 42, 102, 108, 20, 0, 0.94%, 2, 40, 13, 33.27
1570765173, 42, 103, 108, 20, 0, 0.94%, 2, 40, 13, 33.60
1570765744, 42, 107, 108, 19, 0, 0.94%, 2, 40, 13, 31.77
1570766276, 43, 2, 108, 18, 0, 0.94%, 2, 40, 13, 29.75
1570766291, 43, 3, 108, 18, 0, 0.94%, 2, 40, 13, 32.58
1570766302, 43, 8, 108, 18, 0, 0.94%, 2, 40, 13, 31.93
1570766348, 43, 10, 108, 18, 0, 0.94%, 2, 40, 13, 34.17
1570766388, 43, 11, 108, 18, 0, 0.94%, 2, 40, 13, 30.12
1570766434, 43, 13, 108, 18, 0, 0.94%, 2, 40, 13, 31.58
1570766480, 43, 14, 108, 18, 0, 0.94%, 2, 40, 13, 32.85
1570766521, 43, 15, 108, 18, 0, 0.94%, 2, 40, 13, 33.33
1570766567, 43, 16, 108, 18, 0, 0.94%, 2, 40, 13, 32.65
1570766614, 43, 17, 108, 18, 0, 0.94%, 2, 40, 13, 33.04
1570766700, 43, 18, 108, 18, 0, 0.94%, 2, 40, 13, 34.56
1570766788, 43, 19, 108, 18, 0, 0.94%, 2, 40, 13, 34.48
1570766875, 43, 21, 108, 18, 0, 0.94%, 2, 40, 13, 34.17
1570766962, 43, 22, 108, 18, 0, 0.94%, 2, 40, 13, 36.74
1570767049, 43, 26, 108, 18, 0, 0.94%, 2, 40, 13, 32.43
1570767142, 43, 29, 108, 18, 0, 0.94%, 2, 40, 13, 33.10
1570767240, 43, 36, 108, 18, 0, 0.94%, 2, 40, 13, 28.57
1570767336, 43, 38, 108, 18, 0, 0.94%, 2, 40, 13, 36.63
1570767423, 43, 39, 108, 18, 0, 0.94%, 2, 40, 13, 34.03
1570767511, 43, 41, 108, 18, 0, 0.94%, 2, 40, 13, 32.37
1570767603, 43, 47, 108, 18, 0, 0.94%, 2, 40, 13, 34.03
1570767690, 43, 50, 108, 18, 0, 0.94%, 2, 40, 13, 33.95
1570767993, 43, 52, 108, 17, 0, 0.94%, 2, 40, 13, 32.85
1570768080, 43, 53, 108, 17, 0, 0.94%, 2, 40, 13, 31.45
1570768167, 43, 64, 108, 17, 0, 0.94%, 2, 40, 13, 34.32
1570768301, 43, 69, 108, 17, 0, 0.94%, 2, 40, 13, 29.91
1570768403, 43, 70, 108, 17, 0, 0.94%, 2, 40, 13, 35.04
1570768495, 43, 71, 108, 17, 0, 0.94%, 2, 40, 13, 31.73
1570768633, 43, 72, 108, 17, 0, 0.94%, 2, 40, 13, 29.50
1570769977, 43, 75, 108, 16, 0, 0.94%, 2, 40, 13, 33.51
1570770115, 43, 76, 108, 16, 0, 0.94%, 2, 40, 13, 32.80
1570770254, 43, 77, 108, 16, 0, 0.94%, 2, 40, 13, 31.36
1570770387, 43, 81, 108, 16, 0, 0.94%, 2, 40, 13, 34.38
1570770531, 43, 82, 108, 16, 0, 0.94%, 2, 40, 13, 31.30
1570770669, 43, 83, 108, 16, 0, 0.94%, 2, 40, 13, 30.03
1570770808, 43, 85, 108, 16, 0, 0.94%, 2, 40, 13, 31.95
1570770930, 43, 86, 108, 16, 0, 0.94%, 2, 40, 13, 34.22
1570771058, 43, 87, 108, 16, 0, 0.94%, 2, 40, 13, 33.08
1570771192, 43, 89, 108, 16, 0, 0.94%, 2, 40, 13, 30.59
1570771613, 43, 90, 108, 15, 0, 0.94%, 2, 40, 13, 34.67
1570771741, 43, 91, 108, 15, 0, 0.94%, 2, 40, 13, 33.85
1570771859, 43, 92, 108, 15, 0, 0.94%, 2, 40, 13, 32.54
1570771987, 43, 93, 108, 15, 0, 0.94%, 2, 40, 13, 31.85
1570772408, 43, 99, 108, 14, 0, 0.94%, 2, 40, 13, 31.08
1570772551, 43, 101, 108, 14, 0, 0.94%, 2, 40, 13, 33.72
1570772638, 43, 102, 108, 14, 0, 0.94%, 2, 40, 13, 32.49
1570772725, 44, 2, 108, 14, 0, 0.94%, 2, 40, 13, 33.42
1570772735, 44, 3, 108, 14, 0, 0.94%, 2, 40, 13, 32.39
1570772751, 44, 8, 108, 14, 0, 0.94%, 2, 40, 13, 31.27
1570772771, 44, 10, 108, 14, 0, 0.94%, 2, 40, 13, 33.13
1570772797, 44, 11, 108, 14, 0, 0.94%, 2, 40, 13, 33.53
1570772817, 44, 13, 108, 14, 0, 0.94%, 2, 40, 13, 31.92
1570772863, 44, 14, 108, 14, 0, 0.94%, 2, 40, 13, 31.93
1570772910, 44, 15, 108, 14, 0, 0.94%, 2, 40, 13, 34.28
1570772951, 44, 16, 108, 14, 0, 0.94%, 2, 40, 13, 34.25
1570772987, 44, 17, 108, 14, 0, 0.94%, 2, 40, 13, 33.55
1570773033, 44, 18, 108, 14, 0, 0.94%, 2, 40, 13, 33.59
1570773073, 44, 19, 108, 14, 0, 0.94%, 2, 40, 13, 33.79
1570773119, 44, 21, 108, 14, 0, 0.94%, 2, 40, 13, 30.25
1570773165, 44, 22, 108, 14, 0, 0.94%, 2, 40, 13, 34.95
1570773211, 44, 26, 108, 14, 0, 0.94%, 2, 40, 13, 31.64
1570773258, 44, 29, 108, 14, 0, 0.94%, 2, 40, 13, 32.35
1570773303, 44, 39, 108, 14, 0, 0.94%, 2, 40, 13, 32.37
1570773344, 44, 41, 108, 14, 0, 0.94%, 2, 40, 13, 33.55
1570773391, 44, 46, 108, 14, 0, 0.94%, 2, 40, 13, 34.58
1570773483, 44, 47, 108, 14, 0, 0.94%, 2, 40, 13, 32.75
1570773524, 44, 48, 108, 14, 0, 0.94%, 2, 40, 13, 31.13
1570773616, 44, 53, 108, 14, 0, 0.94%, 2, 40, 13, 32.45
1570773662, 44, 63, 108, 14, 0, 0.94%, 2, 40, 13, 30.50
1570773755, 44, 64, 108, 14, 0, 0.94%, 2, 40, 13, 32.95
1570773821, 44, 66, 108, 14, 0, 0.94%, 2, 40, 13, 31.17
1570773969, 44, 71, 108, 14, 0, 0.94%, 2, 40, 13, 33.40
1570774112, 44, 73, 108, 14, 0, 0.94%, 2, 40, 13, 32.55
1570774858, 44, 75, 108, 13, 0, 0.94%, 2, 40, 13, 21.68
1570775058, 44, 76, 108, 13, 0, 0.94%, 2, 40, 13, 22.40
1570775246, 44, 77, 108, 13, 0, 0.94%, 2, 40, 13, 21.52
1570775461, 44, 81, 108, 13, 0, 0.94%, 2, 40, 13, 20.23
1570775676, 44, 82, 108, 13, 0, 0.94%, 2, 40, 13, 20.25
1570775896, 44, 83, 108, 13, 0, 0.94%, 2, 40, 13, 21.08
1570776101, 44, 85, 108, 13, 0, 0.94%, 2, 40, 13, 22.00
1570776285, 44, 86, 108, 13, 0, 0.94%, 2, 40, 13, 21.69
1570776489, 44, 87, 108, 13, 0, 0.94%, 2, 40, 13, 22.12
1570776689, 44, 89, 108, 13, 0, 0.94%, 2, 40, 13, 19.99
1570776894, 44, 90, 108, 13, 0, 0.94%, 2, 40, 13, 21.78
1570777094, 44, 91, 108, 13, 0, 0.94%, 2, 40, 13, 21.92
1570777294, 44, 92, 108, 13, 0, 0.94%, 2, 40, 13, 21.56
1570777503, 44, 94, 108, 13, 0, 0.94%, 2, 40, 13, 21.45
1570778266, 44, 99, 108, 12, 0, 0.94%, 2, 40, 13, 22.35
1570778470, 44, 100, 108, 12, 0, 0.94%, 2, 40, 13, 20.91
1570779026, 44, 101, 108, 11, 0, 0.94%, 2, 40, 13, 22.28
1570779150, 44, 102, 108, 11, 0, 0.94%, 2, 40, 13, 22.31
1570779283, 44, 106, 108, 11, 0, 0.94%, 2, 40, 13, 23.61
1570780031, 45, 2, 108, 10, 0, 0.94%, 2, 40, 13, 21.82
1570780046, 45, 3, 108, 10, 0, 0.94%, 2, 40, 13, 22.05
1570780061, 45, 8, 108, 10, 0, 0.94%, 2, 40, 13, 20.88
1570780098, 45, 10, 108, 10, 0, 0.94%, 2, 40, 13, 21.94
1570780133, 45, 11, 108, 10, 0, 0.94%, 2, 40, 13, 21.43
1570780164, 45, 13, 108, 10, 0, 0.94%, 2, 40, 13, 22.61
1570780194, 45, 14, 108, 10, 0, 0.94%, 2, 40, 13, 21.37
1570780230, 45, 15, 108, 10, 0, 0.94%, 2, 40, 13, 21.36
1570780266, 45, 16, 108, 10, 0, 0.94%, 2, 40, 13, 20.81
1570780301, 45, 17, 108, 10, 0, 0.94%, 2, 40, 13, 21.15
1570780368, 45, 18, 108, 10, 0, 0.94%, 2, 40, 13, 21.19
1570780434, 45, 19, 108, 10, 0, 0.94%, 2, 40, 13, 22.86
1570780500, 45, 21, 108, 10, 0, 0.94%, 2, 40, 13, 22.54
1570780567, 45, 22, 108, 10, 0, 0.94%, 2, 40, 13, 22.60
1570780633, 45, 26, 108, 10, 0, 0.94%, 2, 40, 13, 22.15
1570780699, 45, 29, 108, 10, 0, 0.94%, 2, 40, 13, 21.80
1570780766, 45, 39, 108, 10, 0, 0.94%, 2, 40, 13, 20.65
1570780837, 45, 41, 108, 10, 0, 0.94%, 2, 40, 13, 22.70
1570780899, 45, 47, 108, 10, 0, 0.94%, 2, 40, 13, 21.97
1570780965, 45, 53, 108, 10, 0, 0.94%, 2, 40, 13, 21.67
1570781032, 45, 64, 108, 10, 0, 0.94%, 2, 40, 13, 23.11
1570781134, 45, 65, 108, 10, 0, 0.94%, 2, 40, 13, 23.20
1570781261, 45, 69, 108, 10, 0, 0.94%, 2, 40, 13, 21.64
1570781399, 45, 71, 108, 10, 0, 0.94%, 2, 40, 13, 22.47
1570781598, 45, 75, 108, 10, 0, 0.94%, 2, 40, 13, 22.88
1570781793, 45, 76, 108, 10, 0, 0.94%, 2, 40, 13, 22.83
1570781987, 45, 77, 108, 10, 0, 0.94%, 2, 40, 13, 22.94
1570782186, 45, 80, 108, 10, 0, 0.94%, 2, 40, 13, 22.57
1570782782, 45, 81, 108, 9, 0, 0.94%, 2, 40, 13, 22.73
1570782981, 45, 82, 108, 9, 0, 0.94%, 2, 40, 13, 23.04
1570783181, 45, 83, 108, 9, 0, 0.94%, 2, 40, 13, 22.09
1570783381, 45, 85, 108, 9, 0, 0.94%, 2, 40, 13, 22.55
1570783554, 45, 86, 108, 9, 0, 0.94%, 2, 40, 13, 22.22
1570783744, 45, 87, 108, 9, 0, 0.94%, 2, 40, 13, 22.07
1570783943, 45, 90, 108, 9, 0, 0.94%, 2, 40, 13, 21.70
1570784138, 45, 91, 108, 9, 0, 0.94%, 2, 40, 13, 22.56
1570784342, 45, 92, 108, 9, 0, 0.94%, 2, 40, 13, 21.94
1570784536, 45, 99, 108, 9, 0, 0.94%, 2, 40, 13, 23.62
1570784736, 45, 100, 108, 9, 0, 0.94%, 2, 40, 13, 22.43
1570784864, 45, 101, 108, 9, 0, 0.94%, 2, 40, 13, 23.14
1570784987, 45, 102, 108, 9, 0, 0.94%, 2, 40, 13, 22.81
1570785120, 46, 2, 108, 9, 0, 0.94%, 2, 40, 13, 22.72
1570785140, 46, 3, 108, 9, 0, 0.94%, 2, 40, 13, 22.12
1570785156, 46, 7, 108, 9, 0, 0.94%, 2, 40, 13, 20.53
1570785294, 46, 8, 108, 9, 0, 0.94%, 2, 40, 13, 22.48
1570785325, 46, 9, 108, 9, 0, 0.94%, 2, 40, 13, 22.59
1570785463, 46, 10, 108, 9, 0, 0.94%, 2, 40, 13, 20.90
1570785494, 46, 11, 108, 9, 0, 0.94%, 2, 40, 13, 21.55
1570785529, 46, 13, 108, 9, 0, 0.94%, 2, 40, 13, 20.60
1570785565, 46, 14, 108, 9, 0, 0.94%, 2, 40, 13, 20.69
1570785596, 46, 15, 108, 9, 0, 0.94%, 2, 40, 13, 20.41
1570785632, 46, 16, 108, 9, 0, 0.94%, 2, 40, 13, 21.64
1570785663, 46, 17, 108, 9, 0, 0.94%, 2, 40, 13, 21.56
1570785699, 46, 18, 108, 9, 0, 0.94%, 2, 40, 13, 21.20
1570785734, 46, 19, 108, 9, 0, 0.94%, 2, 40, 13, 21.75
1570785770, 46, 21, 108, 9, 0, 0.94%, 2, 40, 13, 21.44
1570785801, 46, 22, 108, 9, 0, 0.94%, 2, 40, 13, 21.10
1570785837, 46, 26, 108, 9, 0, 0.94%, 2, 40, 13, 22.18
1570785873, 46, 29, 108, 9, 0, 0.94%, 2, 40, 13, 21.97
1570785904, 46, 39, 108, 9, 0, 0.94%, 2, 40, 13, 21.12
1570785940, 46, 41, 108, 9, 0, 0.94%, 2, 40, 13, 20.99
1570785975, 46, 43, 108, 9, 0, 0.94%, 2, 40, 13, 22.30
1570786113, 46, 47, 108, 9, 0, 0.94%, 2, 40, 13, 21.00
1570786149, 46, 53, 108, 9, 0, 0.94%, 2, 40, 13, 20.40
1570786179, 46, 63, 108, 9, 0, 0.94%, 2, 40, 13, 21.60
1570786318, 46, 64, 108, 9, 0, 0.94%, 2, 40, 13, 21.07
1570786369, 46, 71, 108, 9, 0, 0.94%, 2, 40, 13, 21.64
1570786583, 46, 75, 108, 9, 0, 0.94%, 2, 40, 13, 20.82
1570786793, 46, 76, 108, 9, 0, 0.94%, 2, 40, 13, 21.08
1570786981, 46, 77, 108, 9, 0, 0.94%, 2, 40, 13, 23.63
1570787176, 46, 81, 108, 9, 0, 0.94%, 2, 40, 13, 21.92
1570787381, 46, 82, 108, 9, 0, 0.94%, 2, 40, 13, 20.52
1570787586, 46, 83, 108, 9, 0, 0.94%, 2, 40, 13, 21.24
1570787785, 46, 85, 108, 9, 0, 0.94%, 2, 40, 13, 22.74
1570787969, 46, 86, 108, 9, 0, 0.94%, 2, 40, 13, 22.64
1570788169, 46, 87, 108, 9, 0, 0.94%, 2, 40, 13, 22.72
1570788368, 46, 90, 108, 9, 0, 0.94%, 2, 40, 13, 21.20
1570788572, 46, 91, 108, 9, 0, 0.94%, 2, 40, 13, 21.26
1570788775, 46, 92, 108, 9, 0, 0.94%, 2, 40, 13, 21.87
1570788980, 46, 94, 108, 9, 0, 0.94%, 2, 40, 13, 21.26
1570788990, 46, 94, 109, 10, 0, 0.94%, 2, 40, 14, 21.05
1570789112, 46, 94, 110, 11, 0, 0.94%, 2, 40, 14, 21.19
1570789261, 46, 98, 110, 11, 0, 0.94%, 2, 40, 14, 20.92
1570789276, 46, 98, 111, 12, 0, 0.94%, 2, 40, 14, 21.46
1570790091, 46, 99, 111, 11, 0, 0.94%, 2, 40, 14, 21.88
1570790295, 46, 101, 111, 11, 0, 0.94%, 2, 40, 14, 21.14
1570790423, 46, 102, 111, 11, 0, 0.94%, 2, 40, 14, 21.03
1570790556, 46, 103, 111, 11, 0, 0.94%, 2, 40, 14, 22.87
1570790750, 47, 2, 111, 11, 0, 0.94%, 2, 40, 14, 22.80
1570790765, 47, 3, 111, 11, 0, 0.94%, 2, 40, 14, 22.44
1570790786, 47, 8, 111, 11, 0, 0.94%, 2, 40, 14, 22.57
1570790816, 47, 10, 111, 11, 0, 0.94%, 2, 40, 14, 22.28
1570790852, 47, 11, 111, 11, 0, 0.94%, 2, 40, 14, 21.92
1570790883, 47, 13, 111, 11, 0, 0.94%, 2, 40, 14, 21.13
1570790919, 47, 14, 111, 11, 0, 0.94%, 2, 40, 14, 21.32
1570790950, 47, 15, 111, 11, 0, 0.94%, 2, 40, 14, 22.36
1570790986, 47, 16, 111, 11, 0, 0.94%, 2, 40, 14, 22.03
1570791017, 47, 17, 111, 11, 0, 0.94%, 2, 40, 14, 23.01
1570791047, 47, 18, 111, 11, 0, 0.94%, 2, 40, 14, 21.89
1570791083, 47, 19, 111, 11, 0, 0.94%, 2, 40, 14, 21.73
1570791114, 47, 21, 111, 11, 0, 0.94%, 2, 40, 14, 21.97
1570791149, 47, 22, 111, 11, 0, 0.94%, 2, 40, 14, 21.83
1570791180, 47, 26, 111, 11, 0, 0.94%, 2, 40, 14, 21.90
1570791211, 47, 29, 111, 11, 0, 0.94%, 2, 40, 14, 21.17
1570791247, 47, 39, 111, 11, 0, 0.94%, 2, 40, 14, 21.07
1570791283, 47, 41, 111, 11, 0, 0.94%, 2, 40, 14, 21.06
1570791313, 47, 47, 111, 11, 0, 0.94%, 2, 40, 14, 22.31
1570791349, 47, 53, 111, 11, 0, 0.94%, 2, 40, 14, 22.23
1570791380, 47, 54, 111, 11, 0, 0.94%, 2, 40, 14, 22.26
1570791513, 47, 59, 111, 11, 0, 0.94%, 2, 40, 14, 22.38
1570791646, 47, 64, 111, 11, 0, 0.94%, 2, 40, 14, 22.27
1570791697, 47, 71, 111, 11, 0, 0.94%, 2, 40, 14, 21.23
1570791896, 47, 73, 111, 11, 0, 0.94%, 2, 40, 14, 21.89
1570792096, 47, 75, 111, 11, 0, 0.94%, 2, 40, 14, 22.31
1570792295, 47, 76, 111, 11, 0, 0.94%, 2, 40, 14, 23.05
1570792494, 47, 77, 111, 11, 0, 0.94%, 2, 40, 14, 22.81
1570792693, 47, 81, 111, 11, 0, 0.94%, 2, 40, 14, 21.64
1570792898, 47, 82, 111, 11, 0, 0.94%, 2, 40, 14, 21.95
1570793097, 47, 83, 111, 11, 0, 0.94%, 2, 40, 14, 21.34
1570793302, 47, 85, 111, 11, 0, 0.94%, 2, 40, 14, 21.88
1570793477, 47, 86, 111, 11, 0, 0.94%, 2, 40, 14, 21.73
1570793676, 47, 87, 111, 11, 0, 0.94%, 2, 40, 14, 21.76
1570793876, 47, 89, 111, 11, 0, 0.94%, 2, 40, 14, 22.14
1570794076, 47, 90, 111, 11, 0, 0.94%, 2, 40, 14, 21.77
1570794280, 47, 91, 111, 11, 0, 0.94%, 2, 40, 14, 21.80
1570794485, 47, 92, 111, 11, 0, 0.94%, 2, 40, 14, 22.15
1570794685, 47, 95, 111, 11, 0, 0.94%, 2, 40, 14, 20.74
1570795431, 47, 99, 111, 10, 0, 0.94%, 2, 40, 14, 15.18
1570795724, 47, 101, 111, 10, 0, 0.94%, 2, 40, 14, 15.27
1570795918, 47, 102, 111, 10, 0, 0.94%, 2, 40, 14, 15.11
1570796112, 47, 106, 111, 10, 0, 0.94%, 2, 40, 14, 15.31
1570796384, 47, 110, 111, 10, 0, 0.94%, 2, 40, 14, 20.61
1570797106, 48, 2, 111, 9, 0, 0.94%, 2, 40, 14, 19.84
1570797121, 48, 3, 111, 9, 0, 0.94%, 2, 40, 14, 19.90
1570797141, 48, 8, 111, 9, 0, 0.94%, 2, 40, 14, 20.25
1570797182, 48, 10, 111, 9, 0, 0.94%, 2, 40, 14, 19.78
1570797218, 48, 11, 111, 9, 0, 0.94%, 2, 40, 14, 19.58
1570797254, 48, 13, 111, 9, 0, 0.94%, 2, 40, 14, 20.06
1570797289, 48, 14, 111, 9, 0, 0.94%, 2, 40, 14, 19.69
1570797325, 48, 15, 111, 9, 0, 0.94%, 2, 40, 14, 19.50
1570797361, 48, 16, 111, 9, 0, 0.94%, 2, 40, 14, 20.23
1570797396, 48, 17, 111, 9, 0, 0.94%, 2, 40, 14, 19.17
1570797432, 48, 18, 111, 9, 0, 0.94%, 2, 40, 14, 19.30
1570797473, 48, 19, 111, 9, 0, 0.94%, 2, 40, 14, 19.66
1570797508, 48, 21, 111, 9, 0, 0.94%, 2, 40, 14, 19.88
1570797544, 48, 22, 111, 9, 0, 0.94%, 2, 40, 14, 19.88
1570797585, 48, 26, 111, 9, 0, 0.94%, 2, 40, 14, 19.61
1570797620, 48, 29, 111, 9, 0, 0.94%, 2, 40, 14, 19.68
1570797656, 48, 39, 111, 9, 0, 0.94%, 2, 40, 14, 19.38
1570797692, 48, 41, 111, 9, 0, 0.94%, 2, 40, 14, 19.96
1570797733, 48, 44, 111, 9, 0, 0.94%, 2, 40, 14, 20.29
1570798358, 48, 47, 111, 8, 0, 0.94%, 2, 40, 14, 19.28
1570798394, 48, 53, 111, 8, 0, 0.94%, 2, 40, 14, 20.03
1570798429, 48, 57, 111, 8, 0, 0.94%, 2, 40, 14, 19.30
1570798583, 48, 64, 111, 8, 0, 0.94%, 2, 40, 14, 19.36
1570798639, 48, 71, 111, 8, 0, 0.94%, 2, 40, 14, 20.05
1570798858, 48, 74, 111, 8, 0, 0.94%, 2, 40, 14, 20.39
1570799513, 48, 75, 111, 7, 0, 0.94%, 2, 40, 14, 20.47
1570799737, 48, 76, 111, 7, 0, 0.94%, 2, 40, 14, 20.38
1570799845, 48, 77, 111, 7, 0, 0.94%, 2, 40, 14, 20.28
1570799958, 48, 78, 111, 7, 0, 0.94%, 2, 40, 14, 19.03
1570800177, 48, 81, 111, 7, 0, 0.94%, 2, 40, 14, 19.74
1570800289, 48, 82, 111, 7, 0, 0.94%, 2, 40, 14, 20.33
1570800392, 48, 83, 111, 7, 0, 0.94%, 2, 40, 14, 19.41
1570800504, 48, 85, 111, 7, 0, 0.94%, 2, 40, 14, 19.93
1570800596, 48, 86, 111, 7, 0, 0.94%, 2, 40, 14, 20.61
1570800698, 48, 87, 111, 7, 0, 0.94%, 2, 40, 14, 20.53
1570800811, 48, 90, 111, 7, 0, 0.94%, 2, 40, 14, 19.58
1570800924, 48, 91, 111, 7, 0, 0.94%, 2, 40, 14, 20.58
1570801032, 48, 92, 111, 7, 0, 0.94%, 2, 40, 14, 19.23
1570801257, 48, 99, 111, 7, 0, 0.94%, 2, 40, 14, 19.36
1570801482, 48, 101, 111, 7, 0, 0.94%, 2, 40, 14, 20.76
1570801624, 48, 102, 111, 7, 0, 0.94%, 2, 40, 14, 21.32
1570801773, 48, 109, 111, 7, 0, 0.94%, 2, 40, 14, 20.17
1570802659, 48, 109, 112, 8, 0, 0.94%, 2, 40, 15, 20.91
1570803182, 49, 2, 112, 7, 0, 0.94%, 2, 40, 15, 20.71
1570803197, 49, 3, 112, 7, 0, 0.94%, 2, 40, 15, 21.06
1570803218, 49, 8, 112, 7, 0, 0.94%, 2, 40, 15, 21.02
1570803248, 49, 10, 112, 7, 0, 0.94%, 2, 40, 15, 21.08
1570803284, 49, 11, 112, 7, 0, 0.94%, 2, 40, 15, 20.77
1570803320, 49, 13, 112, 7, 0, 0.94%, 2, 40, 15, 21.23
1570803351, 49, 14, 112, 7, 0, 0.94%, 2, 40, 15, 20.93
1570803387, 49, 15, 112, 7, 0, 0.94%, 2, 40, 15, 20.90
1570803423, 49, 16, 112, 7, 0, 0.94%, 2, 40, 15, 20.12
1570803458, 49, 17, 112, 7, 0, 0.94%, 2, 40, 15, 19.74
1570803494, 49, 18, 112, 7, 0, 0.94%, 2, 40, 15, 19.84
1570803535, 49, 19, 112, 7, 0, 0.94%, 2, 40, 15, 19.75
1570803571, 49, 21, 112, 7, 0, 0.94%, 2, 40, 15, 19.50
1570803606, 49, 22, 112, 7, 0, 0.94%, 2, 40, 15, 19.50
1570803647, 49, 26, 112, 7, 0, 0.94%, 2, 40, 15, 19.51
1570803683, 49, 29, 112, 7, 0, 0.94%, 2, 40, 15, 19.86
1570803719, 49, 39, 112, 7, 0, 0.94%, 2, 40, 15, 20.12
1570803755, 49, 41, 112, 7, 0, 0.94%, 2, 40, 15, 19.86
1570803796, 49, 47, 112, 7, 0, 0.94%, 2, 40, 15, 19.87
1570803832, 49, 53, 112, 7, 0, 0.94%, 2, 40, 15, 20.36
1570803867, 49, 64, 112, 7, 0, 0.94%, 2, 40, 15, 19.22
1570803923, 49, 71, 112, 7, 0, 0.94%, 2, 40, 15, 19.87
1570803980, 49, 73, 112, 7, 0, 0.94%, 2, 40, 15, 20.61
1570804199, 49, 75, 112, 7, 0, 0.94%, 2, 40, 15, 19.75
1570804307, 49, 76, 112, 7, 0, 0.94%, 2, 40, 15, 20.05
1570804363, 49, 77, 112, 7, 0, 0.94%, 2, 40, 15, 21.06
1570804414, 49, 81, 112, 7, 0, 0.94%, 2, 40, 15, 20.66
1570804470, 49, 82, 112, 7, 0, 0.94%, 2, 40, 15, 20.16
1570804526, 49, 83, 112, 7, 0, 0.94%, 2, 40, 15, 20.00
1570804577, 49, 85, 112, 7, 0, 0.94%, 2, 40, 15, 20.41
1570804634, 49, 86, 112, 7, 0, 0.94%, 2, 40, 15, 20.34
1570804685, 49, 87, 112, 7, 0, 0.94%, 2, 40, 15, 19.33
1570804741, 49, 90, 112, 7, 0, 0.94%, 2, 40, 15, 19.49
1570804798, 49, 91, 112, 7, 0, 0.94%, 2, 40, 15, 20.55
1570804854, 49, 92, 112, 7, 0, 0.94%, 2, 40, 15, 20.35
1570804961, 49, 97, 112, 7, 0, 0.94%, 2, 40, 15, 19.78
1570805770, 49, 99, 112, 6, 0, 0.94%, 2, 40, 15, 19.17
1570805878, 49, 101, 112, 6, 0, 0.94%, 2, 40, 15, 20.39
1570805950, 49, 102, 112, 6, 0, 0.94%, 2, 40, 15, 20.25
1570806099, 49, 104, 112, 6, 0, 0.94%, 2, 40, 15, 19.81
1570806938, 49, 105, 112, 5, 0, 0.94%, 2, 40, 15, 19.77
1570807673, 49, 108, 112, 4, 0, 0.94%, 2, 40, 15, 19.76
1570808598, 50, 2, 112, 3, 0, 0.94%, 2, 40, 15, 19.59
1570808619, 50, 3, 112, 3, 0, 0.94%, 2, 40, 15, 19.52
1570808634, 50, 8, 112, 3, 0, 0.94%, 2, 40, 15, 19.29
1570808675, 50, 10, 112, 3, 0, 0.94%, 2, 40, 15, 19.42
1570808711, 50, 11, 112, 3, 0, 0.94%, 2, 40, 15, 20.32
1570808747, 50, 13, 112, 3, 0, 0.94%, 2, 40, 15, 19.29
1570808782, 50, 14, 112, 3, 0, 0.94%, 2, 40, 15, 19.31
1570808823, 50, 15, 112, 3, 0, 0.94%, 2, 40, 15, 19.60
1570808859, 50, 16, 112, 3, 0, 0.94%, 2, 40, 15, 19.36
1570808895, 50, 17, 112, 3, 0, 0.94%, 2, 40, 15, 18.72
1570808931, 50, 18, 112, 3, 0, 0.94%, 2, 40, 15, 19.40
1570808967, 50, 19, 112, 3, 0, 0.94%, 2, 40, 15, 19.51
1570809003, 50, 21, 112, 3, 0, 0.94%, 2, 40, 15, 18.88
1570809044, 50, 22, 112, 3, 0, 0.94%, 2, 40, 15, 18.58
1570809084, 50, 26, 112, 3, 0, 0.94%, 2, 40, 15, 17.85
1570809125, 50, 29, 112, 3, 0, 0.94%, 2, 40, 15, 18.77
1570809166, 50, 37, 112, 3, 0, 0.94%, 2, 40, 15, 19.07
1570809360, 50, 39, 112, 2, 0, 0.94%, 2, 40, 15, 18.75
1570809396, 50, 41, 112, 2, 0, 0.94%, 2, 40, 15, 19.53
1570809431, 50, 47, 112, 2, 0, 0.94%, 2, 40, 15, 20.40
1570809472, 50, 53, 112, 2, 0, 0.94%, 2, 40, 15, 19.61
1570809508, 50, 64, 112, 2, 0, 0.94%, 2, 40, 15, 19.76
1570809564, 50, 71, 112, 2, 0, 0.94%, 2, 40, 15, 19.45
1570809621, 50, 75, 112, 2, 0, 0.94%, 2, 40, 15, 19.29
1570809677, 50, 76, 112, 2, 0, 0.94%, 2, 40, 15, 19.31
1570809733, 50, 77, 112, 2, 0, 0.94%, 2, 40, 15, 19.93
1570809790, 50, 81, 112, 2, 0, 0.94%, 2, 40, 15, 19.59
1570809840, 50, 82, 112, 2, 0, 0.94%, 2, 40, 15, 20.64
1570809902, 50, 83, 112, 2, 0, 0.94%, 2, 40, 15, 19.23
1570809958, 50, 85, 112, 2, 0, 0.94%, 2, 40, 15, 19.51
1570810014, 50, 86, 112, 2, 0, 0.94%, 2, 40, 15, 18.81
1570810071, 50, 87, 112, 2, 0, 0.94%, 2, 40, 15, 19.03
1570810127, 50, 90, 112, 2, 0, 0.94%, 2, 40, 15, 19.45
1570810184, 50, 91, 112, 2, 0, 0.94%, 2, 40, 15, 19.87
1570810240, 50, 92, 112, 2, 0, 0.94%, 2, 40, 15, 19.46
1570810296, 50, 99, 112, 2, 0, 0.94%, 2, 40, 15, 19.69
1570810404, 50, 101, 112, 2, 0, 0.94%, 2, 40, 15, 20.38
1570810476, 50, 102, 112, 2, 0, 0.94%, 2, 40, 15, 19.95
1570810511, 50, 108, 112, 2, 0, 0.94%, 2, 40, 15, 20.73
1570810731, 51, 2, 112, 2, 0, 0.94%, 2, 40, 15, 19.99
1570810751, 51, 3, 112, 2, 0, 0.94%, 2, 40, 15, 19.79
1570810771, 51, 8, 112, 2, 0, 0.94%, 2, 40, 15, 19.48
1570810807, 51, 10, 112, 2, 0, 0.94%, 2, 40, 15, 19.73
1570810843, 51, 11, 112, 2, 0, 0.94%, 2, 40, 15, 19.48
1570810883, 51, 13, 112, 2, 0, 0.94%, 2, 40, 15, 19.82
1570810919, 51, 14, 112, 2, 0, 0.94%, 2, 40, 15, 20.32
1570810955, 51, 15, 112, 2, 0, 0.94%, 2, 40, 15, 20.52
1570810986, 51, 16, 112, 2, 0, 0.94%, 2, 40, 15, 19.87
1570811022, 51, 17, 112, 2, 0, 0.94%, 2, 40, 15, 19.57
1570811063, 51, 18, 112, 2, 0, 0.94%, 2, 40, 15, 20.11
1570811099, 51, 19, 112, 2, 0, 0.94%, 2, 40, 15, 19.45
1570811135, 51, 21, 112, 2, 0, 0.94%, 2, 40, 15, 19.56
1570811170, 51, 22, 112, 2, 0, 0.94%, 2, 40, 15, 19.44
1570811211, 51, 24, 112, 2, 0, 0.94%, 2, 40, 15, 19.30
1570811933, 51, 25, 112, 1, 0, 0.94%, 2, 40, 15, 20.49
1570812081, 51, 26, 112, 1, 0, 0.94%, 2, 40, 15, 20.07
1570812117, 51, 29, 112, 1, 0, 0.94%, 2, 40, 15, 20.27
1570812153, 51, 36, 112, 1, 0, 0.94%, 2, 40, 15, 19.86
1570812301, 51, 39, 112, 1, 0, 0.94%, 2, 40, 15, 20.29
1570812336, 51, 41, 112, 1, 0, 0.94%, 2, 40, 15, 20.69
1570812372, 51, 47, 112, 1, 0, 0.94%, 2, 40, 15, 20.04
1570812408, 51, 53, 112, 1, 0, 0.94%, 2, 40, 15, 20.52
1570812448, 51, 59, 112, 1, 0, 0.94%, 2, 40, 15, 19.36
1570812596, 51, 64, 112, 1, 0, 0.94%, 2, 40, 15, 20.11
1570812653, 51, 71, 112, 1, 0, 0.94%, 2, 40, 15, 21.17
1570812704, 51, 72, 112, 1, 0, 0.94%, 2, 40, 15, 20.53
1570812928, 51, 75, 112, 1, 0, 0.94%, 2, 40, 15, 20.20
1570812979, 51, 76, 112, 1, 0, 0.94%, 2, 40, 15, 20.30
1570813031, 51, 77, 112, 1, 0, 0.94%, 2, 40, 15, 19.70
1570813087, 51, 78, 112, 1, 0, 0.94%, 2, 40, 15, 19.95
1570813302, 51, 81, 112, 1, 0, 0.94%, 2, 40, 15, 21.09
1570813358, 51, 82, 112, 1, 0, 0.94%, 2, 40, 15, 20.80
1570813409, 51, 83, 112, 1, 0, 0.94%, 2, 40, 15, 20.93
1570813465, 51, 85, 112, 1, 0, 0.94%, 2, 40, 15, 20.17
1570813516, 51, 86, 112, 1, 0, 0.94%, 2, 40, 15, 21.00
1570813567, 51, 87, 112, 1, 0, 0.94%, 2, 40, 15, 21.49
1570813619, 51, 90, 112, 1, 0, 0.94%, 2, 40, 15, 21.13
1570813670, 51, 91, 112, 1, 0, 0.94%, 2, 40, 15, 21.67
1570813726, 51, 92, 112, 1, 0, 0.94%, 2, 40, 15, 20.41
1570813777, 51, 99, 112, 1, 0, 0.94%, 2, 40, 15, 20.74
1570813834, 51, 101, 112, 1, 0, 0.94%, 2, 40, 15, 21.01
1570813905, 51, 102, 112, 1, 0, 0.94%, 2, 40, 15, 20.10
1570813941, 51, 111, 112, 1, 0, 0.94%, 2, 40, 15, 19.93
1570813967, 51, 111, 113, 2, 0, 0.94%, 2, 40, 16, 19.82
1570813972, 51, 111, 114, 3, 0, 0.94%, 2, 40, 16, 19.24
1570815255, 51, 112, 114, 2, 0, 0.94%, 2, 40, 16, 20.23
1570816400, 52, 1, 114, 1, 0, 0.94%, 2, 40, 16, 22.22
1570816421, 52, 2, 114, 1, 0, 0.94%, 2, 40, 16, 20.30
1570816436, 52, 3, 114, 1, 0, 0.94%, 2, 40, 16, 20.35
1570816456, 52, 8, 114, 1, 0, 0.94%, 2, 40, 16, 20.04
1570816492, 52, 10, 114, 1, 0, 0.94%, 2, 40, 16, 20.64
1570816527, 52, 11, 114, 1, 0, 0.94%, 2, 40, 16, 20.16
1570816568, 52, 13, 114, 1, 0, 0.94%, 2, 40, 16, 20.14
1570816604, 52, 14, 114, 1, 0, 0.94%, 2, 40, 16, 19.88
1570816640, 52, 15, 114, 1, 0, 0.94%, 2, 40, 16, 19.73
1570816676, 52, 16, 114, 1, 0, 0.94%, 2, 40, 16, 19.52
1570816711, 52, 17, 114, 1, 0, 0.94%, 2, 40, 16, 19.95
1570816747, 52, 18, 114, 1, 0, 0.94%, 2, 40, 16, 19.66
1570816783, 52, 19, 114, 1, 0, 0.94%, 2, 40, 16, 20.09
1570816818, 52, 21, 114, 1, 0, 0.94%, 2, 40, 16, 20.14
1570816854, 52, 22, 114, 1, 0, 0.94%, 2, 40, 16, 20.18
1570816890, 52, 26, 114, 1, 0, 0.94%, 2, 40, 16, 19.64
1570816930, 52, 29, 114, 1, 0, 0.94%, 2, 40, 16, 19.51
1570816966, 52, 39, 114, 1, 0, 0.94%, 2, 40, 16, 19.49
1570817007, 52, 41, 114, 1, 0, 0.94%, 2, 40, 16, 19.10
1570817042, 52, 47, 114, 1, 0, 0.94%, 2, 40, 16, 19.17
1570817078, 52, 50, 114, 1, 0, 0.94%, 2, 40, 16, 19.90
1570817227, 52, 53, 114, 1, 0, 0.94%, 2, 40, 16, 19.21
1570817268, 52, 57, 114, 1, 0, 0.94%, 2, 40, 16, 18.88
1570817421, 52, 64, 114, 1, 0, 0.94%, 2, 40, 16, 19.80
1570817477, 52, 71, 114, 1, 0, 0.94%, 2, 40, 16, 19.73
1570817533, 52, 75, 114, 1, 0, 0.94%, 2, 40, 16, 19.54
1570817589, 52, 76, 114, 1, 0, 0.94%, 2, 40, 16, 19.45
1570817646, 52, 77, 114, 1, 0, 0.94%, 2, 40, 16, 20.52
1570817702, 52, 81, 114, 1, 0, 0.94%, 2, 40, 16, 19.27
1570817758, 52, 82, 114, 1, 0, 0.94%, 2, 40, 16, 19.18
1570817809, 52, 83, 114, 1, 0, 0.94%, 2, 40, 16, 19.81
1570817865, 52, 85, 114, 1, 0, 0.94%, 2, 40, 16, 19.64
1570817916, 52, 86, 114, 1, 0, 0.94%, 2, 40, 16, 19.65
1570817972, 52, 87, 114, 1, 0, 0.94%, 2, 40, 16, 20.24
1570818028, 52, 89, 114, 1, 0, 0.94%, 2, 40, 16, 19.75
1570818253, 52, 90, 114, 1, 0, 0.94%, 2, 40, 16, 19.61
1570818310, 52, 91, 114, 1, 0, 0.94%, 2, 40, 16, 19.76
1570818366, 52, 92, 114, 1, 0, 0.94%, 2, 40, 16, 20.56
1570818417, 52, 99, 114, 1, 0, 0.94%, 2, 40, 16, 19.44
1570818478, 52, 101, 114, 1, 0, 0.94%, 2, 40, 16, 19.93
1570818514, 52, 102, 114, 1, 0, 0.94%, 2, 40, 16, 20.03
1570818550, 53, 2, 114, 1, 0, 0.94%, 2, 40, 16, 20.05
1570818565, 53, 3, 114, 1, 0, 0.94%, 2, 40, 16, 20.56
1570818585, 53, 8, 114, 1, 0, 0.94%, 2, 40, 16, 19.29
1570818621, 53, 10, 114, 1, 0, 0.94%, 2, 40, 16, 19.69
1570818662, 53, 11, 114, 1, 0, 0.94%, 2, 40, 16, 19.73
1570818697, 53, 13, 114, 1, 0, 0.94%, 2, 40, 16, 19.74
1570818734, 53, 14, 114, 1, 0, 0.94%, 2, 40, 16, 18.34
1570818769, 53, 15, 114, 1, 0, 0.94%, 2, 40, 16, 20.01
1570818805, 53, 16, 114, 1, 0, 0.94%, 2, 40, 16, 19.72
1570818841, 53, 17, 114, 1, 0, 0.94%, 2, 40, 16, 19.19
1570818877, 53, 18, 114, 1, 0, 0.94%, 2, 40, 16, 20.16
1570818913, 53, 19, 114, 1, 0, 0.94%, 2, 40, 16, 19.99
1570818949, 53, 21, 114, 1, 0, 0.94%, 2, 40, 16, 19.53
1570818990, 53, 22, 114, 1, 0, 0.94%, 2, 40, 16, 19.76
1570819026, 53, 26, 114, 1, 0, 0.94%, 2, 40, 16, 19.54
1570819061, 53, 29, 114, 1, 0, 0.94%, 2, 40, 16, 19.72
1570819097, 53, 39, 114, 1, 0, 0.94%, 2, 40, 16, 19.73
1570819138, 53, 41, 114, 1, 0, 0.94%, 2, 40, 16, 19.99
1570819174, 53, 47, 114, 1, 0, 0.94%, 2, 40, 16, 19.88
1570819210, 53, 53, 114, 1, 0, 0.94%, 2, 40, 16, 19.79
1570819250, 53, 64, 114, 1, 0, 0.94%, 2, 40, 16, 19.11
1570819307, 53, 71, 114, 1, 0, 0.94%, 2, 40, 16, 19.92
1570819363, 53, 75, 114, 1, 0, 0.94%, 2, 40, 16, 19.82
1570819419, 53, 76, 114, 1, 0, 0.94%, 2, 40, 16, 20.00
1570819470, 53, 77, 114, 1, 0, 0.94%, 2, 40, 16, 20.15
1570819526, 53, 81, 114, 1, 0, 0.94%, 2, 40, 16, 20.49
1570819582, 53, 82, 114, 1, 0, 0.94%, 2, 40, 16, 20.44
1570819633, 53, 83, 114, 1, 0, 0.94%, 2, 40, 16, 20.68
1570819690, 53, 85, 114, 1, 0, 0.94%, 2, 40, 16, 19.90
1570819741, 53, 86, 114, 1, 0, 0.94%, 2, 40, 16, 19.93
1570819797, 53, 87, 114, 1, 0, 0.94%, 2, 40, 16, 20.36
1570819853, 53, 90, 114, 1, 0, 0.94%, 2, 40, 16, 19.28
1570819909, 53, 91, 114, 1, 0, 0.94%, 2, 40, 16, 21.26
1570819960, 53, 92, 114, 1, 0, 0.94%, 2, 40, 16, 19.50
1570820017, 53, 99, 114, 1, 0, 0.94%, 2, 40, 16, 19.14
1570820073, 53, 101, 114, 1, 0, 0.94%, 2, 40, 16, 20.42
1570820109, 53, 102, 114, 1, 0, 0.94%, 2, 40, 16, 20.08
1570820150, 53, 107, 114, 1, 0, 0.94%, 2, 40, 16, 19.47
1570820370, 54, 2, 114, 1, 0, 0.94%, 2, 40, 16, 19.05
1570820390, 54, 3, 114, 1, 0, 0.94%, 2, 40, 16, 20.04
1570820406, 54, 8, 114, 1, 0, 0.94%, 2, 40, 16, 19.01
1570820446, 54, 10, 114, 1, 0, 0.94%, 2, 40, 16, 19.11
1570820482, 54, 11, 114, 1, 0, 0.94%, 2, 40, 16, 19.25
1570820523, 54, 13, 114, 1, 0, 0.94%, 2, 40, 16, 19.74
1570820559, 54, 14, 114, 1, 0, 0.94%, 2, 40, 16, 19.86
1570820594, 54, 15, 114, 1, 0, 0.94%, 2, 40, 16, 19.94
1570820630, 54, 16, 114, 1, 0, 0.94%, 2, 40, 16, 19.93
1570820666, 54, 17, 114, 1, 0, 0.94%, 2, 40, 16, 20.24
1570820697, 54, 18, 114, 1, 0, 0.94%, 2, 40, 16, 20.44
1570820738, 54, 19, 114, 1, 0, 0.94%, 2, 40, 16, 20.30
1570820774, 54, 21, 114, 1, 0, 0.94%, 2, 40, 16, 20.63
1570820810, 54, 22, 114, 1, 0, 0.94%, 2, 40, 16, 20.49
1570820845, 54, 26, 114, 1, 0, 0.94%, 2, 40, 16, 20.25
1570820881, 54, 29, 114, 1, 0, 0.94%, 2, 40, 16, 18.95
1570820917, 54, 39, 114, 1, 0, 0.94%, 2, 40, 16, 19.12
1570820958, 54, 41, 114, 1, 0, 0.94%, 2, 40, 16, 19.89
1570820993, 54, 47, 114, 1, 0, 0.94%, 2, 40, 16, 18.79
1570821034, 54, 53, 114, 1, 0, 0.94%, 2, 40, 16, 18.88
1570821070, 54, 64, 114, 1, 0, 0.94%, 2, 40, 16, 19.85
1570821126, 54, 71, 114, 1, 0, 0.94%, 2, 40, 16, 18.75
1570821188, 54, 75, 114, 1, 0, 0.94%, 2, 40, 16, 19.28
1570821244, 54, 76, 114, 1, 0, 0.94%, 2, 40, 16, 19.01
1570821300, 54, 77, 114, 1, 0, 0.94%, 2, 40, 16, 19.38
1570821356, 54, 81, 114, 1, 0, 0.94%, 2, 40, 16, 19.10
1570821412, 54, 82, 114, 1, 0, 0.94%, 2, 40, 16, 19.63
1570821464, 54, 83, 114, 1, 0, 0.94%, 2, 40, 16, 20.19
1570821521, 54, 85, 114, 1, 0, 0.94%, 2, 40, 16, 19.35
1570821577, 54, 86, 114, 1, 0, 0.94%, 2, 40, 16, 20.21
1570821633, 54, 87, 114, 1, 0, 0.94%, 2, 40, 16, 19.74
1570821685, 54, 90, 114, 1, 0, 0.94%, 2, 40, 16, 20.58
1570821741, 54, 91, 114, 1, 0, 0.94%, 2, 40, 16, 19.68
1570821797, 54, 92, 114, 1, 0, 0.94%, 2, 40, 16, 20.30
1570821854, 54, 99, 114, 1, 0, 0.94%, 2, 40, 16, 19.87
1570821910, 54, 101, 114, 1, 0, 0.94%, 2, 40, 16, 19.58
1570821940, 54, 102, 114, 1, 0, 0.94%, 2, 40, 16, 20.05
1570821976, 54, 113, 114, 1, 0, 0.94%, 2, 40, 16, 19.39
1570823213, 55, 2, 114, 0, 0, 0.94%, 2, 40, 16, 20.27
1570823233, 55, 3, 114, 0, 0, 0.94%, 2, 40, 16, 19.39
1570823254, 55, 8, 114, 0, 0, 0.94%, 2, 40, 16, 19.21
1570823290, 55, 10, 114, 0, 0, 0.94%, 2, 40, 16, 19.07
1570823326, 55, 11, 114, 0, 0, 0.94%, 2, 40, 16, 19.85
1570823361, 55, 13, 114, 0, 0, 0.94%, 2, 40, 16, 19.93
1570823397, 55, 14, 114, 0, 0, 0.94%, 2, 40, 16, 20.10
1570823438, 55, 15, 114, 0, 0, 0.94%, 2, 40, 16, 19.63
1570823474, 55, 16, 114, 0, 0, 0.94%, 2, 40, 16, 19.24
1570823510, 55, 17, 114, 0, 0, 0.94%, 2, 40, 16, 19.06
1570823546, 55, 18, 114, 0, 0, 0.94%, 2, 40, 16, 20.38
1570823582, 55, 19, 114, 0, 0, 0.94%, 2, 40, 16, 20.08
1570823618, 55, 21, 114, 0, 0, 0.94%, 2, 40, 16, 20.46
1570823654, 55, 22, 114, 0, 0, 0.94%, 2, 40, 16, 19.92
1570823689, 55, 26, 114, 0, 0, 0.94%, 2, 40, 16, 19.52
1570823725, 55, 29, 114, 0, 0, 0.94%, 2, 40, 16, 20.22
1570823766, 55, 39, 114, 0, 0, 0.94%, 2, 40, 16, 19.91
1570823802, 55, 41, 114, 0, 0, 0.94%, 2, 40, 16, 19.42
1570823843, 55, 47, 114, 0, 0, 0.94%, 2, 40, 16, 19.04
1570823878, 55, 53, 114, 0, 0, 0.94%, 2, 40, 16, 19.34
1570823914, 55, 64, 114, 0, 0, 0.94%, 2, 40, 16, 20.02
1570823971, 55, 69, 114, 0, 0, 0.94%, 2, 40, 16, 19.20
1570824119, 55, 71, 114, 0, 0, 0.94%, 2, 40, 16, 19.92
1570824171, 55, 72, 114, 0, 0, 0.94%, 2, 40, 16, 20.44
1570824396, 55, 75, 114, 0, 0, 0.94%, 2, 40, 16, 20.31
1570824452, 55, 76, 114, 0, 0, 0.94%, 2, 40, 16, 20.01
1570824508, 55, 77, 114, 0, 0, 0.94%, 2, 40, 16, 19.87
1570824564, 55, 81, 114, 0, 0, 0.94%, 2, 40, 16, 19.42
1570824620, 55, 82, 114, 0, 0, 0.94%, 2, 40, 16, 19.48
1570824677, 55, 83, 114, 0, 0, 0.94%, 2, 40, 16, 19.46
1570824733, 55, 85, 114, 0, 0, 0.94%, 2, 40, 16, 19.48
1570824789, 55, 86, 114, 0, 0, 0.94%, 2, 40, 16, 19.77
1570824841, 55, 87, 114, 0, 0, 0.94%, 2, 40, 16, 20.10
1570824897, 55, 90, 114, 0, 0, 0.94%, 2, 40, 16, 20.54
1570824948, 55, 91, 114, 0, 0, 0.94%, 2, 40, 16, 20.57
1570825005, 55, 92, 114, 0, 0, 0.94%, 2, 40, 16, 19.77
1570825061, 55, 94, 114, 0, 0, 0.94%, 2, 40, 16, 20.10
1570825280, 55, 99, 114, 0, 0, 0.94%, 2, 40, 16, 19.18
1570825336, 55, 101, 114, 0, 0, 0.94%, 2, 40, 16, 19.46
1570825372, 55, 102, 114, 0, 0, 0.94%, 2, 40, 16, 19.05
1570825408, 55, 105, 114, 0, 0, 0.94%, 2, 40, 16, 19.54
1570825633, 56, 2, 114, 0, 0, 0.94%, 2, 40, 16, 19.69
1570825649, 56, 3, 114, 0, 0, 0.94%, 2, 40, 16, 19.49
1570825669, 56, 8, 114, 0, 0, 0.94%, 2, 40, 16, 19.49
1570825704, 56, 10, 114, 0, 0, 0.94%, 2, 40, 16, 20.01
1570825746, 56, 11, 114, 0, 0, 0.94%, 2, 40, 16, 19.91
1570825781, 56, 13, 114, 0, 0, 0.94%, 2, 40, 16, 20.10
1570825817, 56, 14, 114, 0, 0, 0.94%, 2, 40, 16, 19.99
1570825853, 56, 15, 114, 0, 0, 0.94%, 2, 40, 16, 19.38
1570825888, 56, 16, 114, 0, 0, 0.94%, 2, 40, 16, 19.94
1570825924, 56, 17, 114, 0, 0, 0.94%, 2, 40, 16, 20.48
1570825965, 56, 18, 114, 0, 0, 0.94%, 2, 40, 16, 19.09
1570826001, 56, 19, 114, 0, 0, 0.94%, 2, 40, 16, 20.34
1570826037, 56, 21, 114, 0, 0, 0.94%, 2, 40, 16, 20.39
1570826073, 56, 22, 114, 0, 0, 0.94%, 2, 40, 16, 20.36
1570826109, 56, 26, 114, 0, 0, 0.94%, 2, 40, 16, 19.32
1570826149, 56, 27, 114, 0, 0, 0.94%, 2, 40, 16, 20.49
1570826293, 56, 29, 114, 0, 0, 0.94%, 2, 40, 16, 19.77
1570826333, 56, 39, 114, 0, 0, 0.94%, 2, 40, 16, 19.90
1570826369, 56, 41, 114, 0, 0, 0.94%, 2, 40, 16, 19.55
1570826405, 56, 45, 114, 0, 0, 0.94%, 2, 40, 16, 19.43
1570826558, 56, 47, 114, 0, 0, 0.94%, 2, 40, 16, 19.52
1570826594, 56, 52, 114, 0, 0, 0.94%, 2, 40, 16, 20.58
1570826742, 56, 53, 114, 0, 0, 0.94%, 2, 40, 16, 20.69
1570826778, 56, 54, 114, 0, 0, 0.94%, 2, 40, 16, 20.55
1570826922, 56, 64, 114, 0, 0, 0.94%, 2, 40, 16, 20.13
1570826978, 56, 71, 114, 0, 0, 0.94%, 2, 40, 16, 20.18
1570827034, 56, 75, 114, 0, 0, 0.94%, 2, 40, 16, 19.43
1570827085, 56, 76, 114, 0, 0, 0.94%, 2, 40, 16, 20.36
1570827141, 56, 77, 114, 0, 0, 0.94%, 2, 40, 16, 20.78
1570827192, 56, 81, 114, 0, 0, 0.94%, 2, 40, 16, 21.16
1570827243, 56, 82, 114, 0, 0, 0.94%, 2, 40, 16, 21.12
1570827300, 56, 83, 114, 0, 0, 0.94%, 2, 40, 16, 20.45
1570827351, 56, 85, 114, 0, 0, 0.94%, 2, 40, 16, 20.79
1570827402, 56, 86, 114, 0, 0, 0.94%, 2, 40, 16, 20.59
1570827453, 56, 87, 114, 0, 0, 0.94%, 2, 40, 16, 20.55
1570827509, 56, 90, 114, 0, 0, 0.94%, 2, 40, 16, 20.78
1570827560, 56, 91, 114, 0, 0, 0.94%, 2, 40, 16, 20.32
1570827616, 56, 92, 114, 0, 0, 0.94%, 2, 40, 16, 19.92
1570827672, 56, 99, 114, 0, 0, 0.94%, 2, 40, 16, 20.75
1570827723, 56, 101, 114, 0, 0, 0.94%, 2, 40, 16, 20.31
1570827754, 56, 102, 114, 0, 0, 0.94%, 2, 40, 16, 20.40
1570827795, 56, 111, 114, 0, 0, 0.94%, 2, 40, 16, 20.44
1570827994, 57, 2, 114, 0, 0, 0.94%, 2, 40, 16, 20.06
1570828015, 57, 3, 114, 0, 0, 0.94%, 2, 40, 16, 20.25
1570828035, 57, 8, 114, 0, 0, 0.94%, 2, 40, 16, 20.27
1570828071, 57, 10, 114, 0, 0, 0.94%, 2, 40, 16, 20.49
1570828107, 57, 11, 114, 0, 0, 0.94%, 2, 40, 16, 20.67
1570828143, 57, 13, 114, 0, 0, 0.94%, 2, 40, 16, 20.00
1570828179, 57, 14, 114, 0, 0, 0.94%, 2, 40, 16, 20.00
1570828215, 57, 15, 114, 0, 0, 0.94%, 2, 40, 16, 19.88
1570828251, 57, 16, 114, 0, 0, 0.94%, 2, 40, 16, 20.03
1570828287, 57, 17, 114, 0, 0, 0.94%, 2, 40, 16, 20.28
1570828323, 57, 18, 114, 0, 0, 0.94%, 2, 40, 16, 20.56
1570828354, 57, 19, 114, 0, 0, 0.94%, 2, 40, 16, 20.82
1570828390, 57, 21, 114, 0, 0, 0.94%, 2, 40, 16, 20.38
1570828425, 57, 22, 114, 0, 0, 0.94%, 2, 40, 16, 21.16
1570828461, 57, 26, 114, 0, 0, 0.94%, 2, 40, 16, 21.11
1570828496, 57, 29, 114, 0, 0, 0.94%, 2, 40, 16, 20.49
1570828532, 57, 39, 114, 0, 0, 0.94%, 2, 40, 16, 20.16
1570828567, 57, 41, 114, 0, 0, 0.94%, 2, 40, 16, 20.31
1570828603, 57, 47, 114, 0, 0, 0.94%, 2, 40, 16, 20.52
1570828639, 57, 53, 114, 0, 0, 0.94%, 2, 40, 16, 20.32
1570828675, 57, 64, 114, 0, 0, 0.94%, 2, 40, 16, 19.94
1570828731, 57, 68, 114, 0, 0, 0.94%, 2, 40, 16, 19.81
1570828880, 57, 71, 114, 0, 0, 0.94%, 2, 40, 16, 19.42
1570828941, 57, 75, 114, 0, 0, 0.94%, 2, 40, 16, 19.43
1570828997, 57, 76, 114, 0, 0, 0.94%, 2, 40, 16, 19.74
1570829053, 57, 77, 114, 0, 0, 0.94%, 2, 40, 16, 19.54
1570829109, 57, 81, 114, 0, 0, 0.94%, 2, 40, 16, 19.63
1570829165, 57, 82, 114, 0, 0, 0.94%, 2, 40, 16, 19.92
1570829217, 57, 83, 114, 0, 0, 0.94%, 2, 40, 16, 19.61
1570829273, 57, 85, 114, 0, 0, 0.94%, 2, 40, 16, 19.96
1570829324, 57, 86, 114, 0, 0, 0.94%, 2, 40, 16, 19.65
1570829380, 57, 87, 114, 0, 0, 0.94%, 2, 40, 16, 19.68
1570829431, 57, 90, 114, 0, 0, 0.94%, 2, 40, 16, 20.05
1570829487, 57, 91, 114, 0, 0, 0.94%, 2, 40, 16, 20.06
1570829544, 57, 92, 114, 0, 0, 0.94%, 2, 40, 16, 19.68
1570829600, 57, 99, 114, 0, 0, 0.94%, 2, 40, 16, 20.23
1570829651, 57, 101, 114, 0, 0, 0.94%, 2, 40, 16, 20.43
1570829687, 57, 102, 114, 0, 0, 0.94%, 2, 40, 16, 20.61
1570829723, 57, 112, 114, 0, 0, 0.94%, 2, 40, 16, 20.59
1570829871, 57, 112, 115, 1, 0, 0.94%, 2, 40, 17, 19.49
1570829947, 58, 2, 115, 1, 0, 0.94%, 2, 40, 17, 19.43
1570829963, 58, 3, 115, 1, 0, 0.94%, 2, 40, 17, 19.58
1570829983, 58, 8, 115, 1, 0, 0.94%, 2, 40, 17, 19.33
1570830019, 58, 9, 115, 1, 0, 0.94%, 2, 40, 17, 19.65
1570830168, 58, 10, 115, 1, 0, 0.94%, 2, 40, 17, 20.19
1570830203, 58, 11, 115, 1, 0, 0.94%, 2, 40, 17, 19.66
1570830244, 58, 13, 115, 1, 0, 0.94%, 2, 40, 17, 19.81
1570830280, 58, 14, 115, 1, 0, 0.94%, 2, 40, 17, 19.07
1570830316, 58, 15, 115, 1, 0, 0.94%, 2, 40, 17, 19.93
1570830351, 58, 16, 115, 1, 0, 0.94%, 2, 40, 17, 20.64
1570830387, 58, 17, 115, 1, 0, 0.94%, 2, 40, 17, 20.41
1570830423, 58, 18, 115, 1, 0, 0.94%, 2, 40, 17, 20.41
1570830459, 58, 19, 115, 1, 0, 0.94%, 2, 40, 17, 19.76
1570830494, 58, 21, 115, 1, 0, 0.94%, 2, 40, 17, 20.24
1570830530, 58, 22, 115, 1, 0, 0.94%, 2, 40, 17, 20.73
1570830566, 58, 26, 115, 1, 0, 0.94%, 2, 40, 17, 20.18
1570830602, 58, 29, 115, 1, 0, 0.94%, 2, 40, 17, 20.07
1570830643, 58, 39, 115, 1, 0, 0.94%, 2, 40, 17, 19.97
1570830679, 58, 41, 115, 1, 0, 0.94%, 2, 40, 17, 20.48
1570830715, 58, 47, 115, 1, 0, 0.94%, 2, 40, 17, 20.05
1570830751, 58, 53, 115, 1, 0, 0.94%, 2, 40, 17, 20.06
1570830787, 58, 64, 115, 1, 0, 0.94%, 2, 40, 17, 20.53
1570830838, 58, 71, 115, 1, 0, 0.94%, 2, 40, 17, 19.96
1570830894, 58, 75, 115, 1, 0, 0.94%, 2, 40, 17, 19.96
1570830945, 58, 76, 115, 1, 0, 0.94%, 2, 40, 17, 20.26
1570831001, 58, 77, 115, 1, 0, 0.94%, 2, 40, 17, 20.28
1570831052, 58, 81, 115, 1, 0, 0.94%, 2, 40, 17, 20.57
1570831108, 58, 82, 115, 1, 0, 0.94%, 2, 40, 17, 20.61
1570831159, 58, 83, 115, 1, 0, 0.94%, 2, 40, 17, 20.13
1570831215, 58, 85, 115, 1, 0, 0.94%, 2, 40, 17, 20.15
1570831267, 58, 86, 115, 1, 0, 0.94%, 2, 40, 17, 19.96
1570831323, 58, 87, 115, 1, 0, 0.94%, 2, 40, 17, 20.18
1570831374, 58, 90, 115, 1, 0, 0.94%, 2, 40, 17, 20.67
1570831430, 58, 91, 115, 1, 0, 0.94%, 2, 40, 17, 19.84
1570831486, 58, 92, 115, 1, 0, 0.94%, 2, 40, 17, 20.25
1570831537, 58, 95, 115, 1, 0, 0.94%, 2, 40, 17, 20.20
1570831762, 58, 97, 115, 1, 0, 0.94%, 2, 40, 17, 19.72
1570831986, 58, 99, 115, 1, 0, 0.94%, 2, 40, 17, 19.45
1570832042, 58, 101, 115, 1, 0, 0.94%, 2, 40, 17, 19.69
1570832078, 58, 102, 115, 1, 0, 0.94%, 2, 40, 17, 19.58
1570832113, 59, 2, 115, 1, 0, 0.94%, 2, 40, 17, 19.65
1570832134, 59, 3, 115, 1, 0, 0.94%, 2, 40, 17, 19.65
1570832149, 59, 8, 115, 1, 0, 0.94%, 2, 40, 17, 19.43
1570832190, 59, 10, 115, 1, 0, 0.94%, 2, 40, 17, 20.00
1570832226, 59, 11, 115, 1, 0, 0.94%, 2, 40, 17, 19.39
1570832262, 59, 13, 115, 1, 0, 0.94%, 2, 40, 17, 19.90
1570832303, 59, 14, 115, 1, 0, 0.94%, 2, 40, 17, 20.07
1570832338, 59, 15, 115, 1, 0, 0.94%, 2, 40, 17, 19.64
1570832374, 59, 16, 115, 1, 0, 0.94%, 2, 40, 17, 19.68
1570832410, 59, 17, 115, 1, 0, 0.94%, 2, 40, 17, 19.85
1570832445, 59, 18, 115, 1, 0, 0.94%, 2, 40, 17, 20.32
1570832476, 59, 19, 115, 1, 0, 0.94%, 2, 40, 17, 20.25
1570832512, 59, 21, 115, 1, 0, 0.94%, 2, 40, 17, 20.66
1570832548, 59, 22, 115, 1, 0, 0.94%, 2, 40, 17, 20.75
1570832584, 59, 26, 115, 1, 0, 0.94%, 2, 40, 17, 20.51
1570832619, 59, 29, 115, 1, 0, 0.94%, 2, 40, 17, 20.20
1570832660, 59, 39, 115, 1, 0, 0.94%, 2, 40, 17, 20.50
1570832691, 59, 41, 115, 1, 0, 0.94%, 2, 40, 17, 20.51
1570832732, 59, 47, 115, 1, 0, 0.94%, 2, 40, 17, 20.50
1570832768, 59, 53, 115, 1, 0, 0.94%, 2, 40, 17, 20.77
1570832798, 59, 57, 115, 1, 0, 0.94%, 2, 40, 17, 20.29
1570832952, 59, 64, 115, 1, 0, 0.94%, 2, 40, 17, 19.89
1570833003, 59, 71, 115, 1, 0, 0.94%, 2, 40, 17, 20.35
1570833059, 59, 74, 115, 1, 0, 0.94%, 2, 40, 17, 20.65
1570833202, 59, 75, 115, 1, 0, 0.94%, 2, 40, 17, 20.67
1570833254, 59, 76, 115, 1, 0, 0.94%, 2, 40, 17, 19.78
1570833310, 59, 77, 115, 1, 0, 0.94%, 2, 40, 17, 19.85
1570833366, 59, 78, 115, 1, 0, 0.94%, 2, 40, 17, 20.56
1570833586, 59, 81, 115, 1, 0, 0.94%, 2, 40, 17, 19.94
1570833642, 59, 82, 115, 1, 0, 0.94%, 2, 40, 17, 20.47
1570833699, 59, 83, 115, 1, 0, 0.94%, 2, 40, 17, 20.34
1570833750, 59, 85, 115, 1, 0, 0.94%, 2, 40, 17, 19.85
1570833802, 59, 86, 115, 1, 0, 0.94%, 2, 40, 17, 19.94
1570833858, 59, 87, 115, 1, 0, 0.94%, 2, 40, 17, 20.21
1570833914, 59, 90, 115, 1, 0, 0.94%, 2, 40, 17, 20.11
1570833965, 59, 91, 115, 1, 0, 0.94%, 2, 40, 17, 19.54
1570834021, 59, 92, 115, 1, 0, 0.94%, 2, 40, 17, 20.16
1570834078, 59, 99, 115, 1, 0, 0.94%, 2, 40, 17, 19.68
1570834134, 59, 101, 115, 1, 0, 0.94%, 2, 40, 17, 19.81
1570834165, 59, 102, 115, 1, 0, 0.94%, 2, 40, 17, 19.72
1570834201, 60, 2, 115, 1, 0, 0.94%, 2, 40, 17, 19.77
1570834221, 60, 3, 115, 1, 0, 0.94%, 2, 40, 17, 20.33
1570834236, 60, 8, 115, 1, 0, 0.94%, 2, 40, 17, 19.35
1570834277, 60, 10, 115, 1, 0, 0.94%, 2, 40, 17, 19.22
1570834313, 60, 11, 115, 1, 0, 0.94%, 2, 40, 17, 20.22
1570834349, 60, 13, 115, 1, 0, 0.94%, 2, 40, 17, 19.63
1570834390, 60, 14, 115, 1, 0, 0.94%, 2, 40, 17, 19.71
1570834425, 60, 15, 115, 1, 0, 0.94%, 2, 40, 17, 19.60
1570834461, 60, 16, 115, 1, 0, 0.94%, 2, 40, 17, 19.76
1570834502, 60, 17, 115, 1, 0, 0.94%, 2, 40, 17, 19.58
1570834538, 60, 18, 115, 1, 0, 0.94%, 2, 40, 17, 19.86
1570834573, 60, 19, 115, 1, 0, 0.94%, 2, 40, 17, 19.87
1570834614, 60, 21, 115, 1, 0, 0.94%, 2, 40, 17, 20.22
1570834650, 60, 22, 115, 1, 0, 0.94%, 2, 40, 17, 19.04
1570834686, 60, 26, 115, 1, 0, 0.94%, 2, 40, 17, 19.82
1570834727, 60, 29, 115, 1, 0, 0.94%, 2, 40, 17, 19.92
1570834763, 60, 39, 115, 1, 0, 0.94%, 2, 40, 17, 20.19
1570834799, 60, 41, 115, 1, 0, 0.94%, 2, 40, 17, 20.01
1570834834, 60, 47, 115, 1, 0, 0.94%, 2, 40, 17, 20.13
1570834871, 60, 53, 115, 1, 0, 0.94%, 2, 40, 17, 19.99
1570834906, 60, 64, 115, 1, 0, 0.94%, 2, 40, 17, 20.72
1570834963, 60, 71, 115, 1, 0, 0.94%, 2, 40, 17, 20.48
1570835019, 60, 75, 115, 1, 0, 0.94%, 2, 40, 17, 19.56
1570835075, 60, 76, 115, 1, 0, 0.94%, 2, 40, 17, 19.53
1570835131, 60, 77, 115, 1, 0, 0.94%, 2, 40, 17, 19.69
1570835187, 60, 81, 115, 1, 0, 0.94%, 2, 40, 17, 19.60
1570835244, 60, 82, 115, 1, 0, 0.94%, 2, 40, 17, 19.38
1570835300, 60, 83, 115, 1, 0, 0.94%, 2, 40, 17, 19.41
1570835356, 60, 85, 115, 1, 0, 0.94%, 2, 40, 17, 19.66
1570835407, 60, 86, 115, 1, 0, 0.94%, 2, 40, 17, 19.96
1570835463, 60, 87, 115, 1, 0, 0.94%, 2, 40, 17, 19.58
1570835520, 60, 90, 115, 1, 0, 0.94%, 2, 40, 17, 19.97
1570835571, 60, 91, 115, 1, 0, 0.94%, 2, 40, 17, 20.76
1570835627, 60, 92, 115, 1, 0, 0.94%, 2, 40, 17, 20.18
1570835683, 60, 99, 115, 1, 0, 0.94%, 2, 40, 17, 19.62
1570835739, 60, 101, 115, 1, 0, 0.94%, 2, 40, 17, 19.56
1570835775, 60, 102, 115, 1, 0, 0.94%, 2, 40, 17, 19.45
1570835811, 60, 105, 115, 1, 0, 0.94%, 2, 40, 17, 19.57
1570836036, 61, 2, 115, 1, 0, 0.94%, 2, 40, 17, 19.99
1570836051, 61, 3, 115, 1, 0, 0.94%, 2, 40, 17, 20.07
1570836071, 61, 4, 115, 1, 0, 0.94%, 2, 40, 17, 19.79
1570836220, 61, 8, 115, 1, 0, 0.94%, 2, 40, 17, 19.92
1570836256, 61, 10, 115, 1, 0, 0.94%, 2, 40, 17, 19.62
1570836291, 61, 11, 115, 1, 0, 0.94%, 2, 40, 17, 19.39
1570836327, 61, 13, 115, 1, 0, 0.94%, 2, 40, 17, 20.79
1570836363, 61, 14, 115, 1, 0, 0.94%, 2, 40, 17, 20.30
1570836399, 61, 15, 115, 1, 0, 0.94%, 2, 40, 17, 20.21
1570836435, 61, 16, 115, 1, 0, 0.94%, 2, 40, 17, 19.95
1570836475, 61, 17, 115, 1, 0, 0.94%, 2, 40, 17, 20.54
1570836506, 61, 18, 115, 1, 0, 0.94%, 2, 40, 17, 20.45
1570836542, 61, 19, 115, 1, 0, 0.94%, 2, 40, 17, 20.67
1570836577, 61, 21, 115, 1, 0, 0.94%, 2, 40, 17, 20.46
1570836613, 61, 22, 115, 1, 0, 0.94%, 2, 40, 17, 20.76
1570836649, 61, 23, 115, 1, 0, 0.94%, 2, 40, 17, 19.64
1570836802, 61, 25, 115, 1, 0, 0.94%, 2, 40, 17, 19.73
1570836950, 61, 26, 115, 1, 0, 0.94%, 2, 40, 17, 19.78
1570836986, 61, 29, 115, 1, 0, 0.94%, 2, 40, 17, 19.13
1570837027, 61, 31, 115, 1, 0, 0.94%, 2, 40, 17, 18.89
1570837180, 61, 35, 115, 1, 0, 0.94%, 2, 40, 17, 19.34
1570837334, 61, 36, 115, 1, 0, 0.94%, 2, 40, 17, 18.98
1570837491, 61, 39, 115, 1, 0, 0.94%, 2, 40, 17, 19.45
1570837527, 61, 41, 115, 1, 0, 0.94%, 2, 40, 17, 19.71
1570837563, 61, 47, 115, 1, 0, 0.94%, 2, 40, 17, 19.74
1570837599, 61, 53, 115, 1, 0, 0.94%, 2, 40, 17, 20.42
1570837635, 61, 64, 115, 1, 0, 0.94%, 2, 40, 17, 20.26
1570837691, 61, 71, 115, 1, 0, 0.94%, 2, 40, 17, 19.75
1570837743, 61, 75, 115, 1, 0, 0.94%, 2, 40, 17, 20.66
1570837799, 61, 76, 115, 1, 0, 0.94%, 2, 40, 17, 20.48
1570837849, 61, 77, 115, 1, 0, 0.94%, 2, 40, 17, 20.68
1570837905, 61, 81, 115, 1, 0, 0.94%, 2, 40, 17, 20.36
1570837956, 61, 82, 115, 1, 0, 0.94%, 2, 40, 17, 19.87
1570838012, 61, 83, 115, 1, 0, 0.94%, 2, 40, 17, 19.79
1570838063, 61, 85, 115, 1, 0, 0.94%, 2, 40, 17, 20.22
1570838114, 61, 86, 115, 1, 0, 0.94%, 2, 40, 17, 20.62
1570838166, 61, 87, 115, 1, 0, 0.94%, 2, 40, 17, 20.28
1570838222, 61, 90, 115, 1, 0, 0.94%, 2, 40, 17, 20.51
1570838278, 61, 91, 115, 1, 0, 0.94%, 2, 40, 17, 19.31
1570838329, 61, 92, 115, 1, 0, 0.94%, 2, 40, 17, 19.93
1570838385, 61, 99, 115, 1, 0, 0.94%, 2, 40, 17, 19.77
1570838441, 61, 101, 115, 1, 0, 0.94%, 2, 40, 17, 19.73
1570838477, 61, 102, 115, 1, 0, 0.94%, 2, 40, 17, 20.43
1570838518, 62, 2, 115, 1, 0, 0.94%, 2, 40, 17, 20.28
1570838533, 62, 3, 115, 1, 0, 0.94%, 2, 40, 17, 20.29
1570838553, 62, 8, 115, 1, 0, 0.94%, 2, 40, 17, 20.77
1570838589, 62, 10, 115, 1, 0, 0.94%, 2, 40, 17, 20.15
1570838624, 62, 11, 115, 1, 0, 0.94%, 2, 40, 17, 19.88
1570838660, 62, 13, 115, 1, 0, 0.94%, 2, 40, 17, 19.69
1570838701, 62, 14, 115, 1, 0, 0.94%, 2, 40, 17, 19.58
1570838737, 62, 15, 115, 1, 0, 0.94%, 2, 40, 17, 19.88
1570838774, 62, 16, 115, 1, 0, 0.94%, 2, 40, 17, 19.76
1570838809, 62, 17, 115, 1, 0, 0.94%, 2, 40, 17, 19.61
1570838845, 62, 18, 115, 1, 0, 0.94%, 2, 40, 17, 19.60
1570838886, 62, 19, 115, 1, 0, 0.94%, 2, 40, 17, 19.32
1570838922, 62, 21, 115, 1, 0, 0.94%, 2, 40, 17, 19.73
1570838958, 62, 22, 115, 1, 0, 0.94%, 2, 40, 17, 19.59
1570838999, 62, 26, 115, 1, 0, 0.94%, 2, 40, 17, 19.00
1570839035, 62, 29, 115, 1, 0, 0.94%, 2, 40, 17, 19.24
1570839070, 62, 36, 115, 1, 0, 0.94%, 2, 40, 17, 19.44
1570839229, 62, 39, 115, 1, 0, 0.94%, 2, 40, 17, 19.87
1570839265, 62, 41, 115, 1, 0, 0.94%, 2, 40, 17, 19.69
1570839300, 62, 47, 115, 1, 0, 0.94%, 2, 40, 17, 18.81
1570839341, 62, 53, 115, 1, 0, 0.94%, 2, 40, 17, 19.97
1570839377, 62, 54, 115, 1, 0, 0.94%, 2, 40, 17, 19.67
1570839525, 62, 64, 115, 1, 0, 0.94%, 2, 40, 17, 19.27
1570839581, 62, 71, 115, 1, 0, 0.94%, 2, 40, 17, 19.74
1570839632, 62, 75, 115, 1, 0, 0.94%, 2, 40, 17, 20.22
1570839688, 62, 76, 115, 1, 0, 0.94%, 2, 40, 17, 20.38
1570839739, 62, 77, 115, 1, 0, 0.94%, 2, 40, 17, 20.73
1570839791, 62, 81, 115, 1, 0, 0.94%, 2, 40, 17, 20.43
1570839847, 62, 82, 115, 1, 0, 0.94%, 2, 40, 17, 20.38
1570839899, 62, 83, 115, 1, 0, 0.94%, 2, 40, 17, 20.63
1570839954, 62, 85, 115, 1, 0, 0.94%, 2, 40, 17, 20.61
1570840000, 62, 86, 115, 1, 0, 0.94%, 2, 40, 17, 21.41
1570840057, 62, 87, 115, 1, 0, 0.94%, 2, 40, 17, 20.22
1570840108, 62, 89, 115, 1, 0, 0.94%, 2, 40, 17, 20.55
1570840328, 62, 90, 115, 1, 0, 0.94%, 2, 40, 17, 20.56
1570840379, 62, 91, 115, 1, 0, 0.94%, 2, 40, 17, 20.23
1570840435, 62, 92, 115, 1, 0, 0.94%, 2, 40, 17, 20.10
1570840486, 62, 99, 115, 1, 0, 0.94%, 2, 40, 17, 20.04
1570840542, 62, 101, 115, 1, 0, 0.94%, 2, 40, 17, 19.49
1570840583, 62, 102, 115, 1, 0, 0.94%, 2, 40, 17, 19.82
1570840619, 63, 2, 115, 1, 0, 0.94%, 2, 40, 17, 19.31
1570840640, 63, 3, 115, 1, 0, 0.94%, 2, 40, 17, 19.24
1570840660, 63, 8, 115, 1, 0, 0.94%, 2, 40, 17, 19.21
1570840696, 63, 10, 115, 1, 0, 0.94%, 2, 40, 17, 19.43
1570840732, 63, 11, 115, 1, 0, 0.94%, 2, 40, 17, 19.69
1570840773, 63, 13, 115, 1, 0, 0.94%, 2, 40, 17, 19.18
1570840808, 63, 14, 115, 1, 0, 0.94%, 2, 40, 17, 18.86
1570840844, 63, 15, 115, 1, 0, 0.94%, 2, 40, 17, 19.67
1570840885, 63, 16, 115, 1, 0, 0.94%, 2, 40, 17, 19.13
1570840920, 63, 17, 115, 1, 0, 0.94%, 2, 40, 17, 19.36
1570840956, 63, 18, 115, 1, 0, 0.94%, 2, 40, 17, 20.00
1570840992, 63, 19, 115, 1, 0, 0.94%, 2, 40, 17, 19.46
1570841033, 63, 20, 115, 1, 0, 0.94%, 2, 40, 17, 19.78
1570841186, 63, 21, 115, 1, 0, 0.94%, 2, 40, 17, 18.82
1570841221, 63, 22, 115, 1, 0, 0.94%, 2, 40, 17, 18.98
1570841262, 63, 23, 115, 1, 0, 0.94%, 2, 40, 17, 19.30
1570841415, 63, 26, 115, 1, 0, 0.94%, 2, 40, 17, 19.27
1570841451, 63, 27, 115, 1, 0, 0.94%, 2, 40, 17, 20.02
1570841599, 63, 29, 115, 1, 0, 0.94%, 2, 40, 17, 19.53
1570841635, 63, 39, 115, 1, 0, 0.94%, 2, 40, 17, 19.83
1570841671, 63, 41, 115, 1, 0, 0.94%, 2, 40, 17, 19.85
1570841707, 63, 47, 115, 1, 0, 0.94%, 2, 40, 17, 19.74
1570841747, 63, 53, 115, 1, 0, 0.94%, 2, 40, 17, 20.29
1570841783, 63, 64, 115, 1, 0, 0.94%, 2, 40, 17, 19.24
1570841840, 63, 71, 115, 1, 0, 0.94%, 2, 40, 17, 20.16
1570841896, 63, 75, 115, 1, 0, 0.94%, 2, 40, 17, 19.23
1570841952, 63, 76, 115, 1, 0, 0.94%, 2, 40, 17, 20.39
1570842003, 63, 77, 115, 1, 0, 0.94%, 2, 40, 17, 20.48
1570842060, 63, 81, 115, 1, 0, 0.94%, 2, 40, 17, 20.31
1570842111, 63, 82, 115, 1, 0, 0.94%, 2, 40, 17, 21.58
1570842162, 63, 83, 115, 1, 0, 0.94%, 2, 40, 17, 20.52
1570842218, 63, 85, 115, 1, 0, 0.94%, 2, 40, 17, 20.36
1570842275, 63, 86, 115, 1, 0, 0.94%, 2, 40, 17, 20.72
1570842326, 63, 87, 115, 1, 0, 0.94%, 2, 40, 17, 20.87
1570842382, 63, 88, 115, 1, 0, 0.94%, 2, 40, 17, 20.23
1570842597, 63, 89, 115, 1, 0, 0.94%, 2, 40, 17, 20.16
1570842817, 63, 90, 115, 1, 0, 0.94%, 2, 40, 17, 20.72
1570842873, 63, 91, 115, 1, 0, 0.94%, 2, 40, 17, 20.21
1570842925, 63, 92, 115, 1, 0, 0.94%, 2, 40, 17, 21.23
1570842976, 63, 97, 115, 1, 0, 0.94%, 2, 40, 17, 19.86
