# unix_time, cycles_done, cur_path, paths_total, pending_total, pending_favs, map_size, unique_crashes, unique_hangs, max_depth, execs_per_sec
1570685776, 0, 0, 2, 2, 1, 0.50%, 0, 0, 1, 49.23
1570685786, 0, 0, 3, 3, 1, 0.51%, 0, 0, 2, 49.37
1570685801, 0, 2, 3, 2, 1, 0.51%, 0, 1, 2, 48.73
1570685806, 0, 2, 3, 2, 1, 0.51%, 0, 2, 2, 50.62
1570685816, 0, 2, 4, 3, 1, 0.53%, 0, 2, 3, 48.05
1570685831, 0, 3, 4, 2, 1, 0.53%, 0, 2, 3, 49.02
1570685842, 0, 3, 5, 3, 1, 0.53%, 0, 3, 4, 8.80
1570685847, 0, 3, 5, 3, 1, 0.53%, 0, 4, 4, 53.21
1570685867, 0, 3, 5, 3, 1, 0.53%, 0, 5, 4, 51.48
1570685877, 0, 4, 5, 2, 1, 0.53%, 0, 5, 4, 50.05
1570685883, 0, 4, 5, 2, 1, 0.53%, 0, 6, 4, 6.76
1570685924, 0, 4, 5, 2, 1, 0.53%, 0, 7, 4, 5.20
1570685929, 1, 1, 5, 1, 0, 0.53%, 0, 7, 4, 46.70
1570685949, 1, 2, 5, 0, 0, 0.53%, 0, 7, 4, 46.04
1570685954, 1, 3, 5, 0, 0, 0.53%, 0, 7, 4, 45.14
1570685960, 1, 4, 5, 0, 0, 0.53%, 0, 7, 4, 44.60
1570685965, 2, 0, 5, 0, 0, 0.53%, 0, 7, 4, 45.09
1570685970, 2, 1, 5, 0, 0, 0.53%, 0, 7, 4, 46.68
1570685980, 2, 2, 5, 0, 0, 0.53%, 0, 7, 4, 46.50
1570685985, 2, 3, 5, 0, 0, 0.53%, 0, 7, 4, 44.59
1570685995, 2, 4, 5, 0, 0, 0.53%, 0, 7, 4, 44.24
1570686005, 3, 0, 5, 0, 0, 0.53%, 0, 7, 4, 43.62
1570686015, 3, 1, 5, 0, 0, 0.53%, 0, 7, 4, 45.17
1570686020, 3, 2, 5, 0, 0, 0.53%, 0, 7, 4, 43.21
1570686031, 3, 3, 5, 0, 0, 0.53%, 0, 7, 4, 42.06
1570686036, 3, 4, 5, 0, 0, 0.53%, 0, 7, 4, 41.40
1570686051, 4, 0, 5, 0, 0, 0.53%, 0, 7, 4, 41.85
1570686061, 4, 1, 5, 0, 0, 0.53%, 0, 7, 4, 41.90
1570686071, 4, 2, 5, 0, 0, 0.53%, 0, 7, 4, 42.30
1570686076, 4, 3, 5, 0, 0, 0.53%, 0, 7, 4, 42.24
1570686082, 4, 4, 5, 0, 0, 0.53%, 0, 7, 4, 41.49
1570686097, 5, 0, 5, 0, 0, 0.53%, 0, 7, 4, 42.82
1570686107, 5, 1, 5, 0, 0, 0.53%, 0, 7, 4, 43.16
1570686112, 5, 2, 5, 0, 0, 0.53%, 0, 7, 4, 43.84
1570686122, 5, 3, 5, 0, 0, 0.53%, 0, 7, 4, 40.75
1570686132, 5, 4, 5, 0, 0, 0.53%, 0, 7, 4, 39.03
1570686148, 6, 0, 5, 0, 0, 0.53%, 0, 7, 4, 38.03
1570686153, 6, 1, 5, 0, 0, 0.53%, 0, 7, 4, 37.40
1570686163, 6, 2, 5, 0, 0, 0.53%, 0, 7, 4, 37.54
1570686173, 6, 3, 5, 0, 0, 0.53%, 0, 7, 4, 36.02
1570686183, 6, 4, 5, 0, 0, 0.53%, 0, 7, 4, 38.19
1570686199, 7, 0, 5, 0, 0, 0.53%, 0, 7, 4, 37.69
1570686204, 7, 1, 5, 0, 0, 0.53%, 0, 7, 4, 36.88
1570686214, 7, 2, 5, 0, 0, 0.53%, 0, 7, 4, 36.18
1570686224, 7, 3, 5, 0, 0, 0.53%, 0, 7, 4, 37.89
1570686235, 7, 4, 5, 0, 0, 0.53%, 0, 7, 4, 35.22
1570686250, 8, 0, 5, 0, 0, 0.53%, 0, 7, 4, 33.53
1570686260, 8, 1, 5, 0, 0, 0.53%, 0, 7, 4, 33.70
1570686270, 8, 2, 5, 0, 0, 0.53%, 0, 7, 4, 34.78
1570686281, 8, 3, 5, 0, 0, 0.53%, 0, 7, 4, 34.14
1570686291, 8, 4, 5, 0, 0, 0.53%, 0, 7, 4, 33.91
1570686312, 9, 0, 5, 0, 0, 0.53%, 0, 7, 4, 34.83
1570686322, 9, 1, 5, 0, 0, 0.53%, 0, 7, 4, 34.87
1570686332, 9, 2, 5, 0, 0, 0.53%, 0, 7, 4, 34.47
1570686337, 9, 3, 5, 0, 0, 0.53%, 0, 7, 4, 34.72
1570686348, 9, 4, 5, 0, 0, 0.53%, 0, 7, 4, 35.05
1570686368, 10, 0, 5, 0, 0, 0.53%, 0, 7, 4, 34.63
1570686373, 10, 1, 5, 0, 0, 0.53%, 0, 7, 4, 35.32
1570686384, 10, 2, 5, 0, 0, 0.53%, 0, 7, 4, 35.49
1570686394, 10, 3, 5, 0, 0, 0.53%, 0, 7, 4, 34.24
1570686404, 10, 4, 5, 0, 0, 0.53%, 0, 7, 4, 34.13
1570686420, 11, 0, 5, 0, 0, 0.53%, 0, 7, 4, 31.13
1570686430, 11, 1, 5, 0, 0, 0.53%, 0, 7, 4, 31.42
1570686440, 11, 2, 5, 0, 0, 0.53%, 0, 7, 4, 31.40
1570686450, 11, 3, 5, 0, 0, 0.53%, 0, 7, 4, 31.92
1570686460, 11, 4, 5, 0, 0, 0.53%, 0, 7, 4, 31.28
1570686480, 12, 0, 5, 0, 0, 0.53%, 0, 7, 4, 29.98
1570686491, 12, 1, 5, 0, 0, 0.53%, 0, 7, 4, 30.38
1570686506, 12, 2, 5, 0, 0, 0.53%, 0, 7, 4, 29.95
1570686516, 12, 3, 5, 0, 0, 0.53%, 0, 7, 4, 30.76
1570686527, 12, 4, 5, 0, 0, 0.53%, 0, 7, 4, 30.98
1570686547, 13, 0, 5, 0, 0, 0.53%, 0, 7, 4, 31.36
1570686558, 13, 1, 5, 0, 0, 0.53%, 0, 7, 4, 33.26
1570686568, 13, 2, 5, 0, 0, 0.53%, 0, 7, 4, 31.45
1570686578, 13, 3, 5, 0, 0, 0.53%, 0, 7, 4, 33.44
1570686588, 13, 4, 5, 0, 0, 0.53%, 0, 7, 4, 31.77
1570686594, 13, 4, 6, 1, 0, 0.70%, 0, 7, 5, 31.63
1570686619, 13, 5, 6, 1, 1, 0.70%, 0, 7, 5, 30.41
1570686624, 13, 5, 9, 4, 1, 0.71%, 0, 9, 6, 31.09
1570686630, 13, 5, 11, 6, 1, 0.71%, 0, 10, 6, 3.58
1570686635, 13, 5, 13, 8, 1, 0.72%, 0, 10, 6, 30.49
1570686641, 13, 5, 13, 8, 1, 0.72%, 0, 11, 6, 1.88
1570686652, 13, 5, 14, 9, 1, 0.73%, 0, 13, 6, 1.88
1570686657, 13, 5, 14, 9, 1, 0.73%, 0, 15, 6, 20.38
1570686673, 13, 5, 17, 12, 1, 0.74%, 0, 16, 6, 30.67
1570686724, 13, 5, 18, 13, 1, 0.74%, 0, 16, 6, 31.11
1570686750, 13, 5, 19, 14, 1, 0.75%, 0, 17, 6, 28.51
1570686760, 13, 5, 20, 15, 1, 0.75%, 0, 18, 6, 29.79
1570686765, 13, 5, 21, 16, 1, 0.76%, 0, 18, 6, 28.66
1570686775, 13, 5, 22, 17, 1, 0.76%, 0, 18, 6, 27.91
1570686801, 13, 5, 23, 18, 1, 0.76%, 0, 18, 6, 29.46
1570686842, 13, 5, 24, 19, 1, 0.77%, 0, 18, 6, 29.60
1570686882, 13, 5, 25, 20, 1, 0.77%, 0, 18, 6, 28.86
1570686959, 13, 5, 26, 21, 1, 0.77%, 0, 18, 6, 27.93
1570687040, 13, 5, 26, 21, 1, 0.77%, 0, 19, 6, 27.50
1570687112, 13, 5, 26, 21, 1, 0.77%, 0, 20, 6, 30.34
1570687158, 13, 5, 27, 22, 1, 0.77%, 0, 20, 6, 31.53
1570687215, 13, 6, 27, 21, 13, 0.77%, 0, 20, 6, 30.54
1570687369, 13, 6, 28, 22, 13, 0.77%, 0, 20, 7, 32.26
1570687389, 13, 6, 29, 23, 13, 0.77%, 0, 20, 7, 31.31
1570687849, 13, 7, 29, 22, 12, 0.77%, 0, 20, 7, 30.06
1570687890, 13, 7, 30, 23, 12, 0.78%, 0, 20, 7, 32.87
1570688080, 13, 7, 31, 24, 12, 0.78%, 0, 20, 7, 32.72
1570688101, 13, 7, 32, 25, 12, 0.78%, 0, 20, 7, 31.83
1570688132, 13, 7, 33, 26, 12, 0.78%, 0, 20, 7, 31.43
1570688448, 13, 7, 34, 27, 12, 0.78%, 0, 20, 7, 32.55
1570688541, 13, 8, 34, 26, 13, 0.78%, 0, 20, 7, 31.16
1570688725, 13, 8, 35, 27, 13, 0.78%, 0, 20, 7, 32.43
1570688976, 13, 10, 35, 26, 12, 0.78%, 0, 20, 7, 30.86
1570689130, 13, 10, 36, 27, 12, 0.78%, 0, 20, 7, 29.92
1570689391, 13, 11, 36, 26, 11, 0.78%, 0, 20, 7, 33.97
1570689489, 13, 11, 37, 27, 11, 0.78%, 0, 20, 7, 30.19
1570689760, 13, 11, 38, 28, 11, 0.79%, 0, 20, 7, 35.13
1570689806, 13, 12, 38, 27, 11, 0.79%, 0, 20, 7, 35.27
1570690099, 13, 13, 38, 26, 10, 0.79%, 0, 20, 7, 30.79
1570690289, 13, 13, 39, 27, 10, 0.79%, 0, 20, 7, 30.24
1570690533, 13, 14, 39, 26, 9, 0.79%, 0, 20, 7, 29.43
1570690589, 13, 14, 39, 26, 9, 0.79%, 0, 21, 7, 34.87
1570690763, 13, 14, 40, 27, 9, 0.79%, 0, 21, 7, 31.43
1570690819, 13, 15, 40, 26, 9, 0.79%, 0, 21, 7, 31.80
1570690891, 13, 15, 40, 26, 9, 0.79%, 0, 22, 7, 32.93
1570691065, 13, 15, 41, 27, 9, 0.81%, 0, 22, 7, 31.47
1570691070, 13, 15, 41, 27, 9, 0.81%, 0, 23, 7, 30.63
1570691121, 13, 16, 41, 26, 7, 0.81%, 0, 23, 7, 32.36
1570691182, 13, 16, 41, 26, 7, 0.81%, 0, 24, 7, 24.09
1570691316, 13, 16, 42, 27, 7, 0.81%, 0, 24, 7, 30.72
1570691531, 13, 16, 43, 28, 7, 0.81%, 0, 24, 7, 30.67
1570691536, 13, 20, 43, 27, 6, 0.81%, 0, 24, 7, 22.60
1570691546, 13, 20, 43, 27, 6, 0.81%, 0, 25, 7, 35.17
1570691751, 13, 20, 44, 28, 6, 0.81%, 0, 25, 7, 31.75
1570692073, 13, 21, 44, 27, 5, 0.81%, 0, 25, 7, 26.40
1570692278, 13, 21, 45, 28, 5, 0.81%, 0, 25, 7, 33.69
1570692299, 13, 21, 46, 29, 5, 0.81%, 0, 25, 7, 34.51
1570692764, 13, 23, 46, 28, 4, 0.81%, 0, 25, 7, 32.34
1570693062, 13, 23, 47, 29, 4, 0.81%, 0, 25, 7, 33.85
1570693073, 13, 31, 47, 28, 3, 0.81%, 0, 25, 7, 29.68
1570693078, 13, 31, 49, 30, 3, 0.81%, 0, 25, 8, 31.98
1570693083, 13, 31, 50, 31, 3, 0.82%, 0, 25, 8, 32.17
1570693088, 13, 31, 51, 32, 3, 0.82%, 0, 25, 8, 35.33
1570693114, 13, 31, 52, 33, 3, 0.82%, 0, 25, 8, 31.23
1570693364, 13, 37, 52, 32, 5, 0.82%, 0, 25, 8, 33.60
1570693395, 13, 37, 53, 33, 5, 0.83%, 0, 25, 8, 31.02
1570693472, 13, 37, 54, 34, 5, 0.85%, 0, 25, 8, 32.46
1570693744, 13, 39, 54, 33, 6, 0.85%, 0, 25, 8, 27.59
1570693892, 13, 39, 55, 34, 6, 0.85%, 0, 25, 8, 27.83
1570693908, 13, 39, 56, 35, 6, 0.85%, 0, 25, 8, 27.29
1570694107, 13, 39, 57, 36, 6, 0.85%, 0, 25, 8, 28.69
1570694143, 13, 39, 58, 37, 6, 0.85%, 0, 25, 8, 28.77
1570694169, 13, 39, 58, 37, 6, 0.85%, 0, 26, 8, 30.83
1570694531, 13, 48, 58, 36, 5, 0.85%, 0, 26, 8, 24.44
1570694598, 13, 48, 58, 36, 5, 0.85%, 0, 27, 8, 27.37
1570694664, 13, 48, 58, 36, 5, 0.85%, 0, 28, 8, 2.73
1570694945, 13, 48, 58, 36, 5, 0.85%, 0, 29, 8, 28.45
1570694961, 13, 48, 59, 37, 5, 0.85%, 0, 29, 9, 29.12
1570694971, 13, 49, 59, 36, 4, 0.85%, 0, 29, 9, 28.43
1570695369, 13, 50, 59, 35, 3, 0.85%, 0, 29, 9, 27.02
1570695843, 13, 52, 59, 34, 2, 0.85%, 0, 29, 9, 25.67
1570695849, 13, 52, 60, 35, 2, 0.85%, 0, 30, 9, 24.89
1570695997, 13, 52, 61, 36, 2, 0.85%, 0, 30, 9, 27.66
1570696425, 13, 52, 62, 37, 2, 0.85%, 0, 30, 9, 25.66
1570696487, 13, 53, 62, 36, 3, 0.85%, 0, 30, 9, 26.17
1570696492, 13, 53, 63, 37, 3, 0.86%, 0, 30, 9, 24.76
1570696517, 13, 53, 63, 37, 3, 0.86%, 0, 31, 9, 19.24
1570696563, 13, 53, 64, 38, 3, 0.87%, 0, 31, 9, 26.86
1570696778, 13, 53, 65, 39, 3, 0.88%, 0, 31, 9, 25.13
1570697124, 13, 59, 65, 38, 5, 0.88%, 0, 31, 9, 27.21
1570697155, 13, 59, 65, 38, 5, 0.88%, 0, 32, 9, 25.15
1570697267, 13, 59, 66, 39, 5, 0.88%, 0, 32, 10, 25.36
1570697297, 13, 59, 67, 40, 5, 0.88%, 0, 32, 10, 25.44
1570697343, 13, 59, 68, 41, 5, 0.88%, 0, 32, 10, 25.88
1570697501, 13, 59, 68, 41, 5, 0.88%, 0, 33, 10, 25.97
1570697726, 13, 59, 68, 41, 5, 0.88%, 1, 33, 10, 25.76
1570697767, 13, 60, 68, 40, 6, 0.88%, 1, 33, 10, 23.84
1570698411, 13, 62, 68, 39, 5, 0.88%, 1, 33, 10, 25.26
1570698717, 13, 62, 70, 41, 5, 0.88%, 1, 33, 10, 26.13
1570698727, 13, 62, 71, 42, 5, 0.88%, 1, 33, 10, 26.29
1570698829, 13, 63, 71, 41, 4, 0.88%, 1, 33, 10, 25.05
1570698835, 13, 63, 72, 42, 4, 0.88%, 1, 35, 10, 3.40
1570698840, 13, 63, 73, 43, 4, 0.89%, 1, 35, 10, 23.83
1570698937, 13, 63, 74, 44, 4, 0.89%, 1, 35, 10, 27.95
1570699106, 13, 63, 75, 45, 4, 0.89%, 1, 35, 10, 26.91
1570699279, 13, 63, 76, 46, 4, 0.89%, 1, 35, 10, 26.74
1570699443, 13, 63, 77, 47, 4, 0.90%, 1, 35, 10, 31.17
1570699504, 13, 64, 77, 46, 7, 0.90%, 1, 35, 10, 26.88
1570699964, 13, 65, 77, 45, 6, 0.90%, 1, 35, 10, 26.22
1570700432, 13, 67, 77, 44, 5, 0.90%, 1, 35, 10, 25.02
1570700847, 13, 67, 77, 44, 5, 0.90%, 2, 35, 10, 27.05
1570700887, 13, 71, 77, 43, 4, 0.90%, 2, 35, 10, 26.71
1570701265, 13, 72, 77, 42, 3, 0.90%, 2, 35, 10, 25.69
1570701479, 13, 72, 78, 43, 3, 0.90%, 2, 35, 11, 26.20
1570701933, 13, 72, 78, 43, 3, 0.90%, 2, 36, 11, 24.48
1570701989, 13, 73, 78, 42, 3, 0.90%, 2, 36, 11, 24.82
1570702460, 13, 76, 78, 41, 2, 0.90%, 2, 36, 11, 25.61
1570702465, 13, 76, 78, 41, 2, 0.90%, 2, 37, 11, 3.52
1570702475, 13, 76, 79, 42, 2, 0.91%, 2, 37, 11, 25.39
1570702960, 13, 77, 79, 41, 2, 0.91%, 2, 37, 11, 26.71
