# unix_time, cycles_done, cur_path, paths_total, pending_total, pending_favs, map_size, unique_crashes, unique_hangs, max_depth, execs_per_sec
1570703580, 0, 0, 2, 2, 1, 0.51%, 0, 0, 1, 59.48
1570703591, 0, 0, 3, 3, 1, 0.51%, 0, 1, 2, 4.50
1570703601, 0, 2, 3, 2, 1, 0.51%, 0, 2, 2, 9.84
1570703617, 1, 0, 3, 1, 0, 0.51%, 0, 2, 2, 60.49
1570703622, 1, 1, 3, 1, 0, 0.51%, 0, 2, 2, 62.61
1570703637, 2, 0, 3, 0, 0, 0.51%, 0, 2, 2, 62.21
1570703643, 2, 1, 3, 0, 0, 0.51%, 0, 2, 2, 62.30
1570703648, 2, 2, 3, 0, 0, 0.51%, 0, 3, 2, 62.96
1570703653, 3, 0, 3, 0, 0, 0.51%, 0, 4, 2, 62.50
1570703658, 3, 1, 3, 0, 0, 0.51%, 0, 4, 2, 63.13
1570703663, 3, 2, 3, 0, 0, 0.51%, 0, 4, 2, 63.14
1570703668, 3, 2, 4, 1, 0, 0.53%, 0, 4, 3, 59.99
1570703673, 3, 3, 4, 1, 1, 0.53%, 0, 4, 3, 62.36
1570703689, 3, 3, 4, 1, 1, 0.53%, 0, 5, 3, 50.23
1570703704, 3, 3, 5, 2, 1, 0.53%, 0, 5, 4, 59.32
1570703725, 3, 3, 5, 2, 1, 0.53%, 0, 6, 4, 63.40
1570703730, 3, 4, 5, 1, 1, 0.53%, 0, 6, 4, 58.99
1570703745, 3, 4, 5, 1, 1, 0.53%, 0, 7, 4, 63.13
1570703760, 3, 4, 5, 1, 1, 0.53%, 0, 8, 4, 53.69
1570703801, 4, 0, 5, 0, 0, 0.53%, 0, 8, 4, 61.88
1570703806, 4, 1, 5, 0, 0, 0.53%, 0, 8, 4, 61.80
1570703811, 4, 2, 5, 0, 0, 0.53%, 0, 8, 4, 62.25
1570703816, 4, 3, 5, 0, 0, 0.53%, 0, 8, 4, 57.49
1570703832, 4, 4, 5, 0, 0, 0.53%, 0, 8, 4, 51.75
1570703857, 5, 0, 5, 0, 0, 0.53%, 0, 8, 4, 55.32
1570703863, 5, 1, 5, 0, 0, 0.53%, 0, 8, 4, 56.22
1570703873, 5, 2, 5, 0, 0, 0.53%, 0, 8, 4, 54.39
1570703878, 5, 3, 5, 0, 0, 0.53%, 0, 8, 4, 52.33
1570703888, 5, 4, 5, 0, 0, 0.53%, 0, 8, 4, 51.43
1570703919, 6, 0, 5, 0, 0, 0.53%, 0, 8, 4, 54.05
1570703924, 6, 1, 5, 0, 0, 0.53%, 0, 8, 4, 54.94
1570703929, 6, 2, 5, 0, 0, 0.53%, 0, 8, 4, 54.69
1570703934, 6, 3, 5, 0, 0, 0.53%, 0, 8, 4, 54.14
1570703945, 6, 4, 5, 0, 0, 0.53%, 0, 8, 4, 53.43
1570703955, 7, 0, 5, 0, 0, 0.53%, 0, 8, 4, 54.98
1570703965, 7, 1, 5, 0, 0, 0.53%, 0, 8, 4, 54.56
1570703970, 7, 2, 5, 0, 0, 0.53%, 0, 8, 4, 52.64
1570703975, 7, 3, 5, 0, 0, 0.53%, 0, 8, 4, 53.00
1570703980, 7, 4, 5, 0, 0, 0.53%, 0, 8, 4, 52.81
1570703996, 8, 0, 5, 0, 0, 0.53%, 0, 8, 4, 52.54
1570704001, 8, 1, 5, 0, 0, 0.53%, 0, 8, 4, 53.57
1570704011, 8, 2, 5, 0, 0, 0.53%, 0, 8, 4, 54.12
1570704016, 8, 3, 5, 0, 0, 0.53%, 0, 8, 4, 52.97
1570704021, 8, 4, 5, 0, 0, 0.53%, 0, 8, 4, 52.44
1570704036, 9, 0, 5, 0, 0, 0.53%, 0, 8, 4, 53.31
1570704041, 9, 1, 5, 0, 0, 0.53%, 0, 8, 4, 54.53
1570704047, 9, 2, 5, 0, 0, 0.53%, 0, 8, 4, 55.38
1570704057, 9, 3, 5, 0, 0, 0.53%, 0, 8, 4, 53.92
1570704062, 9, 4, 5, 0, 0, 0.53%, 0, 8, 4, 52.22
1570704077, 10, 0, 5, 0, 0, 0.53%, 0, 8, 4, 54.89
1570704082, 10, 1, 5, 0, 0, 0.53%, 0, 8, 4, 55.34
1570704087, 10, 2, 5, 0, 0, 0.53%, 0, 8, 4, 54.81
1570704093, 10, 3, 5, 0, 0, 0.53%, 0, 8, 4, 53.00
1570704098, 10, 4, 5, 0, 0, 0.53%, 0, 8, 4, 55.32
1570704113, 11, 0, 5, 0, 0, 0.53%, 0, 8, 4, 53.96
1570704118, 11, 1, 5, 0, 0, 0.53%, 0, 8, 4, 53.86
1570704123, 11, 2, 5, 0, 0, 0.53%, 0, 8, 4, 54.20
1570704134, 11, 3, 5, 0, 0, 0.53%, 0, 8, 4, 51.86
1570704139, 11, 4, 5, 0, 0, 0.53%, 0, 8, 4, 49.42
1570704154, 12, 0, 5, 0, 0, 0.53%, 0, 8, 4, 50.04
1570704159, 12, 1, 5, 0, 0, 0.53%, 0, 8, 4, 51.14
1570704169, 12, 2, 5, 0, 0, 0.53%, 0, 8, 4, 52.09
1570704174, 12, 3, 5, 0, 0, 0.53%, 0, 8, 4, 50.55
1570704179, 12, 4, 5, 0, 0, 0.53%, 0, 8, 4, 49.95
1570704194, 13, 0, 5, 0, 0, 0.53%, 0, 8, 4, 50.73
1570704199, 13, 1, 5, 0, 0, 0.53%, 0, 8, 4, 50.87
1570704209, 13, 2, 5, 0, 0, 0.53%, 0, 8, 4, 50.76
1570704214, 13, 3, 5, 0, 0, 0.53%, 0, 8, 4, 50.32
1570704225, 13, 4, 5, 0, 0, 0.53%, 0, 8, 4, 49.80
1570704240, 14, 0, 5, 0, 0, 0.53%, 0, 8, 4, 49.81
1570704245, 14, 1, 5, 0, 0, 0.53%, 0, 8, 4, 50.28
1570704250, 14, 2, 5, 0, 0, 0.53%, 0, 8, 4, 51.14
1570704260, 14, 3, 5, 0, 0, 0.53%, 0, 8, 4, 49.04
1570704265, 14, 4, 5, 0, 0, 0.53%, 0, 8, 4, 49.11
1570704280, 15, 0, 5, 0, 0, 0.53%, 0, 8, 4, 50.52
1570704285, 15, 1, 5, 0, 0, 0.53%, 0, 8, 4, 51.76
1570704295, 15, 2, 5, 0, 0, 0.53%, 0, 8, 4, 49.89
1570704300, 15, 3, 5, 0, 0, 0.53%, 0, 8, 4, 49.42
1570704306, 15, 4, 5, 0, 0, 0.53%, 0, 8, 4, 48.79
1570704321, 16, 0, 5, 0, 0, 0.53%, 0, 8, 4, 50.91
1570704326, 16, 1, 5, 0, 0, 0.53%, 0, 8, 4, 49.52
1570704336, 16, 2, 5, 0, 0, 0.53%, 0, 8, 4, 51.26
1570704341, 16, 3, 5, 0, 0, 0.53%, 0, 8, 4, 49.44
1570704346, 16, 4, 5, 0, 0, 0.53%, 0, 8, 4, 48.37
1570704362, 17, 0, 5, 0, 0, 0.53%, 0, 8, 4, 50.62
1570704372, 17, 1, 5, 0, 0, 0.53%, 0, 8, 4, 51.01
1570704377, 17, 2, 5, 0, 0, 0.53%, 0, 8, 4, 51.26
1570704382, 17, 3, 5, 0, 0, 0.53%, 0, 8, 4, 50.69
1570704392, 17, 4, 5, 0, 0, 0.53%, 0, 8, 4, 48.43
1570704407, 18, 0, 5, 0, 0, 0.53%, 0, 8, 4, 50.70
1570704412, 18, 1, 5, 0, 0, 0.53%, 0, 8, 4, 51.90
1570704422, 18, 2, 5, 0, 0, 0.53%, 0, 8, 4, 50.13
1570704427, 18, 3, 5, 0, 0, 0.53%, 0, 8, 4, 49.21
1570704438, 18, 4, 5, 0, 0, 0.53%, 0, 8, 4, 49.05
1570704448, 19, 0, 5, 0, 0, 0.53%, 0, 8, 4, 48.54
1570704458, 19, 1, 5, 0, 0, 0.53%, 0, 8, 4, 49.91
1570704463, 19, 2, 5, 0, 0, 0.53%, 0, 8, 4, 47.97
1570704473, 19, 3, 5, 0, 0, 0.53%, 0, 8, 4, 47.99
1570704478, 19, 4, 5, 0, 0, 0.53%, 0, 8, 4, 48.31
1570704493, 20, 0, 5, 0, 0, 0.53%, 0, 8, 4, 49.17
1570704498, 20, 1, 5, 0, 0, 0.53%, 0, 8, 4, 50.11
1570704508, 20, 2, 5, 0, 0, 0.53%, 0, 8, 4, 49.27
1570704514, 20, 3, 5, 0, 0, 0.53%, 0, 8, 4, 48.96
1570704524, 20, 4, 5, 0, 0, 0.53%, 0, 8, 4, 48.64
1570704539, 21, 0, 5, 0, 0, 0.53%, 0, 8, 4, 48.94
1570704544, 21, 1, 5, 0, 0, 0.53%, 0, 8, 4, 48.83
1570704549, 21, 2, 5, 0, 0, 0.53%, 0, 8, 4, 50.28
1570704554, 21, 3, 5, 0, 0, 0.53%, 0, 8, 4, 48.84
1570704565, 21, 4, 5, 0, 0, 0.53%, 0, 8, 4, 49.04
1570704580, 22, 0, 5, 0, 0, 0.53%, 0, 8, 4, 50.90
1570704585, 22, 1, 5, 0, 0, 0.53%, 0, 8, 4, 50.96
1570704590, 22, 2, 5, 0, 0, 0.53%, 0, 8, 4, 51.57
1570704595, 22, 3, 5, 0, 0, 0.53%, 0, 8, 4, 49.35
1570704605, 22, 4, 5, 0, 0, 0.53%, 0, 8, 4, 48.53
1570704620, 23, 0, 5, 0, 0, 0.53%, 0, 8, 4, 51.06
1570704625, 23, 1, 5, 0, 0, 0.53%, 0, 8, 4, 50.80
1570704630, 23, 2, 5, 0, 0, 0.53%, 0, 8, 4, 50.94
1570704640, 23, 3, 5, 0, 0, 0.53%, 0, 8, 4, 50.17
1570704646, 23, 4, 5, 0, 0, 0.53%, 0, 8, 4, 49.78
1570704661, 24, 0, 5, 0, 0, 0.53%, 0, 8, 4, 50.59
1570704666, 24, 1, 5, 0, 0, 0.53%, 0, 8, 4, 50.78
1570704676, 24, 2, 5, 0, 0, 0.53%, 0, 8, 4, 50.50
1570704681, 24, 3, 5, 0, 0, 0.53%, 0, 8, 4, 49.35
1570704686, 24, 4, 5, 0, 0, 0.53%, 0, 8, 4, 47.20
1570704701, 25, 0, 5, 0, 0, 0.53%, 0, 8, 4, 51.19
1570704706, 25, 1, 5, 0, 0, 0.53%, 0, 8, 4, 51.03
1570704716, 25, 2, 5, 0, 0, 0.53%, 0, 8, 4, 50.91
1570704722, 25, 3, 5, 0, 0, 0.53%, 0, 8, 4, 49.43
1570704732, 25, 4, 5, 0, 0, 0.53%, 0, 8, 4, 50.49
1570704747, 26, 0, 5, 0, 0, 0.53%, 0, 8, 4, 49.86
1570704752, 26, 1, 5, 0, 0, 0.53%, 0, 8, 4, 49.83
1570704757, 26, 2, 5, 0, 0, 0.53%, 0, 8, 4, 50.59
1570704762, 26, 3, 5, 0, 0, 0.53%, 0, 8, 4, 51.06
1570704772, 26, 4, 5, 0, 0, 0.53%, 0, 8, 4, 50.29
1570704787, 27, 0, 5, 0, 0, 0.53%, 0, 8, 4, 50.00
1570704792, 27, 1, 5, 0, 0, 0.53%, 0, 8, 4, 51.64
1570704798, 27, 2, 5, 0, 0, 0.53%, 0, 8, 4, 52.99
1570704803, 27, 3, 5, 0, 0, 0.53%, 0, 8, 4, 52.19
1570704813, 27, 4, 5, 0, 0, 0.53%, 0, 8, 4, 48.95
1570704828, 28, 0, 5, 0, 0, 0.53%, 0, 8, 4, 52.00
1570704833, 28, 1, 5, 0, 0, 0.53%, 0, 8, 4, 50.71
1570704838, 28, 2, 5, 0, 0, 0.53%, 0, 8, 4, 50.43
1570704843, 28, 3, 5, 0, 0, 0.53%, 0, 8, 4, 49.13
1570704853, 28, 4, 5, 0, 0, 0.53%, 0, 8, 4, 50.06
1570704869, 29, 0, 5, 0, 0, 0.53%, 0, 8, 4, 52.04
1570704874, 29, 1, 5, 0, 0, 0.53%, 0, 8, 4, 51.44
1570704879, 29, 2, 5, 0, 0, 0.53%, 0, 8, 4, 51.92
1570704889, 29, 3, 5, 0, 0, 0.53%, 0, 8, 4, 47.98
1570704894, 29, 4, 5, 0, 0, 0.53%, 0, 8, 4, 47.83
1570704909, 30, 0, 5, 0, 0, 0.53%, 0, 8, 4, 44.49
1570704920, 30, 1, 5, 0, 0, 0.53%, 0, 8, 4, 48.57
1570704925, 30, 2, 5, 0, 0, 0.53%, 0, 8, 4, 45.98
1570704935, 30, 3, 5, 0, 0, 0.53%, 0, 8, 4, 46.39
1570704940, 30, 4, 5, 0, 0, 0.53%, 0, 8, 4, 42.73
1570704960, 31, 0, 5, 0, 0, 0.53%, 0, 8, 4, 40.59
1570704965, 31, 1, 5, 0, 0, 0.53%, 0, 8, 4, 43.52
1570704976, 31, 2, 5, 0, 0, 0.53%, 0, 8, 4, 44.77
1570704981, 31, 3, 5, 0, 0, 0.53%, 0, 8, 4, 40.55
1570704991, 31, 4, 5, 0, 0, 0.53%, 0, 8, 4, 36.79
1570705012, 32, 0, 5, 0, 0, 0.53%, 0, 8, 4, 38.37
1570705017, 32, 1, 5, 0, 0, 0.53%, 0, 8, 4, 39.74
1570705027, 32, 2, 5, 0, 0, 0.53%, 0, 8, 4, 36.96
1570705037, 32, 3, 5, 0, 0, 0.53%, 0, 8, 4, 35.77
1570705047, 32, 4, 5, 0, 0, 0.53%, 0, 8, 4, 35.57
1570705068, 33, 0, 5, 0, 0, 0.53%, 0, 8, 4, 33.12
1570705078, 33, 1, 5, 0, 0, 0.53%, 0, 8, 4, 32.57
1570705088, 33, 2, 5, 0, 0, 0.53%, 0, 8, 4, 32.29
1570705099, 33, 3, 5, 0, 0, 0.53%, 0, 8, 4, 32.85
1570705109, 33, 4, 5, 0, 0, 0.53%, 0, 8, 4, 31.66
1570705135, 34, 0, 5, 0, 0, 0.53%, 0, 8, 4, 32.75
1570705140, 34, 1, 5, 0, 0, 0.53%, 0, 8, 4, 33.94
1570705155, 34, 2, 5, 0, 0, 0.53%, 0, 8, 4, 32.02
1570705160, 34, 3, 5, 0, 0, 0.53%, 0, 8, 4, 32.07
1570705176, 34, 4, 5, 0, 0, 0.53%, 0, 8, 4, 31.43
1570705196, 35, 0, 5, 0, 0, 0.53%, 0, 8, 4, 34.69
1570705207, 35, 1, 5, 0, 0, 0.53%, 0, 8, 4, 34.18
1570705217, 35, 2, 5, 0, 0, 0.53%, 0, 8, 4, 32.04
1570705227, 35, 3, 5, 0, 0, 0.53%, 0, 8, 4, 31.74
1570705237, 35, 4, 5, 0, 0, 0.53%, 0, 8, 4, 33.48
1570705258, 36, 0, 5, 0, 0, 0.53%, 0, 8, 4, 32.03
1570705268, 36, 1, 5, 0, 0, 0.53%, 0, 8, 4, 34.60
1570705279, 36, 2, 5, 0, 0, 0.53%, 0, 8, 4, 32.17
1570705294, 36, 3, 5, 0, 0, 0.53%, 0, 8, 4, 30.59
1570705304, 36, 4, 5, 0, 0, 0.53%, 0, 8, 4, 31.54
1570705325, 37, 0, 5, 0, 0, 0.53%, 0, 8, 4, 32.46
1570705335, 37, 1, 5, 0, 0, 0.53%, 0, 8, 4, 32.95
1570705350, 37, 2, 5, 0, 0, 0.53%, 0, 8, 4, 31.62
1570705355, 37, 3, 5, 0, 0, 0.53%, 0, 8, 4, 30.46
1570705371, 37, 4, 5, 0, 0, 0.53%, 0, 8, 4, 32.83
1570705391, 38, 0, 5, 0, 0, 0.53%, 0, 8, 4, 33.06
1570705401, 38, 1, 5, 0, 0, 0.53%, 0, 8, 4, 33.45
1570705412, 38, 2, 5, 0, 0, 0.53%, 0, 8, 4, 32.62
1570705422, 38, 3, 5, 0, 0, 0.53%, 0, 8, 4, 34.15
1570705432, 38, 4, 5, 0, 0, 0.53%, 0, 8, 4, 34.71
1570705458, 39, 0, 5, 0, 0, 0.53%, 0, 8, 4, 31.41
1570705468, 39, 1, 5, 0, 0, 0.53%, 0, 8, 4, 31.54
1570705478, 39, 2, 5, 0, 0, 0.53%, 0, 8, 4, 32.01
1570705489, 39, 3, 5, 0, 0, 0.53%, 0, 8, 4, 31.23
1570705499, 39, 4, 5, 0, 0, 0.53%, 0, 8, 4, 30.35
1570705524, 40, 0, 5, 0, 0, 0.53%, 0, 8, 4, 33.28
1570705535, 40, 1, 5, 0, 0, 0.53%, 0, 8, 4, 29.80
1570705545, 40, 2, 5, 0, 0, 0.53%, 0, 8, 4, 29.22
1570705555, 40, 3, 5, 0, 0, 0.53%, 0, 8, 4, 29.51
1570705571, 40, 4, 5, 0, 0, 0.53%, 0, 8, 4, 29.95
1570705596, 41, 0, 5, 0, 0, 0.53%, 0, 8, 4, 29.52
1570705606, 41, 1, 5, 0, 0, 0.53%, 0, 8, 4, 29.81
1570705616, 41, 2, 5, 0, 0, 0.53%, 0, 8, 4, 29.39
1570705627, 41, 3, 5, 0, 0, 0.53%, 0, 8, 4, 29.03
1570705642, 41, 4, 5, 0, 0, 0.53%, 0, 8, 4, 29.80
1570705663, 42, 0, 5, 0, 0, 0.53%, 0, 8, 4, 29.70
1570705673, 42, 1, 5, 0, 0, 0.53%, 0, 8, 4, 29.28
1570705688, 42, 2, 5, 0, 0, 0.53%, 0, 8, 4, 30.16
1570705699, 42, 3, 5, 0, 0, 0.53%, 0, 8, 4, 30.24
1570705709, 42, 4, 5, 0, 0, 0.53%, 0, 8, 4, 30.85
1570705734, 43, 0, 5, 0, 0, 0.53%, 0, 8, 4, 30.63
1570705745, 43, 1, 5, 0, 0, 0.53%, 0, 8, 4, 30.61
1570705755, 43, 2, 5, 0, 0, 0.53%, 0, 8, 4, 30.56
1570705765, 43, 3, 5, 0, 0, 0.53%, 0, 8, 4, 31.45
1570705776, 43, 4, 5, 0, 0, 0.53%, 0, 8, 4, 34.28
1570705796, 44, 0, 5, 0, 0, 0.53%, 0, 8, 4, 33.21
1570705806, 44, 1, 5, 0, 0, 0.53%, 0, 8, 4, 31.74
1570705817, 44, 2, 5, 0, 0, 0.53%, 0, 8, 4, 31.88
1570705827, 44, 3, 5, 0, 0, 0.53%, 0, 8, 4, 31.75
1570705837, 44, 4, 5, 0, 0, 0.53%, 0, 8, 4, 31.03
1570705863, 45, 0, 5, 0, 0, 0.53%, 0, 8, 4, 30.63
1570705873, 45, 1, 5, 0, 0, 0.53%, 0, 8, 4, 31.48
1570705884, 45, 2, 5, 0, 0, 0.53%, 0, 8, 4, 31.18
1570705894, 45, 3, 5, 0, 0, 0.53%, 0, 8, 4, 30.38
1570705904, 45, 4, 5, 0, 0, 0.53%, 0, 8, 4, 32.09
1570705914, 45, 4, 6, 1, 0, 0.72%, 0, 8, 5, 31.65
1570705925, 45, 4, 7, 2, 0, 0.72%, 0, 10, 5, 2.75
1570705930, 45, 4, 8, 3, 0, 0.72%, 0, 12, 5, 17.30
1570705935, 45, 4, 8, 3, 0, 0.72%, 0, 13, 5, 2.75
1570705940, 45, 4, 11, 6, 0, 0.73%, 0, 13, 5, 32.59
1570705945, 45, 4, 12, 7, 0, 0.73%, 0, 14, 5, 1.88
1570705950, 45, 5, 12, 7, 6, 0.73%, 0, 14, 5, 29.41
1570705955, 45, 5, 15, 10, 6, 0.74%, 0, 15, 6, 30.84
1570705960, 45, 5, 16, 11, 6, 0.75%, 0, 15, 6, 33.35
1570705981, 45, 5, 20, 15, 6, 0.77%, 0, 15, 6, 37.44
1570706007, 45, 5, 22, 17, 6, 0.78%, 0, 15, 6, 33.53
1570706043, 45, 5, 23, 18, 6, 0.78%, 0, 17, 6, 4.69
1570706058, 45, 5, 25, 20, 6, 0.78%, 0, 17, 6, 34.18
1570706299, 45, 5, 26, 21, 6, 0.78%, 0, 17, 6, 33.61
1570706443, 45, 5, 26, 21, 6, 0.78%, 0, 18, 6, 30.23
1570706464, 45, 5, 26, 21, 6, 0.78%, 0, 19, 6, 30.81
1570706597, 45, 6, 26, 20, 13, 0.78%, 0, 19, 6, 33.97
1570706858, 45, 8, 26, 19, 12, 0.78%, 0, 19, 6, 24.10
1570706868, 45, 8, 28, 21, 12, 0.78%, 0, 19, 6, 29.01
1570707078, 45, 8, 30, 23, 12, 0.78%, 0, 19, 6, 32.16
1570707098, 45, 8, 31, 24, 12, 0.78%, 0, 19, 6, 32.99
1570707159, 45, 8, 32, 25, 12, 0.78%, 0, 20, 6, 34.33
1570707210, 45, 8, 32, 25, 12, 0.78%, 0, 21, 6, 22.08
1570707216, 45, 8, 32, 25, 12, 0.78%, 0, 23, 6, 3.12
1570707221, 45, 8, 32, 25, 12, 0.78%, 0, 24, 6, 1.88
1570707493, 45, 9, 32, 24, 14, 0.78%, 0, 24, 6, 28.21
1570707796, 45, 10, 32, 23, 13, 0.78%, 0, 24, 6, 34.12
1570707831, 45, 10, 32, 23, 13, 0.78%, 0, 25, 6, 5.12
1570707847, 45, 10, 32, 23, 13, 0.78%, 0, 26, 6, 31.83
1570708072, 45, 14, 32, 22, 12, 0.78%, 0, 26, 6, 28.34
1570708636, 45, 14, 33, 23, 12, 0.78%, 0, 26, 7, 33.23
1570708865, 45, 15, 33, 22, 11, 0.78%, 0, 26, 7, 27.55
1570708871, 45, 15, 34, 23, 11, 0.79%, 0, 26, 7, 30.96
1570708892, 45, 15, 34, 23, 11, 0.79%, 0, 27, 7, 1.88
1570708897, 45, 15, 35, 24, 11, 0.81%, 0, 27, 7, 32.90
1570708923, 45, 15, 36, 25, 11, 0.82%, 0, 27, 7, 32.88
1570708974, 45, 15, 40, 29, 11, 0.82%, 0, 27, 7, 33.08
1570709389, 45, 15, 41, 30, 11, 0.82%, 0, 27, 7, 29.88
1570709409, 45, 15, 42, 31, 11, 0.82%, 0, 27, 7, 29.14
1570709787, 45, 15, 43, 32, 11, 0.82%, 0, 27, 7, 30.93
1570709940, 45, 15, 44, 33, 11, 0.82%, 0, 27, 7, 30.40
1570709945, 45, 15, 47, 36, 11, 0.82%, 0, 27, 7, 31.20
1570709950, 45, 15, 48, 37, 11, 0.82%, 0, 27, 7, 32.05
1570709960, 45, 17, 48, 36, 13, 0.82%, 0, 27, 7, 29.82
1570710601, 45, 18, 48, 35, 12, 0.82%, 0, 27, 7, 29.07
1570711271, 45, 19, 48, 34, 11, 0.82%, 0, 27, 7, 29.12
1570711947, 45, 21, 48, 33, 10, 0.82%, 0, 27, 7, 30.71
1570712602, 45, 22, 48, 32, 9, 0.82%, 0, 27, 7, 26.83
1570713324, 45, 23, 48, 31, 8, 0.82%, 0, 27, 7, 27.93
1570713380, 45, 23, 48, 31, 8, 0.82%, 0, 28, 7, 36.16
1570713610, 45, 24, 48, 30, 7, 0.82%, 0, 28, 7, 31.32
1570713896, 45, 28, 48, 29, 6, 0.82%, 0, 28, 7, 32.64
1570713913, 45, 28, 48, 29, 6, 0.82%, 0, 29, 7, 6.48
1570714030, 45, 28, 48, 29, 6, 0.82%, 0, 30, 7, 3.55
1570714056, 45, 28, 50, 31, 6, 0.82%, 0, 30, 7, 33.27
1570714501, 45, 28, 51, 32, 6, 0.82%, 0, 30, 7, 31.18
1570714553, 45, 29, 51, 31, 5, 0.82%, 0, 30, 7, 29.81
1570714829, 45, 29, 52, 32, 5, 0.82%, 0, 30, 7, 31.26
1570714840, 45, 30, 52, 31, 4, 0.82%, 0, 30, 7, 29.75
1570715372, 45, 34, 52, 30, 3, 0.82%, 0, 30, 7, 23.06
1570715403, 45, 34, 52, 30, 3, 0.82%, 0, 31, 7, 31.73
1570716095, 45, 35, 52, 29, 2, 0.82%, 0, 31, 7, 28.12
1570716121, 45, 35, 52, 29, 2, 0.82%, 0, 32, 7, 35.18
1570716802, 45, 36, 52, 28, 1, 0.82%, 0, 32, 7, 27.96
1570716827, 45, 36, 52, 28, 1, 0.82%, 0, 33, 7, 2.67
1570717436, 45, 36, 53, 29, 1, 0.82%, 0, 33, 8, 28.79
1570717671, 45, 39, 53, 28, 0, 0.82%, 0, 33, 8, 28.80
1570718378, 45, 44, 53, 27, 0, 0.82%, 0, 33, 8, 32.81
1570719187, 46, 3, 53, 26, 0, 0.82%, 0, 33, 8, 32.52
1570719197, 46, 6, 53, 26, 0, 0.82%, 0, 33, 8, 31.78
1570719284, 46, 7, 53, 26, 0, 0.82%, 0, 33, 8, 27.19
1570719975, 46, 10, 53, 25, 0, 0.82%, 0, 33, 8, 28.68
1570720036, 46, 10, 54, 26, 0, 0.82%, 0, 33, 8, 30.60
1570720042, 46, 10, 55, 27, 0, 0.82%, 0, 33, 8, 31.12
1570720088, 46, 13, 55, 27, 0, 0.82%, 0, 33, 8, 27.58
1570720682, 46, 14, 55, 26, 0, 0.82%, 0, 33, 8, 30.82
1570720779, 46, 15, 55, 26, 0, 0.82%, 0, 33, 8, 29.46
1570720855, 46, 17, 55, 26, 0, 0.82%, 0, 33, 8, 30.77
1570720942, 46, 18, 55, 26, 0, 0.82%, 0, 33, 8, 30.08
1570721014, 46, 19, 55, 26, 0, 0.82%, 0, 33, 8, 32.58
1570721112, 46, 21, 55, 26, 0, 0.82%, 0, 33, 8, 30.07
1570721199, 46, 22, 55, 26, 0, 0.82%, 0, 33, 8, 30.09
1570721301, 46, 23, 55, 26, 0, 0.82%, 0, 33, 8, 30.42
1570721397, 46, 24, 55, 26, 0, 0.82%, 0, 33, 8, 31.78
1570721484, 46, 26, 55, 26, 0, 0.82%, 0, 33, 8, 20.75
1570721950, 46, 28, 55, 25, 0, 0.82%, 0, 33, 8, 34.00
1570722043, 46, 29, 55, 25, 0, 0.82%, 0, 33, 8, 30.42
1570722135, 46, 30, 55, 25, 0, 0.82%, 0, 33, 8, 30.76
1570722242, 46, 31, 55, 25, 0, 0.82%, 0, 33, 8, 28.11
1570722602, 46, 31, 56, 26, 0, 0.82%, 0, 33, 8, 29.84
1570722843, 46, 32, 56, 25, 0, 0.82%, 0, 33, 8, 30.09
1570722868, 46, 32, 57, 26, 0, 0.82%, 0, 33, 8, 33.48
1570723575, 46, 34, 57, 25, 0, 0.82%, 0, 33, 8, 28.62
1570723667, 46, 35, 57, 25, 0, 0.82%, 0, 33, 8, 28.00
1570723764, 46, 36, 57, 25, 0, 0.82%, 0, 33, 8, 29.77
1570723861, 46, 37, 57, 25, 0, 0.82%, 0, 33, 8, 24.17
1570724592, 46, 40, 57, 24, 0, 0.82%, 0, 33, 8, 27.34
1570725324, 46, 55, 57, 23, 0, 0.82%, 0, 33, 8, 25.78
1570726078, 47, 3, 57, 22, 0, 0.82%, 0, 33, 8, 30.56
1570726094, 47, 6, 57, 22, 0, 0.82%, 0, 33, 8, 30.30
1570726186, 47, 10, 57, 22, 0, 0.82%, 0, 33, 8, 31.44
1570726279, 47, 17, 57, 22, 0, 0.82%, 0, 33, 8, 28.05
1570726289, 47, 17, 58, 23, 0, 0.82%, 0, 33, 8, 29.90
1570726402, 47, 18, 58, 23, 0, 0.82%, 0, 33, 8, 29.82
1570726494, 47, 19, 58, 23, 0, 0.82%, 0, 33, 8, 31.51
1570726586, 47, 21, 58, 23, 0, 0.82%, 0, 33, 8, 30.46
1570726673, 47, 22, 58, 23, 0, 0.82%, 0, 33, 8, 35.40
1570726759, 47, 23, 58, 23, 0, 0.82%, 0, 33, 8, 30.32
1570726846, 47, 24, 58, 23, 0, 0.82%, 0, 33, 8, 32.69
1570726939, 47, 28, 58, 23, 0, 0.82%, 0, 33, 8, 29.11
1570727031, 47, 29, 58, 23, 0, 0.82%, 0, 33, 8, 30.81
1570727128, 47, 30, 58, 23, 0, 0.82%, 0, 33, 8, 26.46
1570727220, 47, 31, 58, 23, 0, 0.82%, 0, 33, 8, 30.09
1570727317, 47, 33, 58, 23, 0, 0.82%, 0, 33, 8, 28.68
1570728024, 47, 34, 58, 22, 0, 0.82%, 0, 33, 8, 29.92
1570728106, 47, 35, 58, 22, 0, 0.82%, 0, 33, 8, 31.76
1570728188, 47, 36, 58, 22, 0, 0.82%, 0, 33, 8, 32.32
1570728274, 47, 40, 58, 22, 0, 0.82%, 0, 33, 8, 34.74
1570728372, 47, 41, 58, 22, 0, 0.82%, 0, 33, 8, 24.23
1570728878, 47, 42, 58, 21, 0, 0.82%, 0, 33, 8, 26.19
1570729037, 47, 50, 58, 20, 0, 0.82%, 0, 33, 8, 21.59
1570729539, 47, 52, 58, 19, 0, 0.82%, 0, 33, 8, 28.01
1570730078, 47, 52, 59, 20, 0, 0.82%, 0, 33, 9, 30.95
1570730369, 48, 3, 59, 19, 0, 0.82%, 0, 33, 9, 30.51
1570730385, 48, 6, 59, 19, 0, 0.82%, 0, 33, 9, 32.55
1570730472, 48, 10, 59, 19, 0, 0.82%, 0, 33, 9, 32.86
1570730569, 48, 17, 59, 19, 0, 0.82%, 0, 33, 9, 28.76
1570730666, 48, 18, 59, 19, 0, 0.82%, 0, 33, 9, 29.68
1570730759, 48, 19, 59, 19, 0, 0.82%, 0, 33, 9, 29.60
1570730856, 48, 21, 59, 19, 0, 0.82%, 0, 33, 9, 30.66
1570730937, 48, 22, 59, 19, 0, 0.82%, 0, 33, 9, 31.05
1570731025, 48, 23, 59, 19, 0, 0.82%, 0, 33, 9, 31.70
1570731112, 48, 24, 59, 19, 0, 0.82%, 0, 33, 9, 31.84
1570731199, 48, 24, 60, 20, 0, 0.83%, 0, 33, 9, 31.64
1570731214, 48, 59, 60, 20, 1, 0.83%, 0, 33, 9, 27.19
1570731245, 48, 59, 61, 21, 1, 0.83%, 0, 33, 9, 31.60
1570731947, 48, 60, 61, 20, 1, 0.83%, 0, 33, 9, 27.70
1570732526, 48, 60, 62, 21, 1, 0.83%, 0, 33, 9, 30.37
1570732950, 48, 61, 62, 20, 0, 0.83%, 0, 33, 9, 23.50
1570733560, 48, 61, 63, 21, 0, 0.83%, 0, 33, 10, 29.19
1570733963, 49, 3, 63, 20, 0, 0.83%, 0, 33, 10, 31.60
1570733979, 49, 6, 63, 20, 0, 0.83%, 0, 33, 10, 31.26
1570734071, 49, 10, 63, 20, 0, 0.83%, 0, 33, 10, 30.66
1570734167, 49, 11, 63, 20, 0, 0.83%, 0, 33, 10, 26.87
1570734690, 49, 17, 63, 19, 0, 0.83%, 0, 33, 10, 27.98
1570734787, 49, 18, 63, 19, 0, 0.83%, 0, 33, 10, 32.52
1570734864, 49, 19, 63, 19, 0, 0.83%, 0, 33, 10, 33.75
1570734951, 49, 20, 63, 19, 0, 0.83%, 0, 33, 10, 33.27
1570735330, 49, 21, 63, 18, 0, 0.83%, 0, 33, 10, 29.11
1570735412, 49, 22, 63, 18, 0, 0.83%, 0, 33, 10, 30.51
1570735503, 49, 23, 63, 18, 0, 0.83%, 0, 33, 10, 30.17
1570735590, 49, 24, 63, 18, 0, 0.83%, 0, 33, 10, 30.98
1570735677, 49, 28, 63, 18, 0, 0.83%, 0, 33, 10, 31.94
1570735764, 49, 29, 63, 18, 0, 0.83%, 0, 33, 10, 34.04
1570735851, 49, 30, 63, 18, 0, 0.83%, 0, 33, 10, 30.26
1570735913, 49, 30, 64, 19, 0, 0.83%, 0, 33, 10, 26.44
1570735963, 49, 31, 64, 19, 0, 0.83%, 0, 33, 10, 28.31
1570736061, 49, 34, 64, 19, 0, 0.83%, 0, 33, 10, 30.97
1570736158, 49, 35, 64, 19, 0, 0.83%, 0, 33, 10, 31.20
1570736250, 49, 36, 64, 19, 0, 0.83%, 0, 33, 10, 29.91
1570736342, 49, 41, 64, 19, 0, 0.83%, 0, 33, 10, 30.16
1570736450, 49, 47, 64, 19, 0, 0.83%, 0, 33, 10, 23.77
1570737152, 49, 49, 64, 18, 0, 0.83%, 0, 33, 10, 29.39
1570737496, 49, 53, 64, 17, 0, 0.83%, 0, 33, 10, 24.75
1570738141, 49, 59, 64, 16, 0, 0.83%, 0, 33, 10, 29.02
1570738238, 49, 60, 64, 16, 0, 0.83%, 0, 33, 10, 30.79
1570738386, 50, 3, 64, 16, 0, 0.83%, 0, 33, 10, 30.80
1570738396, 50, 6, 64, 16, 0, 0.83%, 0, 33, 10, 30.18
1570738488, 50, 10, 64, 16, 0, 0.83%, 0, 33, 10, 32.75
1570738580, 50, 17, 64, 16, 0, 0.83%, 0, 33, 10, 30.88
1570738667, 50, 18, 64, 16, 0, 0.83%, 0, 33, 10, 29.92
1570738759, 50, 19, 64, 16, 0, 0.83%, 0, 33, 10, 32.22
1570738852, 50, 21, 64, 16, 0, 0.83%, 0, 33, 10, 31.57
1570738933, 50, 22, 64, 16, 0, 0.83%, 0, 33, 10, 29.19
1570738964, 50, 22, 65, 17, 0, 0.83%, 0, 33, 10, 29.20
1570739061, 50, 23, 65, 17, 0, 0.83%, 0, 33, 10, 30.43
1570739153, 50, 24, 65, 17, 0, 0.83%, 0, 33, 10, 30.56
1570739250, 50, 27, 65, 17, 0, 0.83%, 0, 33, 10, 22.07
1570739732, 50, 28, 65, 16, 0, 0.83%, 0, 33, 10, 25.31
1570739830, 50, 29, 65, 16, 0, 0.83%, 0, 33, 10, 31.59
1570739917, 50, 30, 65, 16, 0, 0.83%, 0, 33, 10, 30.94
1570740029, 50, 31, 65, 16, 0, 0.83%, 0, 33, 10, 27.77
1570740121, 50, 34, 65, 16, 0, 0.83%, 0, 33, 10, 33.41
1570740208, 50, 35, 65, 16, 0, 0.83%, 0, 33, 10, 31.54
1570740305, 50, 36, 65, 16, 0, 0.83%, 0, 33, 10, 29.32
1570740407, 50, 41, 65, 16, 0, 0.83%, 0, 33, 10, 28.20
1570740514, 50, 45, 65, 16, 0, 0.83%, 0, 33, 10, 22.79
1570741236, 50, 51, 65, 15, 0, 0.83%, 0, 33, 10, 31.79
1570741591, 50, 57, 65, 14, 0, 0.83%, 0, 33, 10, 27.97
1570742082, 50, 57, 65, 14, 0, 0.83%, 0, 34, 10, 36.21
1570742133, 50, 59, 65, 13, 0, 0.83%, 0, 34, 10, 29.11
1570742225, 50, 60, 65, 13, 0, 0.83%, 0, 34, 10, 28.38
1570742378, 50, 63, 65, 13, 0, 0.83%, 0, 34, 10, 24.26
1570743532, 50, 64, 65, 12, 0, 0.83%, 0, 34, 10, 26.89
1570744044, 51, 3, 65, 11, 0, 0.83%, 0, 34, 10, 31.69
1570744054, 51, 6, 65, 11, 0, 0.83%, 0, 34, 10, 28.67
1570744151, 51, 10, 65, 11, 0, 0.83%, 0, 34, 10, 32.70
1570744254, 51, 16, 65, 11, 0, 0.83%, 0, 34, 10, 27.66
1570744755, 51, 17, 65, 10, 0, 0.83%, 0, 34, 10, 30.78
1570744847, 51, 18, 65, 10, 0, 0.83%, 0, 34, 10, 31.83
1570744939, 51, 19, 65, 10, 0, 0.83%, 0, 34, 10, 29.71
1570745036, 51, 21, 65, 10, 0, 0.83%, 0, 34, 10, 30.47
1570745128, 51, 22, 65, 10, 0, 0.83%, 0, 34, 10, 29.47
1570745215, 51, 23, 65, 10, 0, 0.83%, 0, 34, 10, 29.91
1570745312, 51, 24, 65, 10, 0, 0.83%, 0, 34, 10, 33.44
1570745414, 51, 28, 65, 10, 0, 0.83%, 0, 34, 10, 29.09
1570745496, 51, 29, 65, 10, 0, 0.83%, 0, 34, 10, 32.07
1570745594, 51, 30, 65, 10, 0, 0.83%, 0, 34, 10, 25.99
1570745706, 51, 31, 65, 10, 0, 0.83%, 0, 34, 10, 27.92
1570745799, 51, 32, 65, 10, 0, 0.83%, 0, 34, 10, 33.10
1570745896, 51, 34, 65, 10, 0, 0.83%, 0, 34, 10, 30.71
1570745973, 51, 35, 65, 10, 0, 0.83%, 0, 34, 10, 32.48
1570746065, 51, 36, 65, 10, 0, 0.83%, 0, 34, 10, 28.63
1570746163, 51, 38, 65, 10, 0, 0.83%, 0, 34, 10, 26.24
1570746875, 51, 40, 65, 9, 0, 0.83%, 0, 34, 10, 29.86
1570746972, 51, 41, 65, 9, 0, 0.83%, 0, 34, 10, 27.12
1570747074, 51, 58, 65, 9, 0, 0.83%, 0, 34, 10, 26.19
1570747776, 51, 59, 65, 8, 0, 0.83%, 0, 34, 10, 32.46
1570747867, 51, 60, 65, 8, 0, 0.83%, 0, 34, 10, 30.64
1570748000, 52, 0, 65, 8, 0, 0.83%, 0, 34, 10, 31.25
1570748010, 52, 3, 65, 8, 0, 0.83%, 0, 34, 10, 34.22
1570748021, 52, 6, 65, 8, 0, 0.83%, 0, 34, 10, 32.95
1570748108, 52, 8, 65, 8, 0, 0.83%, 0, 34, 10, 33.66
1570748215, 52, 10, 65, 8, 0, 0.83%, 0, 34, 10, 27.57
1570748322, 52, 12, 65, 8, 0, 0.83%, 0, 34, 10, 29.11
1570748681, 52, 15, 65, 7, 0, 0.83%, 0, 34, 10, 32.56
1570748768, 52, 17, 65, 7, 0, 0.83%, 0, 34, 10, 29.98
1570748854, 52, 18, 65, 7, 0, 0.83%, 0, 34, 10, 29.73
1570748942, 52, 19, 65, 7, 0, 0.83%, 0, 34, 10, 27.15
1570749039, 52, 21, 65, 7, 0, 0.83%, 0, 34, 10, 29.63
1570749126, 52, 22, 65, 7, 0, 0.83%, 0, 34, 10, 29.71
1570749223, 52, 23, 65, 7, 0, 0.83%, 0, 34, 10, 29.14
1570749320, 52, 24, 65, 7, 0, 0.83%, 0, 34, 10, 29.29
1570749412, 52, 28, 65, 7, 0, 0.83%, 0, 34, 10, 33.22
1570749499, 52, 29, 65, 7, 0, 0.83%, 0, 34, 10, 34.09
1570749587, 52, 30, 65, 7, 0, 0.83%, 0, 34, 10, 30.84
1570749689, 52, 31, 65, 7, 0, 0.83%, 0, 34, 10, 25.92
1570749781, 52, 34, 65, 7, 0, 0.83%, 0, 34, 10, 31.67
1570749867, 52, 35, 65, 7, 0, 0.83%, 0, 34, 10, 27.96
1570749959, 52, 36, 65, 7, 0, 0.83%, 0, 34, 10, 30.97
1570750051, 52, 41, 65, 7, 0, 0.83%, 0, 34, 10, 26.84
1570750158, 52, 46, 65, 7, 0, 0.83%, 0, 34, 10, 23.44
1570750690, 52, 54, 65, 6, 0, 0.83%, 0, 34, 10, 23.44
1570751280, 52, 54, 66, 7, 0, 0.83%, 0, 34, 10, 28.68
1570751627, 52, 59, 66, 6, 0, 0.83%, 0, 34, 10, 30.46
1570751724, 52, 60, 66, 6, 0, 0.83%, 0, 34, 10, 33.08
1570751863, 53, 0, 66, 6, 0, 0.83%, 0, 34, 10, 31.38
1570751873, 53, 3, 66, 6, 0, 0.83%, 0, 34, 10, 33.71
1570751888, 53, 6, 66, 6, 0, 0.83%, 0, 34, 10, 32.79
1570751975, 53, 10, 66, 6, 0, 0.83%, 0, 34, 10, 30.26
1570752078, 53, 17, 66, 6, 0, 0.83%, 0, 34, 10, 30.62
1570752159, 53, 18, 66, 6, 0, 0.83%, 0, 34, 10, 30.75
1570752246, 53, 19, 66, 6, 0, 0.83%, 0, 34, 10, 30.96
1570752338, 53, 21, 66, 6, 0, 0.83%, 0, 34, 10, 33.00
1570752420, 53, 22, 66, 6, 0, 0.83%, 0, 34, 10, 31.87
1570752517, 53, 23, 66, 6, 0, 0.83%, 0, 34, 10, 29.17
1570752599, 53, 24, 66, 6, 0, 0.83%, 0, 34, 10, 31.72
1570752691, 53, 28, 66, 6, 0, 0.83%, 0, 34, 10, 31.25
1570752784, 53, 29, 66, 6, 0, 0.83%, 0, 34, 10, 31.54
1570752871, 53, 30, 66, 6, 0, 0.83%, 0, 34, 10, 31.86
1570752978, 53, 31, 66, 6, 0, 0.83%, 0, 34, 10, 30.09
1570753066, 53, 33, 66, 6, 0, 0.83%, 0, 34, 10, 33.99
1570753162, 53, 34, 66, 6, 0, 0.83%, 0, 34, 10, 29.54
1570753254, 53, 35, 66, 6, 0, 0.83%, 0, 34, 10, 29.53
1570753346, 53, 36, 66, 6, 0, 0.83%, 0, 34, 10, 31.00
1570753432, 53, 41, 66, 6, 0, 0.83%, 0, 34, 10, 30.05
1570753539, 53, 59, 66, 6, 0, 0.83%, 0, 34, 10, 30.81
1570753636, 53, 60, 66, 6, 0, 0.83%, 0, 34, 10, 30.74
1570753733, 53, 60, 67, 7, 0, 0.83%, 0, 34, 10, 32.56
1570753774, 54, 3, 67, 7, 0, 0.83%, 0, 34, 10, 34.49
1570753785, 54, 6, 67, 7, 0, 0.83%, 0, 34, 10, 33.12
1570753867, 54, 10, 67, 7, 0, 0.83%, 0, 34, 10, 34.33
1570753964, 54, 17, 67, 7, 0, 0.83%, 0, 34, 10, 29.86
1570754052, 54, 18, 67, 7, 0, 0.83%, 0, 34, 10, 30.67
1570754133, 54, 19, 67, 7, 0, 0.83%, 0, 34, 10, 29.21
1570754231, 54, 21, 67, 7, 0, 0.83%, 0, 34, 10, 31.82
1570754307, 54, 22, 67, 7, 0, 0.83%, 0, 34, 10, 31.74
1570754404, 54, 23, 67, 7, 0, 0.83%, 0, 34, 10, 32.89
1570754496, 54, 24, 67, 7, 0, 0.83%, 0, 34, 10, 31.53
1570754593, 54, 28, 67, 7, 0, 0.83%, 0, 34, 10, 31.78
1570754680, 54, 29, 67, 7, 0, 0.83%, 0, 34, 10, 32.14
1570754766, 54, 30, 67, 7, 0, 0.83%, 0, 34, 10, 30.58
1570754874, 54, 31, 67, 7, 0, 0.83%, 0, 34, 10, 27.47
1570754971, 54, 34, 67, 7, 0, 0.83%, 0, 34, 10, 29.59
1570755068, 54, 35, 67, 7, 0, 0.83%, 0, 34, 10, 31.15
1570755161, 54, 36, 67, 7, 0, 0.83%, 0, 34, 10, 29.74
1570755247, 54, 41, 67, 7, 0, 0.83%, 0, 34, 10, 29.29
1570755350, 54, 47, 67, 7, 0, 0.83%, 0, 34, 10, 26.45
1570755452, 54, 56, 67, 7, 0, 0.83%, 0, 34, 10, 27.35
1570756251, 54, 59, 67, 6, 0, 0.83%, 0, 34, 10, 29.88
1570756348, 54, 60, 67, 6, 0, 0.83%, 0, 34, 10, 29.19
1570756491, 54, 65, 67, 6, 0, 0.83%, 0, 34, 10, 32.18
1570757444, 55, 3, 67, 5, 0, 0.83%, 0, 34, 10, 27.00
1570757460, 55, 6, 67, 5, 0, 0.83%, 0, 34, 10, 29.77
1570757552, 55, 10, 67, 5, 0, 0.83%, 0, 34, 10, 30.18
1570757654, 55, 12, 67, 5, 0, 0.83%, 0, 34, 10, 30.47
1570757740, 55, 17, 67, 5, 0, 0.83%, 0, 34, 10, 30.17
1570757842, 55, 18, 67, 5, 0, 0.83%, 0, 34, 10, 29.80
1570757944, 55, 19, 67, 5, 0, 0.83%, 0, 34, 10, 29.31
1570758037, 55, 21, 67, 5, 0, 0.83%, 0, 34, 10, 28.04
1570758119, 55, 22, 67, 5, 0, 0.83%, 0, 34, 10, 28.68
1570758205, 55, 23, 67, 5, 0, 0.83%, 0, 34, 10, 27.95
1570758297, 55, 24, 67, 5, 0, 0.83%, 0, 34, 10, 30.34
1570758395, 55, 28, 67, 5, 0, 0.83%, 0, 34, 10, 30.05
1570758482, 55, 29, 67, 5, 0, 0.83%, 0, 34, 10, 29.07
1570758578, 55, 30, 67, 5, 0, 0.83%, 0, 34, 10, 29.91
1570758685, 55, 31, 67, 5, 0, 0.83%, 0, 34, 10, 26.48
1570758782, 55, 34, 67, 5, 0, 0.83%, 0, 34, 10, 30.16
1570758869, 55, 35, 67, 5, 0, 0.83%, 0, 34, 10, 30.93
1570758956, 55, 36, 67, 5, 0, 0.83%, 0, 34, 10, 31.87
1570759043, 55, 41, 67, 5, 0, 0.83%, 0, 34, 10, 32.49
1570759150, 55, 59, 67, 5, 0, 0.83%, 0, 34, 10, 28.72
1570759253, 55, 60, 67, 5, 0, 0.83%, 0, 34, 10, 29.57
1570759406, 56, 3, 67, 5, 0, 0.83%, 0, 34, 10, 30.82
1570759416, 56, 6, 67, 5, 0, 0.83%, 0, 34, 10, 30.92
1570759462, 56, 10, 67, 5, 0, 0.83%, 0, 34, 10, 32.33
1570759513, 56, 11, 67, 5, 0, 0.83%, 0, 34, 10, 26.01
1570759620, 56, 12, 67, 5, 0, 0.83%, 0, 34, 10, 30.63
1570759697, 56, 14, 67, 5, 0, 0.83%, 0, 34, 10, 31.70
1570759788, 56, 17, 67, 5, 0, 0.83%, 0, 34, 10, 29.47
1570759834, 56, 18, 67, 5, 0, 0.83%, 0, 34, 10, 27.20
1570759880, 56, 19, 67, 5, 0, 0.83%, 0, 34, 10, 29.81
1570759931, 56, 21, 67, 5, 0, 0.83%, 0, 34, 10, 29.21
1570759972, 56, 22, 67, 5, 0, 0.83%, 0, 34, 10, 29.49
1570760022, 56, 23, 67, 5, 0, 0.83%, 0, 34, 10, 28.35
1570760073, 56, 24, 67, 5, 0, 0.83%, 0, 34, 10, 29.75
1570760119, 56, 28, 67, 5, 0, 0.83%, 0, 34, 10, 29.71
1570760216, 56, 29, 67, 5, 0, 0.83%, 0, 34, 10, 29.50
1570760303, 56, 30, 67, 5, 0, 0.83%, 0, 34, 10, 29.05
1570760410, 56, 31, 67, 5, 0, 0.83%, 0, 34, 10, 27.35
1570760512, 56, 34, 67, 5, 0, 0.83%, 0, 34, 10, 28.64
1570760614, 56, 35, 67, 5, 0, 0.83%, 0, 34, 10, 27.63
1570760711, 56, 36, 67, 5, 0, 0.83%, 0, 34, 10, 30.29
1570760803, 56, 37, 67, 5, 0, 0.83%, 0, 34, 10, 30.42
1570760900, 56, 41, 67, 5, 0, 0.83%, 0, 34, 10, 27.71
1570761003, 56, 51, 67, 5, 0, 0.83%, 0, 34, 10, 28.30
1570761100, 56, 57, 67, 5, 0, 0.83%, 0, 34, 10, 28.83
1570761202, 56, 59, 67, 5, 0, 0.83%, 0, 34, 10, 28.95
1570761304, 56, 60, 67, 5, 0, 0.83%, 0, 34, 10, 29.63
1570761448, 57, 3, 67, 5, 0, 0.83%, 0, 34, 10, 31.56
1570761458, 57, 6, 67, 5, 0, 0.83%, 0, 34, 10, 31.26
1570761484, 57, 7, 67, 5, 0, 0.83%, 0, 34, 10, 28.82
1570761582, 57, 10, 67, 5, 0, 0.83%, 0, 34, 10, 29.62
1570761612, 57, 17, 67, 5, 0, 0.83%, 0, 34, 10, 30.32
1570761633, 57, 18, 67, 5, 0, 0.83%, 0, 34, 10, 27.32
1570761653, 57, 19, 67, 5, 0, 0.83%, 0, 34, 10, 32.96
1570761679, 57, 21, 67, 5, 0, 0.83%, 0, 34, 10, 30.29
1570761699, 57, 22, 67, 5, 0, 0.83%, 0, 34, 10, 29.75
1570761720, 57, 23, 67, 5, 0, 0.83%, 0, 34, 10, 31.76
1570761745, 57, 24, 67, 5, 0, 0.83%, 0, 34, 10, 31.80
1570761766, 57, 28, 67, 5, 0, 0.83%, 0, 34, 10, 32.75
1570761812, 57, 29, 67, 5, 0, 0.83%, 0, 34, 10, 31.49
1570761858, 57, 30, 67, 5, 0, 0.83%, 0, 34, 10, 30.70
1570761909, 57, 31, 67, 5, 0, 0.83%, 0, 34, 10, 28.28
1570762002, 57, 34, 67, 5, 0, 0.83%, 0, 34, 10, 30.39
1570762048, 57, 35, 67, 5, 0, 0.83%, 0, 34, 10, 28.55
1570762094, 57, 36, 67, 5, 0, 0.83%, 0, 34, 10, 29.23
1570762140, 57, 41, 67, 5, 0, 0.83%, 0, 34, 10, 30.22
1570762246, 57, 48, 67, 5, 0, 0.83%, 0, 34, 10, 31.87
1570762564, 57, 56, 67, 4, 0, 0.83%, 0, 34, 10, 33.52
1570762712, 57, 59, 67, 4, 0, 0.83%, 0, 34, 10, 28.39
1570762813, 57, 60, 67, 4, 0, 0.83%, 0, 34, 10, 28.70
1570762966, 57, 62, 67, 4, 0, 0.83%, 0, 34, 10, 26.21
1570763624, 57, 62, 68, 5, 0, 0.83%, 0, 34, 11, 28.90
1570763644, 57, 62, 69, 6, 0, 0.83%, 0, 34, 11, 30.92
1570764082, 57, 63, 69, 5, 0, 0.83%, 0, 34, 11, 28.65
1570764194, 57, 67, 69, 5, 0, 0.83%, 0, 34, 11, 27.03
1570765082, 57, 68, 69, 4, 0, 0.83%, 0, 34, 11, 32.03
1570765804, 57, 68, 70, 5, 0, 0.83%, 0, 34, 12, 28.25
1570766247, 57, 69, 70, 4, 0, 0.83%, 0, 34, 12, 22.93
1570766653, 57, 69, 71, 5, 0, 0.83%, 0, 34, 13, 33.01
1570766852, 57, 69, 72, 6, 0, 0.83%, 0, 34, 13, 32.82
1570767052, 58, 1, 72, 5, 0, 0.83%, 0, 34, 13, 34.64
1570767062, 58, 3, 72, 5, 0, 0.83%, 0, 34, 13, 33.07
1570767073, 58, 6, 72, 5, 0, 0.83%, 0, 34, 13, 31.89
1570767099, 58, 9, 72, 5, 0, 0.83%, 0, 34, 13, 31.56
1570767186, 58, 10, 72, 5, 0, 0.83%, 0, 34, 13, 31.64
1570767211, 58, 15, 72, 5, 0, 0.83%, 0, 34, 13, 30.16
1570767288, 58, 17, 72, 5, 0, 0.83%, 0, 34, 13, 32.50
1570767313, 58, 18, 72, 5, 0, 0.83%, 0, 34, 13, 34.71
1570767328, 58, 19, 72, 5, 0, 0.83%, 0, 34, 13, 33.83
1570767354, 58, 21, 72, 5, 0, 0.83%, 0, 34, 13, 30.27
1570767375, 58, 22, 72, 5, 0, 0.83%, 0, 34, 13, 31.58
1570767395, 58, 23, 72, 5, 0, 0.83%, 0, 34, 13, 34.05
1570767415, 58, 24, 72, 5, 0, 0.83%, 0, 34, 13, 31.21
1570767436, 58, 28, 72, 5, 0, 0.83%, 0, 34, 13, 33.08
1570767456, 58, 29, 72, 5, 0, 0.83%, 0, 34, 13, 31.67
1570767482, 58, 30, 72, 5, 0, 0.83%, 0, 34, 13, 29.34
1570767507, 58, 31, 72, 5, 0, 0.83%, 0, 34, 13, 28.71
1570767553, 58, 34, 72, 5, 0, 0.83%, 0, 34, 13, 31.08
1570767573, 58, 35, 72, 5, 0, 0.83%, 0, 34, 13, 30.96
1570767599, 58, 36, 72, 5, 0, 0.83%, 0, 34, 13, 32.03
1570767619, 58, 41, 72, 5, 0, 0.83%, 0, 34, 13, 29.92
1570767717, 58, 43, 72, 5, 0, 0.83%, 0, 34, 13, 27.09
1570768362, 58, 54, 72, 4, 0, 0.83%, 0, 34, 13, 30.17
1570768469, 58, 59, 72, 4, 0, 0.83%, 0, 34, 13, 30.19
1570768557, 58, 60, 72, 4, 0, 0.83%, 0, 34, 13, 30.78
1570768705, 58, 66, 72, 4, 0, 0.83%, 0, 34, 13, 26.63
1570769398, 59, 3, 72, 3, 0, 0.83%, 0, 34, 13, 30.70
1570769408, 59, 6, 72, 3, 0, 0.83%, 0, 34, 13, 30.07
1570769434, 59, 10, 72, 3, 0, 0.83%, 0, 34, 13, 31.30
1570769459, 59, 17, 72, 3, 0, 0.83%, 0, 34, 13, 29.13
1570769480, 59, 18, 72, 3, 0, 0.83%, 0, 34, 13, 30.56
1570769505, 59, 19, 72, 3, 0, 0.83%, 0, 34, 13, 29.39
1570769531, 59, 21, 72, 3, 0, 0.83%, 0, 34, 13, 28.24
1570769551, 59, 22, 72, 3, 0, 0.83%, 0, 34, 13, 27.33
1570769571, 59, 23, 72, 3, 0, 0.83%, 0, 34, 13, 27.72
1570769597, 59, 24, 72, 3, 0, 0.83%, 0, 34, 13, 29.02
1570769623, 59, 28, 72, 3, 0, 0.83%, 0, 34, 13, 28.81
1570769649, 59, 29, 72, 3, 0, 0.83%, 0, 34, 13, 31.63
1570769669, 59, 30, 72, 3, 0, 0.83%, 0, 34, 13, 28.76
1570769695, 59, 31, 72, 3, 0, 0.83%, 0, 34, 13, 26.57
1570769720, 59, 34, 72, 3, 0, 0.83%, 0, 34, 13, 30.04
1570769746, 59, 35, 72, 3, 0, 0.83%, 0, 34, 13, 29.49
1570769766, 59, 36, 72, 3, 0, 0.83%, 0, 34, 13, 29.73
1570769792, 59, 41, 72, 3, 0, 0.83%, 0, 34, 13, 28.15
1570769843, 59, 42, 72, 3, 0, 0.83%, 0, 34, 13, 26.61
1570769950, 59, 59, 72, 3, 0, 0.83%, 0, 34, 13, 32.36
1570770037, 59, 60, 72, 3, 0, 0.83%, 0, 34, 13, 27.07
1570770174, 60, 3, 72, 3, 0, 0.83%, 0, 34, 13, 33.36
1570770184, 60, 6, 72, 3, 0, 0.83%, 0, 34, 13, 30.42
1570770210, 60, 9, 72, 3, 0, 0.83%, 0, 34, 13, 31.49
1570770302, 60, 10, 72, 3, 0, 0.83%, 0, 34, 13, 31.16
1570770328, 60, 17, 72, 3, 0, 0.83%, 0, 34, 13, 30.55
1570770348, 60, 18, 72, 3, 0, 0.83%, 0, 34, 13, 29.60
1570770369, 60, 19, 72, 3, 0, 0.83%, 0, 34, 13, 31.36
1570770389, 60, 21, 72, 3, 0, 0.83%, 0, 34, 13, 29.59
1570770415, 60, 22, 72, 3, 0, 0.83%, 0, 34, 13, 29.77
1570770435, 60, 23, 72, 3, 0, 0.83%, 0, 34, 13, 31.75
1570770455, 60, 24, 72, 3, 0, 0.83%, 0, 34, 13, 31.48
1570770481, 60, 28, 72, 3, 0, 0.83%, 0, 34, 13, 29.08
1570770506, 60, 29, 72, 3, 0, 0.83%, 0, 34, 13, 29.93
1570770527, 60, 30, 72, 3, 0, 0.83%, 0, 34, 13, 28.77
1570770552, 60, 31, 72, 3, 0, 0.83%, 0, 34, 13, 27.19
1570770578, 60, 32, 72, 3, 0, 0.83%, 0, 34, 13, 29.15
1570770680, 60, 34, 72, 3, 0, 0.83%, 0, 34, 13, 28.27
1570770705, 60, 35, 72, 3, 0, 0.83%, 0, 34, 13, 29.21
1570770726, 60, 36, 72, 3, 0, 0.83%, 0, 34, 13, 27.12
1570770751, 60, 41, 72, 3, 0, 0.83%, 0, 34, 13, 25.56
1570770777, 60, 48, 72, 3, 0, 0.83%, 0, 34, 13, 29.53
1570770864, 60, 59, 72, 3, 0, 0.83%, 0, 34, 13, 32.37
1570770889, 60, 60, 72, 3, 0, 0.83%, 0, 34, 13, 31.72
1570770925, 61, 0, 72, 3, 0, 0.83%, 0, 34, 13, 34.00
1570770935, 61, 3, 72, 3, 0, 0.83%, 0, 34, 13, 33.81
1570770945, 61, 6, 72, 3, 0, 0.83%, 0, 34, 13, 32.17
1570770966, 61, 10, 72, 3, 0, 0.83%, 0, 34, 13, 34.97
1570770991, 61, 11, 72, 3, 0, 0.83%, 0, 34, 13, 30.61
1570771093, 61, 17, 72, 3, 0, 0.83%, 0, 34, 13, 28.64
1570771113, 61, 18, 72, 3, 0, 0.83%, 0, 34, 13, 30.40
1570771134, 61, 19, 72, 3, 0, 0.83%, 0, 34, 13, 32.54
1570771159, 61, 21, 72, 3, 0, 0.83%, 0, 34, 13, 30.87
1570771185, 61, 22, 72, 3, 0, 0.83%, 0, 34, 13, 31.43
1570771205, 61, 23, 72, 3, 0, 0.83%, 0, 34, 13, 31.03
1570771226, 61, 24, 72, 3, 0, 0.83%, 0, 34, 13, 32.29
1570771247, 61, 28, 72, 3, 0, 0.83%, 0, 34, 13, 31.25
1570771272, 61, 29, 72, 3, 0, 0.83%, 0, 34, 13, 34.28
1570771293, 61, 30, 72, 3, 0, 0.83%, 0, 34, 13, 27.95
1570771318, 61, 31, 72, 3, 0, 0.83%, 0, 34, 13, 30.35
1570771339, 61, 34, 72, 3, 0, 0.83%, 0, 34, 13, 29.98
1570771359, 61, 35, 72, 3, 0, 0.83%, 0, 34, 13, 29.49
1570771380, 61, 36, 72, 3, 0, 0.83%, 0, 34, 13, 29.50
1570771405, 61, 39, 72, 3, 0, 0.83%, 0, 34, 13, 32.42
1570771487, 61, 40, 72, 3, 0, 0.83%, 0, 34, 13, 30.64
1570771584, 61, 41, 72, 3, 0, 0.83%, 0, 34, 13, 27.45
1570771609, 61, 59, 72, 3, 0, 0.83%, 0, 34, 13, 30.68
1570771630, 61, 60, 72, 3, 0, 0.83%, 0, 34, 13, 31.99
1570771666, 61, 66, 72, 3, 0, 0.83%, 0, 34, 13, 32.46
1570771805, 61, 67, 72, 3, 0, 0.83%, 0, 34, 13, 29.21
1570771953, 61, 71, 72, 3, 0, 0.83%, 0, 34, 13, 29.74
1570772936, 62, 3, 72, 2, 0, 0.83%, 0, 34, 13, 33.37
1570772947, 62, 6, 72, 2, 0, 0.83%, 0, 34, 13, 32.16
1570772972, 62, 10, 72, 2, 0, 0.83%, 0, 34, 13, 33.11
1570772992, 62, 12, 72, 2, 0, 0.83%, 0, 34, 13, 30.84
1570773074, 62, 17, 72, 2, 0, 0.83%, 0, 34, 13, 33.41
1570773100, 62, 18, 72, 2, 0, 0.83%, 0, 34, 13, 30.04
1570773126, 62, 19, 72, 2, 0, 0.83%, 0, 34, 13, 28.46
1570773146, 62, 21, 72, 2, 0, 0.83%, 0, 34, 13, 30.81
1570773157, 62, 21, 73, 3, 0, 0.83%, 0, 34, 13, 31.15
1570773162, 62, 21, 74, 4, 0, 0.83%, 0, 34, 13, 32.91
1570773172, 62, 22, 74, 4, 0, 0.83%, 0, 34, 13, 34.60
1570773197, 62, 23, 74, 4, 0, 0.83%, 0, 34, 13, 30.83
1570773218, 62, 24, 74, 4, 0, 0.83%, 0, 34, 13, 33.06
1570773238, 62, 25, 74, 4, 0, 0.83%, 0, 34, 13, 29.67
1570773899, 62, 28, 74, 3, 0, 0.83%, 0, 34, 13, 32.09
1570773919, 62, 29, 74, 3, 0, 0.83%, 0, 34, 13, 34.51
1570773945, 62, 30, 74, 3, 0, 0.83%, 0, 34, 13, 29.27
1570773970, 62, 31, 74, 3, 0, 0.83%, 0, 34, 13, 26.54
1570773996, 62, 34, 74, 3, 0, 0.83%, 0, 34, 13, 30.26
1570774016, 62, 35, 74, 3, 0, 0.83%, 0, 34, 13, 29.02
1570774042, 62, 36, 74, 3, 0, 0.83%, 0, 34, 13, 30.24
1570774063, 62, 41, 74, 3, 0, 0.83%, 0, 34, 13, 29.82
1570774093, 62, 59, 74, 3, 0, 0.83%, 0, 34, 13, 28.22
1570774113, 62, 60, 74, 3, 0, 0.83%, 0, 34, 13, 28.24
1570774150, 62, 62, 74, 3, 0, 0.83%, 0, 34, 13, 32.03
1570774307, 62, 63, 74, 3, 0, 0.83%, 0, 34, 13, 21.41
1570774425, 63, 3, 74, 3, 0, 0.83%, 0, 34, 13, 24.49
1570774440, 63, 6, 74, 3, 0, 0.83%, 0, 34, 13, 27.42
1570774466, 63, 10, 74, 3, 0, 0.83%, 0, 34, 13, 26.99
1570774496, 63, 17, 74, 3, 0, 0.83%, 0, 34, 13, 27.60
1570774517, 63, 18, 74, 3, 0, 0.83%, 0, 34, 13, 27.16
1570774542, 63, 19, 74, 3, 0, 0.83%, 0, 34, 13, 23.50
1570774573, 63, 21, 74, 3, 0, 0.83%, 0, 34, 13, 24.87
1570774604, 63, 22, 74, 3, 0, 0.83%, 0, 34, 13, 23.37
1570774634, 63, 23, 74, 3, 0, 0.83%, 0, 34, 13, 24.78
1570774665, 63, 24, 74, 3, 0, 0.83%, 0, 34, 13, 24.62
1570774695, 63, 28, 74, 3, 0, 0.83%, 0, 34, 13, 22.92
1570774726, 63, 29, 74, 3, 0, 0.83%, 0, 34, 13, 22.26
1570774757, 63, 30, 74, 3, 0, 0.83%, 0, 34, 13, 22.22
1570774792, 63, 31, 74, 3, 0, 0.83%, 0, 34, 13, 21.56
1570774823, 63, 34, 74, 3, 0, 0.83%, 0, 34, 13, 22.30
1570774859, 63, 35, 74, 3, 0, 0.83%, 0, 34, 13, 20.64
1570774890, 63, 36, 74, 3, 0, 0.83%, 0, 34, 13, 21.87
1570774920, 63, 41, 74, 3, 0, 0.83%, 0, 34, 13, 20.80
1570774956, 63, 59, 74, 3, 0, 0.83%, 0, 34, 13, 20.81
1570774987, 63, 60, 74, 3, 0, 0.83%, 0, 34, 13, 21.83
1570775038, 63, 66, 74, 3, 0, 0.83%, 0, 34, 13, 22.11
1570775238, 63, 72, 74, 3, 0, 0.83%, 0, 34, 13, 20.25
1570776373, 63, 73, 74, 2, 0, 0.83%, 0, 34, 13, 20.82
1570777226, 64, 3, 74, 1, 0, 0.83%, 0, 34, 13, 21.36
1570777241, 64, 6, 74, 1, 0, 0.83%, 0, 34, 13, 21.02
1570777277, 64, 10, 74, 1, 0, 0.83%, 0, 34, 13, 21.36
1570777313, 64, 17, 74, 1, 0, 0.83%, 0, 34, 13, 21.18
1570777344, 64, 18, 74, 1, 0, 0.83%, 0, 34, 13, 21.63
1570777379, 64, 19, 74, 1, 0, 0.83%, 0, 34, 13, 20.16
1570777410, 64, 21, 74, 1, 0, 0.83%, 0, 34, 13, 21.45
1570777446, 64, 22, 74, 1, 0, 0.83%, 0, 34, 13, 20.82
1570777481, 64, 23, 74, 1, 0, 0.83%, 0, 34, 13, 21.11
1570777512, 64, 31, 75, 2, 1, 0.83%, 0, 34, 13, 22.34
1570777549, 64, 59, 75, 2, 1, 0.83%, 0, 34, 13, 20.89
1570777585, 64, 74, 75, 2, 1, 0.83%, 0, 34, 13, 19.86
1570777754, 64, 74, 76, 3, 1, 0.83%, 0, 34, 13, 21.04
1570778684, 65, 3, 76, 2, 0, 0.83%, 0, 34, 13, 21.76
1570778699, 65, 6, 76, 2, 0, 0.83%, 0, 34, 13, 21.26
1570778735, 65, 10, 76, 2, 0, 0.83%, 0, 34, 13, 21.60
1570778771, 65, 17, 76, 2, 0, 0.83%, 0, 34, 13, 21.58
1570778801, 65, 18, 76, 2, 0, 0.83%, 0, 34, 13, 20.60
1570778832, 65, 19, 76, 2, 0, 0.83%, 0, 34, 13, 20.59
1570778863, 65, 21, 76, 2, 0, 0.83%, 0, 34, 13, 21.26
1570778899, 65, 22, 76, 2, 0, 0.83%, 0, 34, 13, 21.17
1570778930, 65, 23, 76, 2, 0, 0.83%, 0, 34, 13, 21.50
1570778966, 65, 24, 76, 2, 0, 0.83%, 0, 34, 13, 20.94
1570779001, 65, 26, 76, 2, 0, 0.83%, 0, 34, 13, 20.33
1570779145, 65, 28, 76, 2, 0, 0.83%, 0, 34, 13, 21.70
1570779176, 65, 29, 76, 2, 0, 0.83%, 0, 34, 13, 22.01
1570779212, 65, 30, 76, 2, 0, 0.83%, 0, 34, 13, 21.37
1570779242, 65, 31, 76, 2, 0, 0.83%, 0, 34, 13, 21.00
1570779278, 65, 34, 76, 2, 0, 0.83%, 0, 34, 13, 21.88
1570779309, 65, 35, 76, 2, 0, 0.83%, 0, 34, 13, 22.83
1570779340, 65, 36, 76, 2, 0, 0.83%, 0, 34, 13, 22.19
1570779370, 65, 41, 76, 2, 0, 0.83%, 0, 34, 13, 21.70
1570779406, 65, 59, 76, 2, 0, 0.83%, 0, 34, 13, 22.57
1570779437, 65, 60, 76, 2, 0, 0.83%, 0, 34, 13, 21.94
1570779483, 65, 65, 76, 2, 0, 0.83%, 0, 34, 13, 21.75
1570779627, 65, 72, 76, 2, 0, 0.83%, 0, 34, 13, 21.51
1570779718, 65, 72, 77, 3, 0, 0.83%, 0, 34, 13, 22.24
1570779769, 65, 74, 77, 3, 0, 0.83%, 0, 34, 13, 21.06
1570779877, 66, 3, 77, 3, 0, 0.83%, 0, 34, 13, 21.62
1570779893, 66, 6, 77, 3, 0, 0.83%, 0, 34, 13, 21.41
1570779928, 66, 10, 77, 3, 0, 0.83%, 0, 34, 13, 21.81
1570779964, 66, 17, 77, 3, 0, 0.83%, 0, 34, 13, 21.11
1570779995, 66, 18, 77, 3, 0, 0.83%, 0, 34, 13, 21.92
1570780025, 66, 19, 77, 3, 0, 0.83%, 0, 34, 13, 21.13
1570780061, 66, 21, 77, 3, 0, 0.83%, 0, 34, 13, 21.21
1570780092, 66, 22, 77, 3, 0, 0.83%, 0, 34, 13, 21.32
1570780128, 66, 23, 77, 3, 0, 0.83%, 0, 34, 13, 21.32
1570780158, 66, 24, 77, 3, 0, 0.83%, 0, 34, 13, 21.54
1570780194, 66, 28, 77, 3, 0, 0.83%, 0, 34, 13, 21.57
1570780225, 66, 29, 77, 3, 0, 0.83%, 0, 34, 13, 22.05
1570780261, 66, 30, 77, 3, 0, 0.83%, 0, 34, 13, 20.61
1570780297, 66, 31, 77, 3, 0, 0.83%, 0, 34, 13, 19.54
1570780332, 66, 34, 77, 3, 0, 0.83%, 0, 34, 13, 20.13
1570780368, 66, 35, 77, 3, 0, 0.83%, 0, 34, 13, 21.19
1570780399, 66, 36, 77, 3, 0, 0.83%, 0, 34, 13, 21.57
1570780429, 66, 41, 77, 3, 0, 0.83%, 0, 34, 13, 21.52
1570780465, 66, 54, 77, 3, 0, 0.83%, 0, 34, 13, 21.40
1570780603, 66, 59, 77, 3, 0, 0.83%, 0, 34, 13, 19.57
1570780639, 66, 60, 77, 3, 0, 0.83%, 0, 34, 13, 21.79
1570780690, 66, 74, 77, 3, 0, 0.83%, 0, 34, 13, 22.23
1570780793, 66, 75, 77, 3, 0, 0.83%, 0, 34, 13, 20.93
1570781228, 66, 76, 77, 2, 0, 0.83%, 0, 34, 13, 19.88
1570782076, 66, 76, 78, 3, 0, 0.83%, 0, 34, 13, 22.44
1570782515, 67, 3, 78, 2, 0, 0.83%, 0, 34, 13, 23.47
1570782530, 67, 6, 78, 2, 0, 0.83%, 0, 34, 13, 22.75
1570782561, 67, 10, 78, 2, 0, 0.83%, 0, 34, 13, 22.38
1570782597, 67, 17, 78, 2, 0, 0.83%, 0, 34, 13, 21.76
1570782627, 67, 18, 78, 2, 0, 0.83%, 0, 34, 13, 22.01
1570782658, 67, 19, 78, 2, 0, 0.83%, 0, 34, 13, 21.29
1570782694, 67, 21, 78, 2, 0, 0.83%, 0, 34, 13, 21.73
1570782725, 67, 22, 78, 2, 0, 0.83%, 0, 34, 13, 20.65
1570782760, 67, 23, 78, 2, 0, 0.83%, 0, 34, 13, 21.53
1570782791, 67, 24, 78, 2, 0, 0.83%, 0, 34, 13, 21.66
1570782822, 67, 28, 78, 2, 0, 0.83%, 0, 34, 13, 21.75
1570782857, 67, 29, 78, 2, 0, 0.83%, 0, 34, 13, 23.06
1570782888, 67, 30, 78, 2, 0, 0.83%, 0, 34, 13, 21.02
1570782924, 67, 31, 78, 2, 0, 0.83%, 0, 34, 13, 22.63
1570782954, 67, 32, 78, 2, 0, 0.83%, 0, 34, 13, 22.10
1570783093, 67, 34, 78, 2, 0, 0.83%, 0, 34, 13, 21.68
1570783118, 67, 35, 78, 2, 0, 0.83%, 0, 34, 13, 21.45
1570783154, 67, 36, 78, 2, 0, 0.83%, 0, 34, 13, 21.63
1570783185, 67, 41, 78, 2, 0, 0.83%, 0, 34, 13, 20.89
1570783216, 67, 59, 78, 2, 0, 0.83%, 0, 34, 13, 20.70
1570783252, 67, 60, 78, 2, 0, 0.83%, 0, 34, 13, 21.17
1570783303, 67, 70, 78, 2, 0, 0.83%, 0, 34, 13, 20.05
1570784418, 67, 75, 78, 1, 0, 0.83%, 0, 34, 13, 22.19
1570784571, 68, 3, 78, 1, 0, 0.83%, 0, 34, 13, 21.94
1570784587, 68, 6, 78, 1, 0, 0.83%, 0, 34, 13, 21.20
1570784617, 68, 10, 78, 1, 0, 0.83%, 0, 34, 13, 23.14
1570784653, 68, 17, 78, 1, 0, 0.83%, 0, 34, 13, 21.65
1570784684, 68, 18, 78, 1, 0, 0.83%, 0, 34, 13, 21.65
1570784715, 68, 19, 78, 1, 0, 0.83%, 0, 34, 13, 21.68
1570784745, 68, 21, 78, 1, 0, 0.83%, 0, 34, 13, 21.63
1570784776, 68, 22, 78, 1, 0, 0.83%, 0, 34, 13, 22.12
1570784812, 68, 23, 78, 1, 0, 0.83%, 0, 34, 13, 21.45
1570784847, 68, 24, 78, 1, 0, 0.83%, 0, 34, 13, 23.48
1570784878, 68, 28, 78, 1, 0, 0.83%, 0, 34, 13, 22.93
1570784909, 68, 29, 78, 1, 0, 0.83%, 0, 34, 13, 22.48
1570784940, 68, 30, 78, 1, 0, 0.83%, 0, 34, 13, 21.51
1570784970, 68, 31, 78, 1, 0, 0.83%, 0, 34, 13, 20.80
1570785006, 68, 32, 78, 1, 0, 0.83%, 0, 34, 13, 21.13
1570785144, 68, 34, 78, 1, 0, 0.83%, 0, 34, 13, 21.07
1570785175, 68, 35, 78, 1, 0, 0.83%, 0, 34, 13, 20.69
1570785206, 68, 36, 78, 1, 0, 0.83%, 0, 34, 13, 22.00
1570785242, 68, 41, 78, 1, 0, 0.83%, 0, 34, 13, 20.92
1570785272, 68, 42, 78, 1, 0, 0.83%, 0, 34, 13, 21.39
1570785410, 68, 54, 78, 1, 0, 0.83%, 0, 34, 13, 20.74
1570785558, 68, 57, 78, 1, 0, 0.83%, 0, 34, 13, 19.77
1570785697, 68, 59, 78, 1, 0, 0.83%, 0, 34, 13, 21.71
1570785732, 68, 60, 78, 1, 0, 0.83%, 0, 34, 13, 22.10
1570785784, 68, 64, 78, 1, 0, 0.83%, 0, 34, 13, 21.62
1570785921, 68, 75, 78, 1, 0, 0.83%, 0, 34, 13, 20.46
1570785962, 68, 75, 79, 2, 0, 0.83%, 0, 34, 13, 21.65
1570786131, 68, 75, 80, 3, 0, 0.83%, 0, 34, 13, 20.75
1570786142, 69, 3, 80, 3, 0, 0.83%, 0, 34, 13, 20.75
1570786162, 69, 6, 80, 3, 0, 0.83%, 0, 34, 13, 22.13
1570786198, 69, 10, 80, 3, 0, 0.83%, 0, 34, 13, 21.95
1570786229, 69, 16, 80, 3, 0, 0.83%, 0, 34, 13, 21.13
1570786367, 69, 17, 80, 3, 0, 0.83%, 0, 34, 13, 21.03
1570786403, 69, 18, 80, 3, 0, 0.83%, 0, 34, 13, 20.89
1570786433, 69, 19, 80, 3, 0, 0.83%, 0, 34, 13, 20.43
1570786469, 69, 21, 80, 3, 0, 0.83%, 0, 34, 13, 20.77
1570786500, 69, 22, 80, 3, 0, 0.83%, 0, 34, 13, 20.29
1570786520, 69, 22, 81, 4, 0, 0.83%, 0, 34, 13, 20.67
1570786536, 69, 23, 81, 4, 0, 0.83%, 0, 34, 13, 20.43
1570786571, 69, 24, 81, 4, 0, 0.83%, 0, 34, 13, 20.28
1570786607, 69, 27, 81, 4, 0, 0.83%, 0, 34, 13, 20.25
1570786730, 69, 28, 81, 4, 0, 0.83%, 0, 34, 13, 21.35
1570786760, 69, 29, 81, 4, 0, 0.83%, 0, 34, 13, 21.31
1570786796, 69, 30, 81, 4, 0, 0.83%, 0, 34, 13, 20.72
1570786832, 69, 31, 81, 4, 0, 0.83%, 0, 34, 13, 20.90
1570786868, 69, 34, 81, 4, 0, 0.83%, 0, 34, 13, 21.31
1570786893, 69, 35, 81, 4, 0, 0.83%, 0, 34, 13, 22.05
1570786924, 69, 36, 81, 4, 0, 0.83%, 0, 34, 13, 21.98
1570786955, 69, 41, 81, 4, 0, 0.83%, 0, 34, 13, 22.01
1570786991, 69, 59, 81, 4, 0, 0.83%, 0, 34, 13, 22.40
1570787022, 69, 60, 81, 4, 0, 0.83%, 0, 34, 13, 22.08
1570787073, 69, 75, 81, 4, 0, 0.83%, 0, 34, 13, 21.86
1570787227, 69, 77, 81, 4, 0, 0.83%, 0, 34, 13, 19.76
1570788412, 69, 78, 81, 3, 0, 0.83%, 0, 34, 13, 20.73
1570788422, 69, 78, 82, 4, 0, 0.83%, 0, 34, 13, 21.07
1570788632, 69, 78, 83, 5, 0, 0.83%, 0, 34, 13, 20.44
1570789149, 70, 3, 83, 4, 0, 0.83%, 0, 34, 13, 20.57
1570789164, 70, 6, 83, 4, 0, 0.83%, 0, 34, 13, 20.41
1570789200, 70, 10, 83, 4, 0, 0.83%, 0, 34, 13, 21.29
1570789236, 70, 16, 83, 4, 0, 0.83%, 0, 34, 13, 20.36
1570789363, 70, 17, 83, 4, 0, 0.83%, 0, 34, 13, 21.60
1570789394, 70, 18, 83, 4, 0, 0.83%, 0, 34, 13, 22.43
1570789425, 70, 19, 83, 4, 0, 0.83%, 0, 34, 13, 21.89
1570789456, 70, 21, 83, 4, 0, 0.83%, 0, 34, 13, 22.77
1570789486, 70, 22, 83, 4, 0, 0.83%, 0, 34, 13, 22.47
1570789517, 70, 23, 83, 4, 0, 0.83%, 0, 34, 13, 22.34
1570789547, 70, 24, 83, 4, 0, 0.83%, 0, 34, 13, 21.83
1570789584, 70, 25, 83, 4, 0, 0.83%, 0, 34, 13, 22.75
1570789706, 70, 28, 83, 4, 0, 0.83%, 0, 34, 13, 21.28
1570789742, 70, 29, 83, 4, 0, 0.83%, 0, 34, 13, 21.87
1570789773, 70, 30, 83, 4, 0, 0.83%, 0, 34, 13, 21.25
1570789809, 70, 31, 83, 4, 0, 0.83%, 0, 34, 13, 20.67
1570789845, 70, 34, 83, 4, 0, 0.83%, 0, 34, 13, 20.25
1570789881, 70, 35, 83, 4, 0, 0.83%, 0, 34, 13, 20.95
1570789911, 70, 36, 83, 4, 0, 0.83%, 0, 34, 13, 20.43
1570789941, 70, 41, 83, 4, 0, 0.83%, 0, 34, 13, 20.55
1570789982, 70, 59, 83, 4, 0, 0.83%, 0, 34, 13, 21.32
1570790013, 70, 60, 83, 4, 0, 0.83%, 0, 34, 13, 20.71
1570790069, 70, 75, 83, 4, 0, 0.83%, 0, 34, 13, 21.81
1570790223, 70, 79, 83, 4, 0, 0.83%, 0, 34, 13, 20.11
1570791091, 70, 80, 83, 3, 0, 0.83%, 0, 34, 13, 21.12
1570791848, 71, 1, 83, 2, 0, 0.83%, 0, 34, 13, 22.96
1570791863, 71, 3, 83, 2, 0, 0.83%, 0, 34, 13, 23.82
1570791878, 71, 6, 83, 2, 0, 0.83%, 0, 34, 13, 22.40
1570791914, 71, 10, 83, 2, 0, 0.83%, 0, 34, 13, 22.15
1570791950, 71, 11, 83, 2, 0, 0.83%, 0, 34, 13, 20.10
1570792093, 71, 17, 83, 2, 0, 0.83%, 0, 34, 13, 21.49
1570792124, 71, 18, 83, 2, 0, 0.83%, 0, 34, 13, 21.61
1570792155, 71, 19, 83, 2, 0, 0.83%, 0, 34, 13, 21.56
1570792191, 71, 21, 83, 2, 0, 0.83%, 0, 34, 13, 21.70
1570792221, 71, 22, 83, 2, 0, 0.83%, 0, 34, 13, 21.97
1570792252, 71, 23, 83, 2, 0, 0.83%, 0, 34, 13, 21.43
1570792288, 71, 24, 83, 2, 0, 0.83%, 0, 34, 13, 22.18
1570792319, 71, 28, 83, 2, 0, 0.83%, 0, 34, 13, 20.53
1570792349, 71, 29, 83, 2, 0, 0.83%, 0, 34, 13, 22.18
1570792380, 71, 30, 83, 2, 0, 0.83%, 0, 34, 13, 21.05
1570792416, 71, 31, 83, 2, 0, 0.83%, 0, 34, 13, 22.24
1570792446, 71, 34, 83, 2, 0, 0.83%, 0, 34, 13, 21.03
1570792482, 71, 35, 83, 2, 0, 0.83%, 0, 34, 13, 21.32
1570792513, 71, 36, 83, 2, 0, 0.83%, 0, 34, 13, 21.70
1570792544, 71, 41, 83, 2, 0, 0.83%, 0, 34, 13, 21.09
1570792580, 71, 43, 83, 2, 0, 0.83%, 0, 34, 13, 20.77
1570792718, 71, 59, 83, 2, 0, 0.83%, 0, 34, 13, 20.25
1570792754, 71, 60, 83, 2, 0, 0.83%, 0, 34, 13, 20.79
1570792805, 71, 70, 83, 2, 0, 0.83%, 0, 34, 13, 21.24
1570793015, 71, 75, 83, 2, 0, 0.83%, 0, 34, 13, 21.62
1570793174, 71, 82, 83, 2, 0, 0.83%, 0, 34, 13, 19.85
1570794556, 72, 1, 83, 1, 0, 0.83%, 0, 34, 13, 21.11
1570794572, 72, 3, 83, 1, 0, 0.83%, 0, 34, 13, 21.02
1570794592, 72, 6, 83, 1, 0, 0.83%, 0, 34, 13, 21.13
1570794623, 72, 10, 83, 1, 0, 0.83%, 0, 34, 13, 21.43
1570794658, 72, 17, 83, 1, 0, 0.83%, 0, 34, 13, 21.42
1570794694, 72, 18, 83, 1, 0, 0.83%, 0, 34, 13, 20.87
1570794725, 72, 19, 83, 1, 0, 0.83%, 0, 34, 13, 21.12
1570794760, 72, 21, 83, 1, 0, 0.83%, 0, 34, 13, 21.83
1570794791, 72, 22, 83, 1, 0, 0.83%, 0, 34, 13, 21.39
1570794827, 72, 23, 83, 1, 0, 0.83%, 0, 34, 13, 21.49
1570794863, 72, 24, 83, 1, 0, 0.83%, 0, 34, 13, 21.09
1570794898, 72, 28, 83, 1, 0, 0.83%, 0, 34, 13, 21.15
1570794929, 72, 29, 83, 1, 0, 0.83%, 0, 34, 13, 21.90
1570794964, 72, 30, 83, 1, 0, 0.83%, 0, 34, 13, 20.81
1570795000, 72, 31, 83, 1, 0, 0.83%, 0, 34, 13, 19.81
1570795036, 72, 34, 83, 1, 0, 0.83%, 0, 34, 13, 21.10
1570795072, 72, 35, 83, 1, 0, 0.83%, 0, 34, 13, 20.49
1570795097, 72, 36, 83, 1, 0, 0.83%, 0, 34, 13, 22.18
1570795133, 72, 38, 83, 1, 0, 0.83%, 0, 34, 13, 13.91
1570795281, 72, 41, 83, 1, 0, 0.83%, 0, 34, 13, 15.14
1570795322, 72, 51, 83, 1, 0, 0.83%, 0, 34, 13, 15.44
1570795517, 72, 53, 83, 1, 0, 0.83%, 0, 34, 13, 15.40
1570795711, 72, 59, 83, 1, 0, 0.83%, 0, 34, 13, 14.70
1570795757, 72, 60, 83, 1, 0, 0.83%, 0, 34, 13, 15.51
1570795834, 72, 61, 83, 1, 0, 0.83%, 0, 34, 13, 14.91
1570796126, 72, 66, 83, 1, 0, 0.83%, 0, 34, 13, 14.90
1570796398, 72, 75, 83, 1, 0, 0.83%, 0, 34, 13, 18.88
1570796562, 72, 81, 83, 1, 0, 0.83%, 0, 34, 13, 19.96
1570797083, 73, 3, 83, 0, 0, 0.83%, 0, 34, 13, 19.42
1570797103, 73, 6, 83, 0, 0, 0.83%, 0, 34, 13, 19.44
1570797139, 73, 10, 83, 0, 0, 0.83%, 0, 34, 13, 19.99
1570797180, 73, 17, 83, 0, 0, 0.83%, 0, 34, 13, 19.57
1570797216, 73, 18, 83, 0, 0, 0.83%, 0, 34, 13, 19.56
1570797247, 73, 19, 83, 0, 0, 0.83%, 0, 34, 13, 19.98
1570797282, 73, 21, 83, 0, 0, 0.83%, 0, 34, 13, 19.93
1570797318, 73, 22, 83, 0, 0, 0.83%, 0, 34, 13, 19.89
1570797349, 73, 23, 83, 0, 0, 0.83%, 0, 34, 13, 19.76
1570797385, 73, 24, 83, 0, 0, 0.83%, 0, 34, 13, 20.13
1570797425, 73, 28, 83, 0, 0, 0.83%, 0, 34, 13, 19.13
1570797461, 73, 29, 83, 0, 0, 0.83%, 0, 34, 13, 19.96
1570797497, 73, 30, 83, 0, 0, 0.83%, 0, 34, 13, 19.46
1570797538, 73, 31, 83, 0, 0, 0.83%, 0, 34, 13, 19.21
1570797574, 73, 34, 83, 0, 0, 0.83%, 0, 34, 13, 20.27
1570797610, 73, 35, 83, 0, 0, 0.83%, 0, 34, 13, 18.82
1570797645, 73, 36, 83, 0, 0, 0.83%, 0, 34, 13, 19.80
1570797681, 73, 41, 83, 0, 0, 0.83%, 0, 34, 13, 19.60
1570797717, 73, 59, 83, 0, 0, 0.83%, 0, 34, 13, 19.45
1570797758, 73, 60, 83, 0, 0, 0.83%, 0, 34, 13, 19.65
1570797814, 73, 75, 83, 0, 0, 0.83%, 0, 34, 13, 18.99
1570797983, 74, 3, 83, 0, 0, 0.83%, 0, 34, 13, 20.04
1570798004, 74, 6, 83, 0, 0, 0.83%, 0, 34, 13, 20.01
1570798040, 74, 10, 83, 0, 0, 0.83%, 0, 34, 13, 20.30
1570798076, 74, 17, 83, 0, 0, 0.83%, 0, 34, 13, 19.81
1570798111, 74, 18, 83, 0, 0, 0.83%, 0, 34, 13, 19.06
1570798147, 74, 19, 83, 0, 0, 0.83%, 0, 34, 13, 19.16
1570798188, 74, 21, 83, 0, 0, 0.83%, 0, 34, 13, 20.03
1570798218, 74, 22, 83, 0, 0, 0.83%, 0, 34, 13, 20.13
1570798254, 74, 23, 83, 0, 0, 0.83%, 0, 34, 13, 19.95
1570798290, 74, 24, 83, 0, 0, 0.83%, 0, 34, 13, 20.06
1570798326, 74, 28, 83, 0, 0, 0.83%, 0, 34, 13, 19.63
1570798361, 74, 29, 83, 0, 0, 0.83%, 0, 34, 13, 19.34
1570798397, 74, 30, 83, 0, 0, 0.83%, 0, 34, 13, 19.80
1570798433, 74, 31, 83, 0, 0, 0.83%, 0, 34, 13, 19.93
1570798468, 74, 34, 83, 0, 0, 0.83%, 0, 34, 13, 20.00
1570798504, 74, 35, 83, 0, 0, 0.83%, 0, 34, 13, 19.70
1570798540, 74, 36, 83, 0, 0, 0.83%, 0, 34, 13, 19.57
1570798576, 74, 39, 83, 0, 0, 0.83%, 0, 34, 13, 19.67
1570798724, 74, 41, 83, 0, 0, 0.83%, 0, 34, 13, 19.12
1570798765, 74, 48, 83, 0, 0, 0.83%, 0, 34, 13, 19.41
1570798909, 74, 57, 83, 0, 0, 0.83%, 0, 34, 13, 20.57
1570799057, 74, 59, 83, 0, 0, 0.83%, 0, 34, 13, 19.92
1570799093, 74, 60, 83, 0, 0, 0.83%, 0, 34, 13, 19.37
1570799149, 74, 67, 83, 0, 0, 0.83%, 0, 34, 13, 19.82
1570799375, 74, 75, 83, 0, 0, 0.83%, 0, 34, 13, 19.40
1570799545, 75, 3, 83, 0, 0, 0.83%, 0, 34, 13, 18.82
1570799565, 75, 6, 83, 0, 0, 0.83%, 0, 34, 13, 19.78
1570799601, 75, 10, 83, 0, 0, 0.83%, 0, 34, 13, 20.01
1570799637, 75, 17, 83, 0, 0, 0.83%, 0, 34, 13, 19.35
1570799678, 75, 18, 83, 0, 0, 0.83%, 0, 34, 13, 19.95
1570799713, 75, 19, 83, 0, 0, 0.83%, 0, 34, 13, 19.87
1570799749, 75, 21, 83, 0, 0, 0.83%, 0, 34, 13, 19.68
1570799785, 75, 22, 83, 0, 0, 0.83%, 0, 34, 13, 20.04
1570799821, 75, 23, 83, 0, 0, 0.83%, 0, 34, 13, 20.47
1570799851, 75, 24, 83, 0, 0, 0.83%, 0, 34, 13, 20.09
1570799892, 75, 27, 83, 0, 0, 0.83%, 0, 34, 13, 18.91
1570800040, 75, 28, 83, 0, 0, 0.83%, 0, 34, 13, 18.78
1570800076, 75, 29, 83, 0, 0, 0.83%, 0, 34, 13, 19.89
1570800112, 75, 30, 83, 0, 0, 0.83%, 0, 34, 13, 20.08
1570800147, 75, 31, 83, 0, 0, 0.83%, 0, 34, 13, 19.37
1570800183, 75, 34, 83, 0, 0, 0.83%, 0, 34, 13, 19.36
1570800224, 75, 35, 83, 0, 0, 0.83%, 0, 34, 13, 19.56
1570800254, 75, 36, 83, 0, 0, 0.83%, 0, 34, 13, 19.62
1570800290, 75, 41, 83, 0, 0, 0.83%, 0, 34, 13, 20.19
1570800331, 75, 52, 83, 0, 0, 0.83%, 0, 34, 13, 20.42
1570800556, 75, 55, 83, 0, 0, 0.83%, 0, 34, 13, 19.58
1570800699, 75, 59, 83, 0, 0, 0.83%, 0, 34, 13, 20.39
1570800740, 75, 60, 83, 0, 0, 0.83%, 0, 34, 13, 20.15
1570800796, 75, 75, 83, 0, 0, 0.83%, 0, 34, 13, 19.12
1570800965, 76, 3, 83, 0, 0, 0.83%, 0, 34, 13, 19.05
1570800985, 76, 6, 83, 0, 0, 0.83%, 0, 34, 13, 19.28
1570801021, 76, 10, 83, 0, 0, 0.83%, 0, 34, 13, 19.49
1570801062, 76, 17, 83, 0, 0, 0.83%, 0, 34, 13, 18.92
1570801092, 76, 18, 83, 0, 0, 0.83%, 0, 34, 13, 19.15
1570801128, 76, 19, 83, 0, 0, 0.83%, 0, 34, 13, 18.90
1570801164, 76, 21, 83, 0, 0, 0.83%, 0, 34, 13, 19.08
1570801205, 76, 22, 83, 0, 0, 0.83%, 0, 34, 13, 19.18
1570801236, 76, 23, 83, 0, 0, 0.83%, 0, 34, 13, 19.36
1570801276, 76, 24, 83, 0, 0, 0.83%, 0, 34, 13, 19.38
1570801307, 76, 28, 83, 0, 0, 0.83%, 0, 34, 13, 19.52
1570801343, 76, 29, 83, 0, 0, 0.83%, 0, 34, 13, 19.22
1570801378, 76, 30, 83, 0, 0, 0.83%, 0, 34, 13, 19.86
1570801419, 76, 31, 83, 0, 0, 0.83%, 0, 34, 13, 19.65
1570801455, 76, 33, 83, 0, 0, 0.83%, 0, 34, 13, 19.60
1570801603, 76, 34, 83, 0, 0, 0.83%, 0, 34, 13, 20.29
1570801639, 76, 35, 83, 0, 0, 0.83%, 0, 34, 13, 20.27
1570801674, 76, 36, 83, 0, 0, 0.83%, 0, 34, 13, 19.75
1570801710, 76, 41, 83, 0, 0, 0.83%, 0, 34, 13, 19.35
1570801746, 76, 43, 83, 0, 0, 0.83%, 0, 34, 13, 19.53
1570801895, 76, 52, 83, 0, 0, 0.83%, 0, 34, 13, 20.07
1570802115, 76, 59, 83, 0, 0, 0.83%, 0, 34, 13, 20.11
1570802145, 76, 60, 83, 0, 0, 0.83%, 0, 34, 13, 20.46
1570802202, 76, 72, 83, 0, 0, 0.83%, 0, 34, 13, 19.88
1570802350, 76, 75, 83, 0, 0, 0.83%, 0, 34, 13, 20.04
1570802510, 77, 3, 83, 0, 0, 0.83%, 0, 34, 13, 20.47
1570802530, 77, 6, 83, 0, 0, 0.83%, 0, 34, 13, 20.36
1570802566, 77, 10, 83, 0, 0, 0.83%, 0, 34, 13, 20.67
1570802602, 77, 17, 83, 0, 0, 0.83%, 0, 34, 13, 20.04
1570802632, 77, 18, 83, 0, 0, 0.83%, 0, 34, 13, 20.66
1570802668, 77, 19, 83, 0, 0, 0.83%, 0, 34, 13, 20.02
1570802704, 77, 21, 83, 0, 0, 0.83%, 0, 34, 13, 19.93
1570802740, 77, 22, 83, 0, 0, 0.83%, 0, 34, 13, 20.76
1570802771, 77, 23, 83, 0, 0, 0.83%, 0, 34, 13, 20.93
1570802801, 77, 24, 83, 0, 0, 0.83%, 0, 34, 13, 20.66
1570802842, 77, 28, 83, 0, 0, 0.83%, 0, 34, 13, 20.52
1570802872, 77, 29, 83, 0, 0, 0.83%, 0, 34, 13, 20.92
1570802908, 77, 30, 83, 0, 0, 0.83%, 0, 34, 13, 19.83
1570802944, 77, 31, 83, 0, 0, 0.83%, 0, 34, 13, 19.93
1570802980, 77, 34, 83, 0, 0, 0.83%, 0, 34, 13, 20.67
1570803016, 77, 35, 83, 0, 0, 0.83%, 0, 34, 13, 20.76
1570803046, 77, 36, 83, 0, 0, 0.83%, 0, 34, 13, 21.12
1570803082, 77, 41, 83, 0, 0, 0.83%, 0, 34, 13, 19.88
1570803118, 77, 45, 83, 0, 0, 0.83%, 0, 34, 13, 21.34
1570803261, 77, 59, 83, 0, 0, 0.83%, 0, 34, 13, 20.49
1570803296, 77, 60, 83, 0, 0, 0.83%, 0, 34, 13, 20.47
1570803347, 77, 62, 83, 0, 0, 0.83%, 0, 34, 13, 20.79
1570803572, 77, 70, 83, 0, 0, 0.83%, 0, 34, 13, 19.11
1570803798, 77, 75, 83, 0, 0, 0.83%, 0, 34, 13, 19.95
1570803962, 78, 3, 83, 0, 0, 0.83%, 0, 34, 13, 19.93
1570803982, 78, 6, 83, 0, 0, 0.83%, 0, 34, 13, 20.32
1570804018, 78, 10, 83, 0, 0, 0.83%, 0, 34, 13, 20.11
1570804053, 78, 17, 83, 0, 0, 0.83%, 0, 34, 13, 19.52
1570804090, 78, 18, 83, 0, 0, 0.83%, 0, 34, 13, 19.45
1570804120, 78, 19, 83, 0, 0, 0.83%, 0, 34, 13, 19.93
1570804161, 78, 21, 83, 0, 0, 0.83%, 0, 34, 13, 19.97
1570804192, 78, 22, 83, 0, 0, 0.83%, 0, 34, 13, 19.49
1570804228, 78, 23, 83, 0, 0, 0.83%, 0, 34, 13, 20.61
1570804264, 78, 24, 83, 0, 0, 0.83%, 0, 34, 13, 20.85
1570804300, 78, 28, 83, 0, 0, 0.83%, 0, 34, 13, 19.69
1570804335, 78, 29, 83, 0, 0, 0.83%, 0, 34, 13, 19.93
1570804371, 78, 30, 83, 0, 0, 0.83%, 0, 34, 13, 20.12
1570804407, 78, 31, 83, 0, 0, 0.83%, 0, 34, 13, 20.05
1570804442, 78, 34, 83, 0, 0, 0.83%, 0, 34, 13, 21.14
1570804478, 78, 35, 83, 0, 0, 0.83%, 0, 34, 13, 19.34
1570804514, 78, 36, 83, 0, 0, 0.83%, 0, 34, 13, 19.41
1570804550, 78, 41, 83, 0, 0, 0.83%, 0, 34, 13, 19.13
1570804591, 78, 59, 83, 0, 0, 0.83%, 0, 34, 13, 19.88
1570804626, 78, 60, 83, 0, 0, 0.83%, 0, 34, 13, 20.52
1570804683, 78, 64, 83, 0, 0, 0.83%, 0, 34, 13, 19.33
1570804826, 78, 68, 83, 0, 0, 0.83%, 0, 34, 13, 19.78
1570805051, 78, 75, 83, 0, 0, 0.83%, 0, 34, 13, 20.07
1570805220, 79, 0, 83, 0, 0, 0.83%, 0, 34, 13, 20.17
1570805235, 79, 3, 83, 0, 0, 0.83%, 0, 34, 13, 20.22
1570805255, 79, 6, 83, 0, 0, 0.83%, 0, 34, 13, 19.62
1570805291, 79, 10, 83, 0, 0, 0.83%, 0, 34, 13, 19.96
1570805327, 79, 17, 83, 0, 0, 0.83%, 0, 34, 13, 19.71
1570805368, 79, 18, 83, 0, 0, 0.83%, 0, 34, 13, 19.66
1570805399, 79, 19, 83, 0, 0, 0.83%, 0, 34, 13, 20.00
1570805435, 79, 21, 83, 0, 0, 0.83%, 0, 34, 13, 19.41
1570805471, 79, 22, 83, 0, 0, 0.83%, 0, 34, 13, 19.99
1570805501, 79, 23, 83, 0, 0, 0.83%, 0, 34, 13, 19.03
1570805537, 79, 24, 83, 0, 0, 0.83%, 0, 34, 13, 19.11
1570805572, 79, 28, 83, 0, 0, 0.83%, 0, 34, 13, 19.36
1570805613, 79, 29, 83, 0, 0, 0.83%, 0, 34, 13, 19.50
1570805648, 79, 30, 83, 0, 0, 0.83%, 0, 34, 13, 18.86
1570805689, 79, 31, 83, 0, 0, 0.83%, 0, 34, 13, 19.73
1570805725, 79, 34, 83, 0, 0, 0.83%, 0, 34, 13, 19.42
1570805761, 79, 35, 83, 0, 0, 0.83%, 0, 34, 13, 19.16
1570805797, 79, 36, 83, 0, 0, 0.83%, 0, 34, 13, 19.75
1570805833, 79, 41, 83, 0, 0, 0.83%, 0, 34, 13, 20.14
1570805868, 79, 47, 83, 0, 0, 0.83%, 0, 34, 13, 19.55
1570806022, 79, 54, 83, 0, 0, 0.83%, 0, 34, 13, 19.64
1570806175, 79, 59, 83, 0, 0, 0.83%, 0, 34, 13, 19.52
1570806211, 79, 60, 83, 0, 0, 0.83%, 0, 34, 13, 19.56
1570806267, 79, 75, 83, 0, 0, 0.83%, 0, 34, 13, 19.44
1570806425, 80, 3, 83, 0, 0, 0.83%, 0, 34, 13, 20.53
1570806446, 80, 6, 83, 0, 0, 0.83%, 0, 34, 13, 20.06
1570806481, 80, 10, 83, 0, 0, 0.83%, 0, 34, 13, 19.63
1570806518, 80, 17, 83, 0, 0, 0.83%, 0, 34, 13, 19.85
1570806548, 80, 18, 83, 0, 0, 0.83%, 0, 34, 13, 20.13
1570806584, 80, 19, 83, 0, 0, 0.83%, 0, 34, 13, 20.52
1570806620, 80, 21, 83, 0, 0, 0.83%, 0, 34, 13, 19.68
1570806650, 80, 22, 83, 0, 0, 0.83%, 0, 34, 13, 19.79
1570806686, 80, 23, 83, 0, 0, 0.83%, 0, 34, 13, 19.56
1570806722, 80, 24, 83, 0, 0, 0.83%, 0, 34, 13, 20.07
1570806757, 80, 25, 83, 0, 0, 0.83%, 0, 34, 13, 19.22
1570806900, 80, 28, 83, 0, 0, 0.83%, 0, 34, 13, 19.97
1570806931, 80, 29, 83, 0, 0, 0.83%, 0, 34, 13, 20.03
1570806967, 80, 30, 83, 0, 0, 0.83%, 0, 34, 13, 19.22
1570807002, 80, 31, 83, 0, 0, 0.83%, 0, 34, 13, 18.68
1570807043, 80, 34, 83, 0, 0, 0.83%, 0, 34, 13, 19.34
1570807079, 80, 35, 83, 0, 0, 0.83%, 0, 34, 13, 19.30
1570807114, 80, 36, 83, 0, 0, 0.83%, 0, 34, 13, 19.21
1570807150, 80, 37, 83, 0, 0, 0.83%, 0, 34, 13, 19.39
1570807288, 80, 38, 83, 0, 0, 0.83%, 0, 34, 13, 19.52
1570807431, 80, 41, 83, 0, 0, 0.83%, 0, 34, 13, 19.63
1570807467, 80, 59, 83, 0, 0, 0.83%, 0, 34, 13, 19.96
1570807503, 80, 60, 83, 0, 0, 0.83%, 0, 34, 13, 20.10
1570807559, 80, 75, 83, 0, 0, 0.83%, 0, 34, 13, 19.75
1570807728, 81, 3, 83, 0, 0, 0.83%, 0, 34, 13, 19.22
1570807749, 81, 6, 83, 0, 0, 0.83%, 0, 34, 13, 19.11
1570807789, 81, 10, 83, 0, 0, 0.83%, 0, 34, 13, 19.58
1570807825, 81, 13, 83, 0, 0, 0.83%, 0, 34, 13, 19.62
1570807963, 81, 15, 83, 0, 0, 0.83%, 0, 34, 13, 19.82
1570808101, 81, 17, 83, 0, 0, 0.83%, 0, 34, 13, 19.46
1570808136, 81, 18, 83, 0, 0, 0.83%, 0, 34, 13, 19.72
1570808167, 81, 19, 83, 0, 0, 0.83%, 0, 34, 13, 19.79
1570808203, 81, 21, 83, 0, 0, 0.83%, 0, 34, 13, 20.02
1570808234, 81, 22, 83, 0, 0, 0.83%, 0, 34, 13, 19.82
1570808269, 81, 23, 83, 0, 0, 0.83%, 0, 34, 13, 20.56
1570808305, 81, 24, 83, 0, 0, 0.83%, 0, 34, 13, 19.33
1570808341, 81, 28, 83, 0, 0, 0.83%, 0, 34, 13, 19.33
1570808382, 81, 29, 83, 0, 0, 0.83%, 0, 34, 13, 19.51
1570808417, 81, 30, 83, 0, 0, 0.83%, 0, 34, 13, 19.22
1570808453, 81, 31, 83, 0, 0, 0.83%, 0, 34, 13, 19.56
1570808489, 81, 34, 83, 0, 0, 0.83%, 0, 34, 13, 20.07
1570808520, 81, 35, 83, 0, 0, 0.83%, 0, 34, 13, 19.84
1570808555, 81, 36, 83, 0, 0, 0.83%, 0, 34, 13, 19.56
1570808591, 81, 41, 83, 0, 0, 0.83%, 0, 34, 13, 19.18
1570808632, 81, 59, 83, 0, 0, 0.83%, 0, 34, 13, 19.07
1570808668, 81, 60, 83, 0, 0, 0.83%, 0, 34, 13, 19.31
1570808724, 81, 71, 83, 0, 0, 0.83%, 0, 34, 13, 21.04
1570808954, 81, 75, 83, 0, 0, 0.83%, 0, 34, 13, 19.05
1570809133, 82, 0, 83, 0, 0, 0.83%, 0, 34, 13, 18.43
1570809154, 82, 3, 83, 0, 0, 0.83%, 0, 34, 13, 19.07
1570809169, 82, 6, 83, 0, 0, 0.83%, 0, 34, 13, 19.42
1570809210, 82, 10, 83, 0, 0, 0.83%, 0, 34, 13, 19.07
1570809246, 82, 17, 83, 0, 0, 0.83%, 0, 34, 13, 19.07
1570809282, 82, 18, 83, 0, 0, 0.83%, 0, 34, 13, 19.39
1570809318, 82, 19, 83, 0, 0, 0.83%, 0, 34, 13, 19.11
1570809359, 82, 21, 83, 0, 0, 0.83%, 0, 34, 13, 19.82
1570809395, 82, 22, 83, 0, 0, 0.83%, 0, 34, 13, 19.93
1570809430, 82, 23, 83, 0, 0, 0.83%, 0, 34, 13, 20.02
1570809471, 82, 24, 83, 0, 0, 0.83%, 0, 34, 13, 19.91
1570809507, 82, 25, 83, 0, 0, 0.83%, 0, 34, 13, 19.23
1570809660, 82, 28, 83, 0, 0, 0.83%, 0, 34, 13, 19.38
1570809697, 82, 29, 83, 0, 0, 0.83%, 0, 34, 13, 20.26
1570809727, 82, 30, 83, 0, 0, 0.83%, 0, 34, 13, 19.18
1570809768, 82, 31, 83, 0, 0, 0.83%, 0, 34, 13, 19.32
1570809803, 82, 34, 83, 0, 0, 0.83%, 0, 34, 13, 19.00
1570809839, 82, 35, 83, 0, 0, 0.83%, 0, 34, 13, 20.08
1570809880, 82, 36, 83, 0, 0, 0.83%, 0, 34, 13, 18.78
1570809915, 82, 41, 83, 0, 0, 0.83%, 0, 34, 13, 18.54
1570809956, 82, 59, 83, 0, 0, 0.83%, 0, 34, 13, 19.20
1570809997, 82, 60, 83, 0, 0, 0.83%, 0, 34, 13, 19.04
1570810053, 82, 75, 83, 0, 0, 0.83%, 0, 34, 13, 18.56
1570810099, 83, 1, 83, 0, 0, 0.83%, 0, 34, 13, 19.27
1570810114, 83, 3, 83, 0, 0, 0.83%, 0, 34, 13, 19.34
1570810134, 83, 6, 83, 0, 0, 0.83%, 0, 34, 13, 19.42
1570810175, 83, 10, 83, 0, 0, 0.83%, 0, 34, 13, 19.74
1570810211, 83, 17, 83, 0, 0, 0.83%, 0, 34, 13, 18.93
1570810252, 83, 18, 83, 0, 0, 0.83%, 0, 34, 13, 19.14
1570810282, 83, 19, 83, 0, 0, 0.83%, 0, 34, 13, 19.51
1570810323, 83, 21, 83, 0, 0, 0.83%, 0, 34, 13, 20.66
1570810354, 83, 22, 83, 0, 0, 0.83%, 0, 34, 13, 19.89
1570810395, 83, 23, 83, 0, 0, 0.83%, 0, 34, 13, 19.92
1570810431, 83, 24, 83, 0, 0, 0.83%, 0, 34, 13, 20.31
1570810467, 83, 25, 83, 0, 0, 0.83%, 0, 34, 13, 19.76
1570810610, 83, 28, 83, 0, 0, 0.83%, 0, 34, 13, 19.84
1570810640, 83, 29, 83, 0, 0, 0.83%, 0, 34, 13, 20.26
1570810676, 83, 30, 83, 0, 0, 0.83%, 0, 34, 13, 19.37
1570810712, 83, 31, 83, 0, 0, 0.83%, 0, 34, 13, 18.85
1570810748, 83, 34, 83, 0, 0, 0.83%, 0, 34, 13, 19.33
1570810779, 83, 35, 83, 0, 0, 0.83%, 0, 34, 13, 19.68
1570810815, 83, 36, 83, 0, 0, 0.83%, 0, 34, 13, 19.45
1570810850, 83, 40, 83, 0, 0, 0.83%, 0, 34, 13, 19.25
1570810998, 83, 41, 83, 0, 0, 0.83%, 0, 34, 13, 19.70
1570811039, 83, 46, 83, 0, 0, 0.83%, 0, 34, 13, 19.30
1570811188, 83, 59, 83, 0, 0, 0.83%, 0, 34, 13, 19.10
1570811229, 83, 60, 83, 0, 0, 0.83%, 0, 34, 13, 19.20
1570811285, 83, 75, 83, 0, 0, 0.83%, 0, 34, 13, 19.69
1570811326, 84, 3, 83, 0, 0, 0.83%, 0, 34, 13, 19.45
1570811346, 84, 6, 83, 0, 0, 0.83%, 0, 34, 13, 19.61
1570811382, 84, 10, 83, 0, 0, 0.83%, 0, 34, 13, 20.10
1570811418, 84, 17, 83, 0, 0, 0.83%, 0, 34, 13, 19.25
1570811453, 84, 18, 83, 0, 0, 0.83%, 0, 34, 13, 20.06
1570811484, 84, 19, 83, 0, 0, 0.83%, 0, 34, 13, 19.86
1570811525, 84, 21, 83, 0, 0, 0.83%, 0, 34, 13, 19.78
1570811560, 84, 22, 83, 0, 0, 0.83%, 0, 34, 13, 19.14
1570811591, 84, 23, 83, 0, 0, 0.83%, 0, 34, 13, 20.37
1570811627, 84, 24, 83, 0, 0, 0.83%, 0, 34, 13, 19.68
1570811663, 84, 28, 83, 0, 0, 0.83%, 0, 34, 13, 19.86
1570811698, 84, 29, 83, 0, 0, 0.83%, 0, 34, 13, 19.48
1570811729, 84, 30, 83, 0, 0, 0.83%, 0, 34, 13, 20.26
1570811764, 84, 31, 83, 0, 0, 0.83%, 0, 34, 13, 18.70
1570811805, 84, 34, 83, 0, 0, 0.83%, 0, 34, 13, 19.91
1570811836, 84, 35, 83, 0, 0, 0.83%, 0, 34, 13, 19.71
1570811872, 84, 36, 83, 0, 0, 0.83%, 0, 34, 13, 19.86
1570811907, 84, 41, 83, 0, 0, 0.83%, 0, 34, 13, 19.46
1570811943, 84, 59, 83, 0, 0, 0.83%, 0, 34, 13, 19.37
1570811984, 84, 60, 83, 0, 0, 0.83%, 0, 34, 13, 19.58
1570812036, 84, 65, 83, 0, 0, 0.83%, 0, 34, 13, 19.62
1570812189, 84, 69, 83, 0, 0, 0.83%, 0, 34, 13, 19.71
1570812409, 84, 75, 83, 0, 0, 0.83%, 0, 34, 13, 20.02
1570812450, 85, 3, 83, 0, 0, 0.83%, 0, 34, 13, 19.58
1570812471, 85, 6, 83, 0, 0, 0.83%, 0, 34, 13, 20.47
1570812507, 85, 10, 83, 0, 0, 0.83%, 0, 34, 13, 20.82
1570812543, 85, 17, 83, 0, 0, 0.83%, 0, 34, 13, 19.71
1570812578, 85, 18, 83, 0, 0, 0.83%, 0, 34, 13, 20.03
1570812614, 85, 19, 83, 0, 0, 0.83%, 0, 34, 13, 19.80
1570812650, 85, 21, 83, 0, 0, 0.83%, 0, 34, 13, 20.79
1570812686, 85, 22, 83, 0, 0, 0.83%, 0, 34, 13, 20.09
1570812721, 85, 23, 83, 0, 0, 0.83%, 0, 34, 13, 20.48
1570812757, 85, 24, 83, 0, 0, 0.83%, 0, 34, 13, 20.21
1570812793, 85, 28, 83, 0, 0, 0.83%, 0, 34, 13, 20.97
1570812829, 85, 29, 83, 0, 0, 0.83%, 0, 34, 13, 21.41
1570812859, 85, 30, 83, 0, 0, 0.83%, 0, 34, 13, 20.35
1570812895, 85, 31, 83, 0, 0, 0.83%, 0, 34, 13, 18.90
1570812931, 85, 34, 83, 0, 0, 0.83%, 0, 34, 13, 19.97
1570812972, 85, 35, 83, 0, 0, 0.83%, 0, 34, 13, 19.18
1570813007, 85, 36, 83, 0, 0, 0.83%, 0, 34, 13, 19.50
1570813038, 85, 37, 83, 0, 0, 0.83%, 0, 34, 13, 19.93
1570813180, 85, 41, 83, 0, 0, 0.83%, 0, 34, 13, 19.74
1570813216, 85, 59, 83, 0, 0, 0.83%, 0, 34, 13, 19.75
1570813252, 85, 60, 83, 0, 0, 0.83%, 0, 34, 13, 20.64
1570813308, 85, 65, 83, 0, 0, 0.83%, 0, 34, 13, 19.84
1570813457, 85, 75, 83, 0, 0, 0.83%, 0, 34, 13, 19.31
1570813498, 85, 82, 83, 0, 0, 0.83%, 0, 34, 13, 20.38
1570813662, 86, 3, 83, 0, 0, 0.83%, 0, 34, 13, 21.24
1570813677, 86, 6, 83, 0, 0, 0.83%, 0, 34, 13, 20.80
1570813713, 86, 10, 83, 0, 0, 0.83%, 0, 34, 13, 20.09
1570813749, 86, 17, 83, 0, 0, 0.83%, 0, 34, 13, 19.30
1570813789, 86, 18, 83, 0, 0, 0.83%, 0, 34, 13, 19.94
1570813825, 86, 19, 83, 0, 0, 0.83%, 0, 34, 13, 20.63
1570813861, 86, 21, 83, 0, 0, 0.83%, 0, 34, 13, 19.73
1570813897, 86, 22, 83, 0, 0, 0.83%, 0, 34, 13, 19.58
1570813933, 86, 23, 83, 0, 0, 0.83%, 0, 34, 13, 20.26
1570813963, 86, 24, 83, 0, 0, 0.83%, 0, 34, 13, 20.34
1570814004, 86, 28, 83, 0, 0, 0.83%, 0, 34, 13, 20.70
1570814035, 86, 29, 83, 0, 0, 0.83%, 0, 34, 13, 20.28
1570814070, 86, 30, 83, 0, 0, 0.83%, 0, 34, 13, 20.77
1570814105, 86, 31, 83, 0, 0, 0.83%, 0, 34, 13, 20.26
1570814141, 86, 34, 83, 0, 0, 0.83%, 0, 34, 13, 20.37
1570814177, 86, 35, 83, 0, 0, 0.83%, 0, 34, 13, 20.02
1570814213, 86, 36, 83, 0, 0, 0.83%, 0, 34, 13, 20.76
1570814249, 86, 41, 83, 0, 0, 0.83%, 0, 34, 13, 19.53
1570814284, 86, 59, 83, 0, 0, 0.83%, 0, 34, 13, 19.40
1570814320, 86, 60, 83, 0, 0, 0.83%, 0, 34, 13, 19.94
1570814376, 86, 64, 83, 0, 0, 0.83%, 0, 34, 13, 19.43
1570814519, 86, 75, 83, 0, 0, 0.83%, 0, 34, 13, 19.55
1570814566, 87, 3, 83, 0, 0, 0.83%, 0, 34, 13, 19.50
1570814581, 87, 6, 83, 0, 0, 0.83%, 0, 34, 13, 19.99
1570814617, 87, 10, 83, 0, 0, 0.83%, 0, 34, 13, 19.99
1570814658, 87, 17, 83, 0, 0, 0.83%, 0, 34, 13, 19.66
1570814689, 87, 18, 83, 0, 0, 0.83%, 0, 34, 13, 20.98
1570814720, 87, 19, 83, 0, 0, 0.83%, 0, 34, 13, 21.26
1570814756, 87, 21, 83, 0, 0, 0.83%, 0, 34, 13, 20.19
1570814797, 87, 22, 83, 0, 0, 0.83%, 0, 34, 13, 19.49
1570814832, 87, 23, 83, 0, 0, 0.83%, 0, 34, 13, 19.71
1570814863, 87, 24, 83, 0, 0, 0.83%, 0, 34, 13, 19.71
1570814899, 87, 28, 83, 0, 0, 0.83%, 0, 34, 13, 20.19
1570814935, 87, 29, 83, 0, 0, 0.83%, 0, 34, 13, 20.40
1570814971, 87, 30, 83, 0, 0, 0.83%, 0, 34, 13, 20.42
1570815012, 87, 31, 83, 0, 0, 0.83%, 0, 34, 13, 19.63
1570815047, 87, 34, 83, 0, 0, 0.83%, 0, 34, 13, 19.96
1570815083, 87, 35, 83, 0, 0, 0.83%, 0, 34, 13, 19.60
1570815119, 87, 36, 83, 0, 0, 0.83%, 0, 34, 13, 19.37
1570815155, 87, 41, 83, 0, 0, 0.83%, 0, 34, 13, 19.75
1570815195, 87, 42, 83, 0, 0, 0.83%, 0, 34, 13, 19.31
1570815343, 87, 50, 83, 0, 0, 0.83%, 0, 34, 13, 20.41
1570815492, 87, 59, 83, 0, 0, 0.83%, 0, 34, 13, 18.84
1570815528, 87, 60, 83, 0, 0, 0.83%, 0, 34, 13, 19.57
1570815589, 87, 66, 83, 0, 0, 0.83%, 0, 34, 13, 19.16
1570815815, 87, 75, 83, 0, 0, 0.83%, 0, 34, 13, 19.84
1570815861, 88, 3, 83, 0, 0, 0.83%, 0, 34, 13, 19.21
1570815876, 88, 6, 83, 0, 0, 0.83%, 0, 34, 13, 19.35
1570815917, 88, 10, 83, 0, 0, 0.83%, 0, 34, 13, 19.58
1570815953, 88, 17, 83, 0, 0, 0.83%, 0, 34, 13, 19.64
1570815989, 88, 18, 83, 0, 0, 0.83%, 0, 34, 13, 20.07
1570816020, 88, 19, 83, 0, 0, 0.83%, 0, 34, 13, 20.22
1570816056, 88, 21, 83, 0, 0, 0.83%, 0, 34, 13, 20.25
1570816091, 88, 22, 83, 0, 0, 0.83%, 0, 34, 13, 19.81
1570816122, 88, 23, 83, 0, 0, 0.83%, 0, 34, 13, 20.19
1570816163, 88, 24, 83, 0, 0, 0.83%, 0, 34, 13, 20.16
1570816194, 88, 28, 83, 0, 0, 0.83%, 0, 34, 13, 19.52
1570816229, 88, 29, 83, 0, 0, 0.83%, 0, 34, 13, 19.71
1570816265, 88, 30, 83, 0, 0, 0.83%, 0, 34, 13, 20.14
1570816306, 88, 31, 83, 0, 0, 0.83%, 0, 34, 13, 21.47
1570816337, 88, 34, 83, 0, 0, 0.83%, 0, 34, 13, 20.35
1570816373, 88, 35, 83, 0, 0, 0.83%, 0, 34, 13, 20.13
1570816409, 88, 36, 83, 0, 0, 0.83%, 0, 34, 13, 19.51
1570816444, 88, 39, 83, 0, 0, 0.83%, 0, 34, 13, 19.37
1570816582, 88, 41, 83, 0, 0, 0.83%, 0, 34, 13, 19.26
1570816618, 88, 45, 83, 0, 0, 0.83%, 0, 34, 13, 19.75
1570816771, 88, 59, 83, 0, 0, 0.83%, 0, 34, 13, 19.68
1570816807, 88, 60, 83, 0, 0, 0.83%, 0, 34, 13, 19.42
1570816863, 88, 62, 83, 0, 0, 0.83%, 0, 34, 13, 19.20
1570817094, 88, 75, 83, 0, 0, 0.83%, 0, 34, 13, 19.67
1570817135, 89, 3, 83, 0, 0, 0.83%, 0, 34, 13, 19.52
1570817155, 89, 6, 83, 0, 0, 0.83%, 0, 34, 13, 19.78
1570817190, 89, 10, 83, 0, 0, 0.83%, 0, 34, 13, 19.87
1570817231, 89, 14, 83, 0, 0, 0.83%, 0, 34, 13, 19.27
1570817370, 89, 17, 83, 0, 0, 0.83%, 0, 34, 13, 19.82
1570817406, 89, 18, 83, 0, 0, 0.83%, 0, 34, 13, 19.76
1570817442, 89, 19, 83, 0, 0, 0.83%, 0, 34, 13, 19.41
1570817477, 89, 21, 83, 0, 0, 0.83%, 0, 34, 13, 19.41
1570817508, 89, 22, 83, 0, 0, 0.83%, 0, 34, 13, 19.58
1570817549, 89, 23, 83, 0, 0, 0.83%, 0, 34, 13, 19.50
1570817585, 89, 24, 83, 0, 0, 0.83%, 0, 34, 13, 19.27
1570817620, 89, 28, 83, 0, 0, 0.83%, 0, 34, 13, 19.64
1570817656, 89, 29, 83, 0, 0, 0.83%, 0, 34, 13, 19.94
1570817692, 89, 30, 83, 0, 0, 0.83%, 0, 34, 13, 19.43
1570817733, 89, 31, 83, 0, 0, 0.83%, 0, 34, 13, 19.00
1570817768, 89, 34, 83, 0, 0, 0.83%, 0, 34, 13, 19.70
1570817804, 89, 35, 83, 0, 0, 0.83%, 0, 34, 13, 19.19
1570817845, 89, 36, 83, 0, 0, 0.83%, 0, 34, 13, 19.59
1570817881, 89, 37, 83, 0, 0, 0.83%, 0, 34, 13, 19.01
1570818034, 89, 41, 83, 0, 0, 0.83%, 0, 34, 13, 18.95
1570818070, 89, 43, 83, 0, 0, 0.83%, 0, 34, 13, 19.16
1570818224, 89, 59, 83, 0, 0, 0.83%, 0, 34, 13, 18.86
1570818265, 89, 60, 83, 0, 0, 0.83%, 0, 34, 13, 19.27
1570818316, 89, 75, 83, 0, 0, 0.83%, 0, 34, 13, 18.99
1570818357, 89, 82, 83, 0, 0, 0.83%, 0, 34, 13, 19.50
1570818520, 90, 3, 83, 0, 0, 0.83%, 0, 34, 13, 19.66
1570818541, 90, 6, 83, 0, 0, 0.83%, 0, 34, 13, 19.82
1570818577, 90, 7, 83, 0, 0, 0.83%, 0, 34, 13, 19.54
1570818729, 90, 10, 83, 0, 0, 0.83%, 0, 34, 13, 19.41
1570818770, 90, 17, 83, 0, 0, 0.83%, 0, 34, 13, 19.70
1570818801, 90, 18, 83, 0, 0, 0.83%, 0, 34, 13, 19.86
1570818837, 90, 19, 83, 0, 0, 0.83%, 0, 34, 13, 19.32
1570818873, 90, 21, 83, 0, 0, 0.83%, 0, 34, 13, 19.78
1570818903, 90, 22, 83, 0, 0, 0.83%, 0, 34, 13, 19.92
1570818939, 90, 23, 83, 0, 0, 0.83%, 0, 34, 13, 19.58
1570818975, 90, 24, 83, 0, 0, 0.83%, 0, 34, 13, 19.59
1570819016, 90, 28, 83, 0, 0, 0.83%, 0, 34, 13, 19.70
1570819047, 90, 29, 83, 0, 0, 0.83%, 0, 34, 13, 19.72
1570819082, 90, 30, 83, 0, 0, 0.83%, 0, 34, 13, 19.34
1570819123, 90, 31, 83, 0, 0, 0.83%, 0, 34, 13, 19.66
1570819159, 90, 34, 83, 0, 0, 0.83%, 0, 34, 13, 19.59
1570819200, 90, 35, 83, 0, 0, 0.83%, 0, 34, 13, 18.99
1570819236, 90, 36, 83, 0, 0, 0.83%, 0, 34, 13, 19.06
1570819271, 90, 41, 83, 0, 0, 0.83%, 0, 34, 13, 18.87
1570819307, 90, 47, 83, 0, 0, 0.83%, 0, 34, 13, 19.42
1570819461, 90, 59, 83, 0, 0, 0.83%, 0, 34, 13, 19.13
1570819496, 90, 60, 83, 0, 0, 0.83%, 0, 34, 13, 19.72
1570819552, 90, 75, 83, 0, 0, 0.83%, 0, 34, 13, 19.51
1570819593, 90, 82, 83, 0, 0, 0.83%, 0, 34, 13, 19.59
1570819762, 91, 3, 83, 0, 0, 0.83%, 0, 34, 13, 20.01
1570819783, 91, 6, 83, 0, 0, 0.83%, 0, 34, 13, 20.19
1570819818, 91, 7, 83, 0, 0, 0.83%, 0, 34, 13, 19.38
1570819967, 91, 10, 83, 0, 0, 0.83%, 0, 34, 13, 19.70
1570820008, 91, 12, 83, 0, 0, 0.83%, 0, 34, 13, 19.35
1570820156, 91, 17, 83, 0, 0, 0.83%, 0, 34, 13, 19.50
1570820192, 91, 18, 83, 0, 0, 0.83%, 0, 34, 13, 19.76
1570820228, 91, 19, 83, 0, 0, 0.83%, 0, 34, 13, 19.68
1570820264, 91, 21, 83, 0, 0, 0.83%, 0, 34, 13, 19.30
1570820299, 91, 22, 83, 0, 0, 0.83%, 0, 34, 13, 19.14
1570820330, 91, 23, 83, 0, 0, 0.83%, 0, 34, 13, 18.97
1570820371, 91, 24, 83, 0, 0, 0.83%, 0, 34, 13, 19.39
1570820406, 91, 28, 83, 0, 0, 0.83%, 0, 34, 13, 19.45
1570820442, 91, 29, 83, 0, 0, 0.83%, 0, 34, 13, 19.77
1570820478, 91, 30, 83, 0, 0, 0.83%, 0, 34, 13, 18.90
1570820513, 91, 31, 83, 0, 0, 0.83%, 0, 34, 13, 19.18
1570820549, 91, 34, 83, 0, 0, 0.83%, 0, 34, 13, 19.68
1570820590, 91, 35, 83, 0, 0, 0.83%, 0, 34, 13, 19.62
1570820626, 91, 36, 83, 0, 0, 0.83%, 0, 34, 13, 19.31
1570820661, 91, 41, 83, 0, 0, 0.83%, 0, 34, 13, 20.19
1570820702, 91, 46, 83, 0, 0, 0.83%, 0, 34, 13, 19.72
1570820846, 91, 59, 83, 0, 0, 0.83%, 0, 34, 13, 20.39
1570820887, 91, 60, 83, 0, 0, 0.83%, 0, 34, 13, 18.67
1570820943, 91, 75, 83, 0, 0, 0.83%, 0, 34, 13, 19.08
1570820988, 91, 82, 83, 0, 0, 0.83%, 0, 34, 13, 18.64
1570821163, 92, 3, 83, 0, 0, 0.83%, 0, 34, 13, 19.21
1570821178, 92, 6, 83, 0, 0, 0.83%, 0, 34, 13, 19.45
1570821219, 92, 10, 83, 0, 0, 0.83%, 0, 34, 13, 19.44
1570821255, 92, 15, 83, 0, 0, 0.83%, 0, 34, 13, 19.03
1570821398, 92, 16, 83, 0, 0, 0.83%, 0, 34, 13, 20.03
1570821546, 92, 17, 83, 0, 0, 0.83%, 0, 34, 13, 19.54
1570821581, 92, 18, 83, 0, 0, 0.83%, 0, 34, 13, 19.64
1570821612, 92, 19, 83, 0, 0, 0.83%, 0, 34, 13, 19.21
1570821648, 92, 21, 83, 0, 0, 0.83%, 0, 34, 13, 19.94
1570821679, 92, 22, 83, 0, 0, 0.83%, 0, 34, 13, 19.85
1570821715, 92, 23, 83, 0, 0, 0.83%, 0, 34, 13, 19.23
1570821751, 92, 24, 83, 0, 0, 0.83%, 0, 34, 13, 20.06
1570821786, 92, 28, 83, 0, 0, 0.83%, 0, 34, 13, 19.80
1570821822, 92, 29, 83, 0, 0, 0.83%, 0, 34, 13, 19.84
1570821858, 92, 30, 83, 0, 0, 0.83%, 0, 34, 13, 19.69
1570821899, 92, 31, 83, 0, 0, 0.83%, 0, 34, 13, 19.05
1570821935, 92, 34, 83, 0, 0, 0.83%, 0, 34, 13, 20.10
1570821970, 92, 35, 83, 0, 0, 0.83%, 0, 34, 13, 19.26
1570822001, 92, 36, 83, 0, 0, 0.83%, 0, 34, 13, 19.26
1570822037, 92, 41, 83, 0, 0, 0.83%, 0, 34, 13, 18.89
1570822078, 92, 59, 83, 0, 0, 0.83%, 0, 34, 13, 19.33
1570822113, 92, 60, 83, 0, 0, 0.83%, 0, 34, 13, 19.52
1570822170, 92, 75, 83, 0, 0, 0.83%, 0, 34, 13, 20.05
1570822211, 92, 81, 83, 0, 0, 0.83%, 0, 34, 13, 19.83
1570822380, 93, 3, 83, 0, 0, 0.83%, 0, 34, 13, 20.45
1570822395, 93, 4, 83, 0, 0, 0.83%, 0, 34, 13, 19.54
1570822431, 93, 6, 83, 0, 0, 0.83%, 0, 34, 13, 19.83
1570822472, 93, 10, 83, 0, 0, 0.83%, 0, 34, 13, 19.48
1570822508, 93, 12, 83, 0, 0, 0.83%, 0, 34, 13, 19.61
1570822651, 93, 17, 83, 0, 0, 0.83%, 0, 34, 13, 19.44
1570822686, 93, 18, 83, 0, 0, 0.83%, 0, 34, 13, 19.20
1570822722, 93, 19, 83, 0, 0, 0.83%, 0, 34, 13, 19.34
1570822763, 93, 21, 83, 0, 0, 0.83%, 0, 34, 13, 19.69
1570822799, 93, 22, 83, 0, 0, 0.83%, 0, 34, 13, 19.66
1570822829, 93, 23, 83, 0, 0, 0.83%, 0, 34, 13, 19.70
1570822865, 93, 24, 83, 0, 0, 0.83%, 0, 34, 13, 19.26
1570822906, 93, 28, 83, 0, 0, 0.83%, 0, 34, 13, 20.70
1570822941, 93, 29, 83, 0, 0, 0.83%, 0, 34, 13, 19.48
1570822977, 93, 30, 83, 0, 0, 0.83%, 0, 34, 13, 18.90
1570823018, 93, 31, 83, 0, 0, 0.83%, 0, 34, 13, 19.22
1570823054, 93, 34, 83, 0, 0, 0.83%, 0, 34, 13, 19.47
1570823095, 93, 35, 83, 0, 0, 0.83%, 0, 34, 13, 19.58
1570823130, 93, 36, 83, 0, 0, 0.83%, 0, 34, 13, 19.31
1570823166, 93, 41, 83, 0, 0, 0.83%, 0, 34, 13, 19.18
1570823202, 93, 59, 83, 0, 0, 0.83%, 0, 34, 13, 19.85
1570823243, 93, 60, 83, 0, 0, 0.83%, 0, 34, 13, 18.97
1570823299, 93, 75, 83, 0, 0, 0.83%, 0, 34, 13, 19.33
1570823340, 94, 3, 83, 0, 0, 0.83%, 0, 34, 13, 19.85
1570823356, 94, 6, 83, 0, 0, 0.83%, 0, 34, 13, 19.72
1570823397, 94, 10, 83, 0, 0, 0.83%, 0, 34, 13, 20.11
1570823433, 94, 17, 83, 0, 0, 0.83%, 0, 34, 13, 19.31
1570823468, 94, 18, 83, 0, 0, 0.83%, 0, 34, 13, 19.35
1570823504, 94, 19, 83, 0, 0, 0.83%, 0, 34, 13, 19.29
1570823545, 94, 21, 83, 0, 0, 0.83%, 0, 34, 13, 20.09
1570823581, 94, 22, 83, 0, 0, 0.83%, 0, 34, 13, 19.37
1570823611, 94, 23, 83, 0, 0, 0.83%, 0, 34, 13, 20.70
1570823647, 94, 24, 83, 0, 0, 0.83%, 0, 34, 13, 20.45
1570823682, 94, 28, 83, 0, 0, 0.83%, 0, 34, 13, 19.30
1570823718, 94, 29, 83, 0, 0, 0.83%, 0, 34, 13, 19.59
1570823749, 94, 30, 83, 0, 0, 0.83%, 0, 34, 13, 20.57
1570823789, 94, 31, 83, 0, 0, 0.83%, 0, 34, 13, 19.45
1570823825, 94, 34, 83, 0, 0, 0.83%, 0, 34, 13, 18.93
1570823861, 94, 35, 83, 0, 0, 0.83%, 0, 34, 13, 19.27
1570823892, 94, 36, 83, 0, 0, 0.83%, 0, 34, 13, 19.51
1570823927, 94, 41, 83, 0, 0, 0.83%, 0, 34, 13, 19.07
1570823963, 94, 42, 83, 0, 0, 0.83%, 0, 34, 13, 19.70
1570824112, 94, 56, 83, 0, 0, 0.83%, 0, 34, 13, 19.36
1570824331, 94, 59, 83, 0, 0, 0.83%, 0, 34, 13, 20.26
1570824367, 94, 60, 83, 0, 0, 0.83%, 0, 34, 13, 20.34
1570824423, 94, 75, 83, 0, 0, 0.83%, 0, 34, 13, 19.69
1570824464, 95, 3, 83, 0, 0, 0.83%, 0, 34, 13, 19.35
1570824485, 95, 6, 83, 0, 0, 0.83%, 0, 34, 13, 19.28
1570824520, 95, 7, 83, 0, 0, 0.83%, 0, 34, 13, 19.44
1570824679, 95, 10, 83, 0, 0, 0.83%, 0, 34, 13, 19.29
1570824715, 95, 17, 83, 0, 0, 0.83%, 0, 34, 13, 19.52
1570824751, 95, 18, 83, 0, 0, 0.83%, 0, 34, 13, 19.21
1570824786, 95, 19, 83, 0, 0, 0.83%, 0, 34, 13, 19.04
1570824822, 95, 21, 83, 0, 0, 0.83%, 0, 34, 13, 19.71
1570824859, 95, 22, 83, 0, 0, 0.83%, 0, 34, 13, 19.78
1570824894, 95, 23, 83, 0, 0, 0.83%, 0, 34, 13, 20.24
1570824930, 95, 24, 83, 0, 0, 0.83%, 0, 34, 13, 19.10
1570824966, 95, 28, 83, 0, 0, 0.83%, 0, 34, 13, 20.69
1570825002, 95, 29, 83, 0, 0, 0.83%, 0, 34, 13, 19.85
1570825038, 95, 30, 83, 0, 0, 0.83%, 0, 34, 13, 19.08
1570825074, 95, 31, 83, 0, 0, 0.83%, 0, 34, 13, 19.35
1570825109, 95, 34, 83, 0, 0, 0.83%, 0, 34, 13, 19.41
1570825145, 95, 35, 83, 0, 0, 0.83%, 0, 34, 13, 19.86
1570825186, 95, 36, 83, 0, 0, 0.83%, 0, 34, 13, 19.23
1570825217, 95, 41, 83, 0, 0, 0.83%, 0, 34, 13, 19.25
1570825253, 95, 59, 83, 0, 0, 0.83%, 0, 34, 13, 19.32
1570825294, 95, 60, 83, 0, 0, 0.83%, 0, 34, 13, 18.87
1570825350, 95, 75, 83, 0, 0, 0.83%, 0, 34, 13, 19.00
1570825397, 95, 77, 83, 0, 0, 0.83%, 0, 34, 13, 20.02
1570825565, 96, 3, 83, 0, 0, 0.83%, 0, 34, 13, 19.68
1570825585, 96, 6, 83, 0, 0, 0.83%, 0, 34, 13, 19.57
1570825621, 96, 10, 83, 0, 0, 0.83%, 0, 34, 13, 19.30
1570825657, 96, 17, 83, 0, 0, 0.83%, 0, 34, 13, 19.34
1570825693, 96, 18, 83, 0, 0, 0.83%, 0, 34, 13, 19.80
1570825723, 96, 19, 83, 0, 0, 0.83%, 0, 34, 13, 19.52
1570825764, 96, 21, 83, 0, 0, 0.83%, 0, 34, 13, 19.94
1570825795, 96, 22, 83, 0, 0, 0.83%, 0, 34, 13, 19.71
1570825830, 96, 23, 83, 0, 0, 0.83%, 0, 34, 13, 19.37
1570825866, 96, 24, 83, 0, 0, 0.83%, 0, 34, 13, 19.14
1570825902, 96, 28, 83, 0, 0, 0.83%, 0, 34, 13, 20.22
1570825938, 96, 29, 83, 0, 0, 0.83%, 0, 34, 13, 19.76
1570825973, 96, 30, 83, 0, 0, 0.83%, 0, 34, 13, 20.39
1570826015, 96, 31, 83, 0, 0, 0.83%, 0, 34, 13, 19.67
1570826051, 96, 34, 83, 0, 0, 0.83%, 0, 34, 13, 19.91
1570826087, 96, 35, 83, 0, 0, 0.83%, 0, 34, 13, 19.38
1570826122, 96, 36, 83, 0, 0, 0.83%, 0, 34, 13, 19.79
1570826153, 96, 41, 83, 0, 0, 0.83%, 0, 34, 13, 19.87
1570826189, 96, 42, 83, 0, 0, 0.83%, 0, 34, 13, 19.98
1570826342, 96, 43, 83, 0, 0, 0.83%, 0, 34, 13, 19.38
1570826495, 96, 58, 83, 0, 0, 0.83%, 0, 34, 13, 18.91
1570826726, 96, 59, 83, 0, 0, 0.83%, 0, 34, 13, 19.99
1570826762, 96, 60, 83, 0, 0, 0.83%, 0, 34, 13, 19.95
1570826818, 96, 67, 83, 0, 0, 0.83%, 0, 34, 13, 19.68
1570827038, 96, 68, 83, 0, 0, 0.83%, 0, 34, 13, 19.52
1570827258, 96, 70, 83, 0, 0, 0.83%, 0, 34, 13, 20.44
1570827478, 96, 75, 83, 0, 0, 0.83%, 0, 34, 13, 19.57
1570827519, 97, 3, 83, 0, 0, 0.83%, 0, 34, 13, 19.90
1570827534, 97, 6, 83, 0, 0, 0.83%, 0, 34, 13, 20.07
1570827570, 97, 10, 83, 0, 0, 0.83%, 0, 34, 13, 20.34
1570827611, 97, 17, 83, 0, 0, 0.83%, 0, 34, 13, 19.92
1570827642, 97, 18, 83, 0, 0, 0.83%, 0, 34, 13, 20.00
1570827678, 97, 19, 83, 0, 0, 0.83%, 0, 34, 13, 19.81
1570827708, 97, 20, 83, 0, 0, 0.83%, 0, 34, 13, 20.83
1570827841, 97, 21, 83, 0, 0, 0.83%, 0, 34, 13, 20.66
1570827877, 97, 22, 83, 0, 0, 0.83%, 0, 34, 13, 20.51
1570827908, 97, 23, 83, 0, 0, 0.83%, 0, 34, 13, 20.63
1570827938, 97, 24, 83, 0, 0, 0.83%, 0, 34, 13, 19.84
1570827974, 97, 28, 83, 0, 0, 0.83%, 0, 34, 13, 19.69
1570828010, 97, 29, 83, 0, 0, 0.83%, 0, 34, 13, 19.95
1570828051, 97, 30, 83, 0, 0, 0.83%, 0, 34, 13, 18.95
1570828087, 97, 31, 83, 0, 0, 0.83%, 0, 34, 13, 20.05
1570828122, 97, 34, 83, 0, 0, 0.83%, 0, 34, 13, 20.24
1570828153, 97, 35, 83, 0, 0, 0.83%, 0, 34, 13, 20.10
1570828189, 97, 36, 83, 0, 0, 0.83%, 0, 34, 13, 19.50
1570828224, 97, 39, 83, 0, 0, 0.83%, 0, 34, 13, 20.06
1570828367, 97, 41, 83, 0, 0, 0.83%, 0, 34, 13, 20.24
1570828402, 97, 59, 83, 0, 0, 0.83%, 0, 34, 13, 19.92
1570828438, 97, 60, 83, 0, 0, 0.83%, 0, 34, 13, 20.87
1570828489, 97, 75, 83, 0, 0, 0.83%, 0, 34, 13, 20.50
1570828530, 98, 3, 83, 0, 0, 0.83%, 0, 34, 13, 20.10
1570828551, 98, 6, 83, 0, 0, 0.83%, 0, 34, 13, 20.24
1570828587, 98, 10, 83, 0, 0, 0.83%, 0, 34, 13, 21.00
1570828623, 98, 17, 83, 0, 0, 0.83%, 0, 34, 13, 20.15
1570828654, 98, 18, 83, 0, 0, 0.83%, 0, 34, 13, 19.96
1570828690, 98, 19, 83, 0, 0, 0.83%, 0, 34, 13, 20.04
1570828725, 98, 21, 83, 0, 0, 0.83%, 0, 34, 13, 19.38
1570828761, 98, 22, 83, 0, 0, 0.83%, 0, 34, 13, 19.40
1570828791, 98, 23, 83, 0, 0, 0.83%, 0, 34, 13, 19.08
1570828827, 98, 24, 83, 0, 0, 0.83%, 0, 34, 13, 19.71
1570828867, 98, 28, 83, 0, 0, 0.83%, 0, 34, 13, 19.54
1570828903, 98, 29, 83, 0, 0, 0.83%, 0, 34, 13, 19.14
1570828939, 98, 30, 83, 0, 0, 0.83%, 0, 34, 13, 19.19
1570828980, 98, 31, 83, 0, 0, 0.83%, 0, 34, 13, 19.17
1570829016, 98, 34, 83, 0, 0, 0.83%, 0, 34, 13, 19.38
1570829051, 98, 35, 83, 0, 0, 0.83%, 0, 34, 13, 19.38
1570829087, 98, 36, 83, 0, 0, 0.83%, 0, 34, 13, 19.13
1570829118, 98, 41, 83, 0, 0, 0.83%, 0, 34, 13, 19.22
1570829159, 98, 45, 83, 0, 0, 0.83%, 0, 34, 13, 19.44
1570829312, 98, 59, 83, 0, 0, 0.83%, 0, 34, 13, 19.41
1570829347, 98, 60, 83, 0, 0, 0.83%, 0, 34, 13, 19.38
1570829404, 98, 66, 83, 0, 0, 0.83%, 0, 34, 13, 19.25
1570829629, 98, 75, 83, 0, 0, 0.83%, 0, 34, 13, 19.83
1570829670, 99, 3, 83, 0, 0, 0.83%, 0, 34, 13, 20.18
1570829685, 99, 6, 83, 0, 0, 0.83%, 0, 34, 13, 20.16
1570829721, 99, 10, 83, 0, 0, 0.83%, 0, 34, 13, 21.14
1570829757, 99, 17, 83, 0, 0, 0.83%, 0, 34, 13, 19.71
1570829793, 99, 18, 83, 0, 0, 0.83%, 0, 34, 13, 19.76
1570829828, 99, 19, 83, 0, 0, 0.83%, 0, 34, 13, 19.32
1570829864, 99, 21, 83, 0, 0, 0.83%, 0, 34, 13, 19.29
1570829899, 99, 22, 83, 0, 0, 0.83%, 0, 34, 13, 19.64
1570829935, 99, 23, 83, 0, 0, 0.83%, 0, 34, 13, 19.50
1570829976, 99, 24, 83, 0, 0, 0.83%, 0, 34, 13, 19.38
1570830007, 99, 28, 83, 0, 0, 0.83%, 0, 34, 13, 19.32
1570830042, 99, 29, 83, 0, 0, 0.83%, 0, 34, 13, 19.36
1570830083, 99, 30, 83, 0, 0, 0.83%, 0, 34, 13, 18.87
1570830119, 99, 31, 83, 0, 0, 0.83%, 0, 34, 13, 19.58
1570830155, 99, 34, 83, 0, 0, 0.83%, 0, 34, 13, 19.85
1570830191, 99, 35, 83, 0, 0, 0.83%, 0, 34, 13, 20.31
1570830226, 99, 36, 83, 0, 0, 0.83%, 0, 34, 13, 18.97
1570830257, 99, 38, 83, 0, 0, 0.83%, 0, 34, 13, 19.34
1570830389, 99, 41, 83, 0, 0, 0.83%, 0, 34, 13, 19.89
1570830425, 99, 48, 83, 0, 0, 0.83%, 0, 34, 13, 19.51
1570830573, 99, 59, 83, 0, 0, 0.83%, 0, 34, 13, 19.65
1570830609, 99, 60, 83, 0, 0, 0.83%, 0, 34, 13, 19.71
1570830665, 99, 75, 83, 0, 0, 0.83%, 0, 34, 13, 20.39
1570830706, 100, 3, 83, 0, 0, 0.83%, 0, 34, 13, 19.79
1570830721, 100, 6, 83, 0, 0, 0.83%, 0, 34, 13, 20.02
1570830762, 100, 10, 83, 0, 0, 0.83%, 0, 34, 13, 20.19
1570830798, 100, 17, 83, 0, 0, 0.83%, 0, 34, 13, 20.17
1570830828, 100, 18, 83, 0, 0, 0.83%, 0, 34, 13, 19.62
1570830864, 100, 19, 83, 0, 0, 0.83%, 0, 34, 13, 20.19
1570830900, 100, 21, 83, 0, 0, 0.83%, 0, 34, 13, 20.01
1570830930, 100, 22, 83, 0, 0, 0.83%, 0, 34, 13, 19.99
1570830971, 100, 23, 83, 0, 0, 0.83%, 0, 34, 13, 20.02
1570831007, 100, 24, 83, 0, 0, 0.83%, 0, 34, 13, 19.96
1570831038, 100, 28, 83, 0, 0, 0.83%, 0, 34, 13, 19.96
1570831074, 100, 29, 83, 0, 0, 0.83%, 0, 34, 13, 20.34
1570831110, 100, 30, 83, 0, 0, 0.83%, 0, 34, 13, 19.92
1570831146, 100, 31, 83, 0, 0, 0.83%, 0, 34, 13, 19.91
1570831182, 100, 34, 83, 0, 0, 0.83%, 0, 34, 13, 20.08
1570831218, 100, 35, 83, 0, 0, 0.83%, 0, 34, 13, 19.60
1570831254, 100, 36, 83, 0, 0, 0.83%, 0, 34, 13, 19.28
1570831290, 100, 41, 83, 0, 0, 0.83%, 0, 34, 13, 19.39
1570831330, 100, 52, 83, 0, 0, 0.83%, 0, 34, 13, 19.16
1570831555, 100, 54, 83, 0, 0, 0.83%, 0, 34, 13, 19.76
1570831708, 100, 59, 83, 0, 0, 0.83%, 0, 34, 13, 19.12
1570831749, 100, 60, 83, 0, 0, 0.83%, 0, 34, 13, 19.11
1570831800, 100, 75, 83, 0, 0, 0.83%, 0, 34, 13, 19.14
1570831846, 100, 80, 83, 0, 0, 0.83%, 0, 34, 13, 19.49
1570831959, 101, 3, 83, 0, 0, 0.83%, 0, 34, 13, 19.52
1570831979, 101, 5, 83, 0, 0, 0.83%, 0, 34, 13, 19.12
1570832117, 101, 6, 83, 0, 0, 0.83%, 0, 34, 13, 19.75
1570832153, 101, 10, 83, 0, 0, 0.83%, 0, 34, 13, 19.17
1570832193, 101, 17, 83, 0, 0, 0.83%, 0, 34, 13, 19.54
1570832224, 101, 18, 83, 0, 0, 0.83%, 0, 34, 13, 19.26
1570832255, 101, 19, 83, 0, 0, 0.83%, 0, 34, 13, 19.95
1570832291, 101, 21, 83, 0, 0, 0.83%, 0, 34, 13, 19.44
1570832326, 101, 22, 83, 0, 0, 0.83%, 0, 34, 13, 20.19
1570832362, 101, 23, 83, 0, 0, 0.83%, 0, 34, 13, 19.41
1570832398, 101, 24, 83, 0, 0, 0.83%, 0, 34, 13, 19.98
1570832433, 101, 28, 83, 0, 0, 0.83%, 0, 34, 13, 19.81
1570832469, 101, 29, 83, 0, 0, 0.83%, 0, 34, 13, 20.14
1570832505, 101, 30, 83, 0, 0, 0.83%, 0, 34, 13, 20.02
1570832541, 101, 31, 83, 0, 0, 0.83%, 0, 34, 13, 19.84
1570832576, 101, 34, 83, 0, 0, 0.83%, 0, 34, 13, 19.88
1570832612, 101, 35, 83, 0, 0, 0.83%, 0, 34, 13, 19.72
1570832648, 101, 36, 83, 0, 0, 0.83%, 0, 34, 13, 20.04
1570832679, 101, 41, 83, 0, 0, 0.83%, 0, 34, 13, 20.40
1570832719, 101, 51, 83, 0, 0, 0.83%, 0, 34, 13, 18.73
1570832863, 101, 52, 83, 0, 0, 0.83%, 0, 34, 13, 20.81
1570833078, 101, 54, 83, 0, 0, 0.83%, 0, 34, 13, 19.76
1570833231, 101, 59, 83, 0, 0, 0.83%, 0, 34, 13, 18.64
1570833267, 101, 60, 83, 0, 0, 0.83%, 0, 34, 13, 19.35
1570833328, 101, 68, 83, 0, 0, 0.83%, 0, 34, 13, 19.64
1570833553, 101, 75, 83, 0, 0, 0.83%, 0, 34, 13, 19.85
1570833594, 102, 1, 83, 0, 0, 0.83%, 0, 34, 13, 19.81
1570833609, 102, 3, 83, 0, 0, 0.83%, 0, 34, 13, 19.96
1570833630, 102, 6, 83, 0, 0, 0.83%, 0, 34, 13, 19.51
1570833665, 102, 10, 83, 0, 0, 0.83%, 0, 34, 13, 20.26
1570833706, 102, 12, 83, 0, 0, 0.83%, 0, 34, 13, 19.71
1570833824, 102, 17, 83, 0, 0, 0.83%, 0, 34, 13, 20.58
1570833859, 102, 18, 83, 0, 0, 0.83%, 0, 34, 13, 19.98
1570833895, 102, 19, 83, 0, 0, 0.83%, 0, 34, 13, 19.80
1570833926, 102, 21, 83, 0, 0, 0.83%, 0, 34, 13, 20.17
1570833961, 102, 22, 83, 0, 0, 0.83%, 0, 34, 13, 19.29
1570833997, 102, 23, 83, 0, 0, 0.83%, 0, 34, 13, 19.44
1570834033, 102, 24, 83, 0, 0, 0.83%, 0, 34, 13, 19.98
1570834064, 102, 27, 83, 0, 0, 0.83%, 0, 34, 13, 19.75
1570834222, 102, 28, 83, 0, 0, 0.83%, 0, 34, 13, 18.77
1570834258, 102, 29, 83, 0, 0, 0.83%, 0, 34, 13, 19.72
1570834299, 102, 30, 83, 0, 0, 0.83%, 0, 34, 13, 19.17
1570834334, 102, 31, 83, 0, 0, 0.83%, 0, 34, 13, 18.95
1570834375, 102, 34, 83, 0, 0, 0.83%, 0, 34, 13, 19.36
1570834411, 102, 35, 83, 0, 0, 0.83%, 0, 34, 13, 18.95
1570834446, 102, 36, 83, 0, 0, 0.83%, 0, 34, 13, 19.24
1570834482, 102, 41, 83, 0, 0, 0.83%, 0, 34, 13, 19.85
1570834523, 102, 59, 83, 0, 0, 0.83%, 0, 34, 13, 18.89
1570834559, 102, 60, 83, 0, 0, 0.83%, 0, 34, 13, 19.21
1570834620, 102, 69, 83, 0, 0, 0.83%, 0, 34, 13, 19.23
1570834840, 102, 75, 83, 0, 0, 0.83%, 0, 34, 13, 20.14
1570834881, 102, 79, 83, 0, 0, 0.83%, 0, 34, 13, 20.08
1570835050, 103, 3, 83, 0, 0, 0.83%, 0, 34, 13, 19.64
1570835070, 103, 6, 83, 0, 0, 0.83%, 0, 34, 13, 19.34
1570835106, 103, 10, 83, 0, 0, 0.83%, 0, 34, 13, 19.40
1570835147, 103, 17, 83, 0, 0, 0.83%, 0, 34, 13, 19.38
1570835178, 103, 18, 83, 0, 0, 0.83%, 0, 34, 13, 19.65
1570835218, 103, 19, 83, 0, 0, 0.83%, 0, 34, 13, 19.19
1570835254, 103, 21, 83, 0, 0, 0.83%, 0, 34, 13, 19.01
1570835290, 103, 22, 83, 0, 0, 0.83%, 0, 34, 13, 19.69
1570835326, 103, 23, 83, 0, 0, 0.83%, 0, 34, 13, 19.57
1570835367, 103, 24, 83, 0, 0, 0.83%, 0, 34, 13, 19.72
1570835402, 103, 25, 83, 0, 0, 0.83%, 0, 34, 13, 19.41
1570835546, 103, 26, 83, 0, 0, 0.83%, 0, 34, 13, 19.88
1570835699, 103, 28, 83, 0, 0, 0.83%, 0, 34, 13, 18.78
1570835735, 103, 29, 83, 0, 0, 0.83%, 0, 34, 13, 19.84
1570835771, 103, 30, 83, 0, 0, 0.83%, 0, 34, 13, 19.45
1570835812, 103, 31, 83, 0, 0, 0.83%, 0, 34, 13, 18.77
1570835847, 103, 34, 83, 0, 0, 0.83%, 0, 34, 13, 19.82
1570835883, 103, 35, 83, 0, 0, 0.83%, 0, 34, 13, 19.05
1570835919, 103, 36, 83, 0, 0, 0.83%, 0, 34, 13, 19.23
1570835954, 103, 37, 83, 0, 0, 0.83%, 0, 34, 13, 19.10
1570836107, 103, 41, 83, 0, 0, 0.83%, 0, 34, 13, 19.21
1570836148, 103, 59, 83, 0, 0, 0.83%, 0, 34, 13, 19.82
1570836184, 103, 60, 83, 0, 0, 0.83%, 0, 34, 13, 19.78
1570836240, 103, 70, 83, 0, 0, 0.83%, 0, 34, 13, 20.14
1570836461, 103, 75, 83, 0, 0, 0.83%, 0, 34, 13, 19.88
1570836502, 103, 82, 83, 0, 0, 0.83%, 0, 34, 13, 20.35
1570836666, 104, 3, 83, 0, 0, 0.83%, 0, 34, 13, 19.82
1570836686, 104, 6, 83, 0, 0, 0.83%, 0, 34, 13, 20.16
1570836722, 104, 10, 83, 0, 0, 0.83%, 0, 34, 13, 20.03
1570836758, 104, 17, 83, 0, 0, 0.83%, 0, 34, 13, 19.57
1570836794, 104, 18, 83, 0, 0, 0.83%, 0, 34, 13, 19.74
1570836830, 104, 19, 83, 0, 0, 0.83%, 0, 34, 13, 19.71
1570836865, 104, 21, 83, 0, 0, 0.83%, 0, 34, 13, 19.59
1570836901, 104, 22, 83, 0, 0, 0.83%, 0, 34, 13, 19.24
1570836937, 104, 23, 83, 0, 0, 0.83%, 0, 34, 13, 19.42
1570836973, 104, 24, 83, 0, 0, 0.83%, 0, 34, 13, 19.23
1570837009, 104, 28, 83, 0, 0, 0.83%, 0, 34, 13, 19.14
1570837045, 104, 29, 83, 0, 0, 0.83%, 0, 34, 13, 19.57
1570837086, 104, 30, 83, 0, 0, 0.83%, 0, 34, 13, 18.65
1570837122, 104, 31, 83, 0, 0, 0.83%, 0, 34, 13, 18.79
1570837163, 104, 34, 83, 0, 0, 0.83%, 0, 34, 13, 19.03
1570837193, 104, 35, 83, 0, 0, 0.83%, 0, 34, 13, 18.44
1570837229, 104, 36, 83, 0, 0, 0.83%, 0, 34, 13, 18.84
1570837270, 104, 41, 83, 0, 0, 0.83%, 0, 34, 13, 18.42
1570837306, 104, 56, 83, 0, 0, 0.83%, 0, 34, 13, 19.10
1570837536, 104, 59, 83, 0, 0, 0.83%, 0, 34, 13, 19.23
1570837577, 104, 60, 83, 0, 0, 0.83%, 0, 34, 13, 19.25
1570837633, 104, 75, 83, 0, 0, 0.83%, 0, 34, 13, 19.86
1570837674, 104, 80, 83, 0, 0, 0.83%, 0, 34, 13, 19.96
1570837782, 105, 3, 83, 0, 0, 0.83%, 0, 34, 13, 20.26
1570837803, 105, 6, 83, 0, 0, 0.83%, 0, 34, 13, 20.27
1570837838, 105, 10, 83, 0, 0, 0.83%, 0, 34, 13, 19.54
1570837874, 105, 17, 83, 0, 0, 0.83%, 0, 34, 13, 19.34
1570837909, 105, 18, 83, 0, 0, 0.83%, 0, 34, 13, 20.06
1570837940, 105, 19, 83, 0, 0, 0.83%, 0, 34, 13, 19.91
1570837976, 105, 21, 83, 0, 0, 0.83%, 0, 34, 13, 20.33
1570838011, 105, 22, 83, 0, 0, 0.83%, 0, 34, 13, 19.31
1570838047, 105, 23, 83, 0, 0, 0.83%, 0, 34, 13, 19.86
1570838088, 105, 24, 83, 0, 0, 0.83%, 0, 34, 13, 19.99
1570838124, 105, 28, 83, 0, 0, 0.83%, 0, 34, 13, 19.83
1570838154, 105, 29, 83, 0, 0, 0.83%, 0, 34, 13, 19.83
1570838190, 105, 30, 83, 0, 0, 0.83%, 0, 34, 13, 19.87
1570838231, 105, 31, 83, 0, 0, 0.83%, 0, 34, 13, 19.51
1570838267, 105, 34, 83, 0, 0, 0.83%, 0, 34, 13, 19.37
1570838302, 105, 35, 83, 0, 0, 0.83%, 0, 34, 13, 19.70
1570838338, 105, 36, 83, 0, 0, 0.83%, 0, 34, 13, 18.99
1570838374, 105, 41, 83, 0, 0, 0.83%, 0, 34, 13, 19.51
1570838414, 105, 56, 83, 0, 0, 0.83%, 0, 34, 13, 19.31
1570838639, 105, 59, 83, 0, 0, 0.83%, 0, 34, 13, 19.53
1570838674, 105, 60, 83, 0, 0, 0.83%, 0, 34, 13, 19.85
1570838731, 105, 75, 83, 0, 0, 0.83%, 0, 34, 13, 19.77
1570838772, 105, 81, 83, 0, 0, 0.83%, 0, 34, 13, 19.23
1570838935, 106, 3, 83, 0, 0, 0.83%, 0, 34, 13, 19.52
1570838956, 106, 6, 83, 0, 0, 0.83%, 0, 34, 13, 19.23
1570838991, 106, 10, 83, 0, 0, 0.83%, 0, 34, 13, 19.36
1570839032, 106, 17, 83, 0, 0, 0.83%, 0, 34, 13, 19.25
1570839068, 106, 18, 83, 0, 0, 0.83%, 0, 34, 13, 19.42
1570839109, 106, 19, 83, 0, 0, 0.83%, 0, 34, 13, 19.35
1570839144, 106, 21, 83, 0, 0, 0.83%, 0, 34, 13, 19.01
1570839180, 106, 22, 83, 0, 0, 0.83%, 0, 34, 13, 19.10
1570839216, 106, 23, 83, 0, 0, 0.83%, 0, 34, 13, 19.55
1570839257, 106, 24, 83, 0, 0, 0.83%, 0, 34, 13, 19.24
1570839292, 106, 28, 83, 0, 0, 0.83%, 0, 34, 13, 19.33
1570839328, 106, 29, 83, 0, 0, 0.83%, 0, 34, 13, 20.13
1570839364, 106, 30, 83, 0, 0, 0.83%, 0, 34, 13, 19.04
1570839405, 106, 31, 83, 0, 0, 0.83%, 0, 34, 13, 19.09
1570839441, 106, 34, 83, 0, 0, 0.83%, 0, 34, 13, 19.74
1570839477, 106, 35, 83, 0, 0, 0.83%, 0, 34, 13, 19.49
1570839512, 106, 36, 83, 0, 0, 0.83%, 0, 34, 13, 19.11
1570839553, 106, 41, 83, 0, 0, 0.83%, 0, 34, 13, 19.17
1570839589, 106, 50, 83, 0, 0, 0.83%, 0, 34, 13, 20.16
1570839738, 106, 59, 83, 0, 0, 0.83%, 0, 34, 13, 20.52
1570839773, 106, 60, 83, 0, 0, 0.83%, 0, 34, 13, 20.07
1570839830, 106, 62, 83, 0, 0, 0.83%, 0, 34, 13, 20.21
1570840049, 106, 66, 83, 0, 0, 0.83%, 0, 34, 13, 19.67
1570840275, 106, 75, 83, 0, 0, 0.83%, 0, 34, 13, 19.85
1570840316, 106, 78, 83, 0, 0, 0.83%, 0, 34, 13, 19.74
1570840480, 106, 80, 83, 0, 0, 0.83%, 0, 34, 13, 19.96
1570840592, 106, 81, 83, 0, 0, 0.83%, 0, 34, 13, 19.17
1570840761, 107, 3, 83, 0, 0, 0.83%, 0, 34, 13, 19.38
1570840776, 107, 6, 83, 0, 0, 0.83%, 0, 34, 13, 19.31
1570840817, 107, 10, 83, 0, 0, 0.83%, 0, 34, 13, 19.57
1570840853, 107, 17, 83, 0, 0, 0.83%, 0, 34, 13, 18.73
1570840894, 107, 18, 83, 0, 0, 0.83%, 0, 34, 13, 19.28
1570840930, 107, 19, 83, 0, 0, 0.83%, 0, 34, 13, 19.63
1570840966, 107, 21, 83, 0, 0, 0.83%, 0, 34, 13, 19.76
1570840996, 107, 22, 83, 0, 0, 0.83%, 0, 34, 13, 19.49
1570841032, 107, 23, 83, 0, 0, 0.83%, 0, 34, 13, 19.68
1570841068, 107, 24, 83, 0, 0, 0.83%, 0, 34, 13, 19.81
1570841104, 107, 28, 83, 0, 0, 0.83%, 0, 34, 13, 18.97
1570841140, 107, 29, 83, 0, 0, 0.83%, 0, 34, 13, 19.76
1570841181, 107, 30, 83, 0, 0, 0.83%, 0, 34, 13, 19.18
1570841222, 107, 31, 83, 0, 0, 0.83%, 0, 34, 13, 19.09
1570841258, 107, 34, 83, 0, 0, 0.83%, 0, 34, 13, 19.14
1570841294, 107, 35, 83, 0, 0, 0.83%, 0, 34, 13, 19.12
1570841330, 107, 36, 83, 0, 0, 0.83%, 0, 34, 13, 19.19
1570841365, 107, 39, 83, 0, 0, 0.83%, 0, 34, 13, 19.52
1570841518, 107, 41, 83, 0, 0, 0.83%, 0, 34, 13, 19.11
1570841554, 107, 45, 83, 0, 0, 0.83%, 0, 34, 13, 19.09
1570841702, 107, 54, 83, 0, 0, 0.83%, 0, 34, 13, 19.39
1570841860, 107, 59, 83, 0, 0, 0.83%, 0, 34, 13, 18.58
1570841895, 107, 60, 83, 0, 0, 0.83%, 0, 34, 13, 19.08
1570841952, 107, 75, 83, 0, 0, 0.83%, 0, 34, 13, 20.03
1570841993, 107, 76, 83, 0, 0, 0.83%, 0, 34, 13, 19.89
1570842162, 108, 3, 83, 0, 0, 0.83%, 0, 34, 13, 20.43
1570842177, 108, 6, 83, 0, 0, 0.83%, 0, 34, 13, 20.32
1570842212, 108, 10, 83, 0, 0, 0.83%, 0, 34, 13, 20.05
1570842253, 108, 17, 83, 0, 0, 0.83%, 0, 34, 13, 20.17
1570842284, 108, 18, 83, 0, 0, 0.83%, 0, 34, 13, 19.74
1570842320, 108, 19, 83, 0, 0, 0.83%, 0, 34, 13, 20.08
1570842356, 108, 21, 83, 0, 0, 0.83%, 0, 34, 13, 20.09
1570842392, 108, 22, 83, 0, 0, 0.83%, 0, 34, 13, 19.49
1570842427, 108, 23, 83, 0, 0, 0.83%, 0, 34, 13, 19.31
1570842463, 108, 24, 83, 0, 0, 0.83%, 0, 34, 13, 19.94
1570842499, 108, 28, 83, 0, 0, 0.83%, 0, 34, 13, 20.27
1570842535, 108, 29, 83, 0, 0, 0.83%, 0, 34, 13, 20.48
1570842571, 108, 30, 83, 0, 0, 0.83%, 0, 34, 13, 19.55
1570842606, 108, 31, 83, 0, 0, 0.83%, 0, 34, 13, 18.85
1570842642, 108, 34, 83, 0, 0, 0.83%, 0, 34, 13, 19.97
1570842673, 108, 35, 83, 0, 0, 0.83%, 0, 34, 13, 19.34
1570842709, 108, 36, 83, 0, 0, 0.83%, 0, 34, 13, 19.88
1570842739, 108, 41, 83, 0, 0, 0.83%, 0, 34, 13, 18.91
1570842780, 108, 44, 83, 0, 0, 0.83%, 0, 34, 13, 19.97
1570842928, 108, 59, 83, 0, 0, 0.83%, 0, 34, 13, 19.70
1570842964, 108, 60, 83, 0, 0, 0.83%, 0, 34, 13, 19.36
1570843020, 108, 75, 83, 0, 0, 0.83%, 0, 34, 13, 19.74
1570843061, 109, 3, 83, 0, 0, 0.83%, 0, 34, 13, 19.63
