# unix_time, cycles_done, cur_path, paths_total, pending_total, pending_favs, map_size, unique_crashes, unique_hangs, max_depth, execs_per_sec
1567491549, 0, 0, 1, 1, 1, 1.71%, 0, 0, 1, 0.00
1567491554, 2, 0, 2, 1, 0, 1.81%, 0, 0, 2, 405.91
1567491560, 2, 1, 3, 2, 0, 1.81%, 0, 0, 3, 405.86
1567491570, 2, 2, 4, 2, 0, 1.83%, 0, 0, 4, 402.41
1567491580, 2, 3, 4, 1, 0, 1.83%, 0, 0, 4, 418.46
1567491585, 2, 3, 5, 2, 0, 1.84%, 0, 0, 5, 409.97
1567491600, 2, 3, 6, 3, 0, 1.84%, 0, 0, 5, 406.94
1567491621, 2, 3, 7, 4, 0, 1.84%, 0, 0, 5, 409.57
1567491667, 2, 4, 7, 3, 0, 1.84%, 0, 0, 5, 418.41
1567491698, 2, 5, 7, 2, 0, 1.84%, 0, 0, 5, 408.35
1567491708, 2, 5, 8, 3, 0, 1.84%, 0, 0, 6, 408.38
1567491749, 2, 5, 9, 4, 0, 1.84%, 0, 0, 6, 410.52
1567491754, 2, 5, 10, 5, 0, 1.84%, 0, 0, 6, 411.26
1567491770, 2, 5, 11, 6, 0, 1.85%, 0, 0, 6, 413.87
1567491882, 2, 8, 11, 5, 0, 1.85%, 0, 0, 6, 417.34
1567491927, 2, 8, 12, 6, 0, 1.95%, 0, 0, 7, 412.45
1567492060, 2, 8, 13, 7, 0, 1.95%, 0, 0, 7, 405.52
1567492080, 2, 11, 13, 6, 0, 1.95%, 0, 0, 7, 418.01
1567492192, 2, 11, 14, 7, 0, 1.95%, 0, 0, 8, 419.78
1567492274, 3, 11, 14, 6, 0, 1.95%, 0, 0, 8, 414.89
1567492279, 3, 12, 14, 6, 0, 1.95%, 0, 0, 8, 413.51
1567492310, 4, 6, 14, 5, 0, 1.95%, 0, 0, 8, 406.00
1567492331, 4, 7, 14, 4, 0, 1.95%, 0, 0, 8, 422.17
1567492336, 4, 7, 15, 5, 0, 1.95%, 0, 0, 8, 413.06
1567492422, 4, 7, 16, 6, 0, 1.95%, 0, 0, 8, 407.81
1567492519, 4, 8, 16, 5, 0, 1.95%, 0, 0, 8, 407.17
1567492525, 5, 0, 16, 5, 0, 1.95%, 0, 0, 8, 409.30
1567492530, 6, 13, 16, 5, 0, 1.95%, 0, 0, 8, 413.02
1567492729, 7, 7, 16, 4, 0, 1.95%, 0, 0, 8, 413.57
1567492739, 8, 14, 16, 4, 0, 1.95%, 0, 0, 8, 409.29
1567492944, 9, 0, 16, 3, 0, 1.95%, 0, 0, 8, 412.89
1567492950, 9, 1, 16, 3, 0, 1.95%, 0, 0, 8, 411.38
1567492955, 9, 10, 16, 3, 0, 1.95%, 0, 0, 8, 412.39
1567493144, 9, 15, 16, 2, 0, 1.95%, 0, 0, 8, 416.87
1567493344, 10, 0, 16, 1, 0, 1.95%, 0, 0, 8, 406.55
1567493349, 10, 9, 16, 1, 0, 1.95%, 0, 0, 8, 409.27
1567493539, 11, 0, 16, 0, 0, 1.95%, 0, 0, 8, 407.88
1567493544, 12, 0, 16, 0, 0, 1.95%, 0, 0, 8, 401.64
1567493549, 12, 4, 16, 0, 0, 1.95%, 0, 0, 8, 402.80
1567493554, 13, 0, 16, 0, 0, 1.95%, 0, 0, 8, 403.15
1567493560, 14, 3, 16, 0, 0, 1.95%, 0, 0, 8, 399.21
1567493565, 14, 6, 16, 0, 0, 1.95%, 0, 0, 8, 403.67
1567493575, 15, 9, 16, 0, 0, 1.95%, 0, 0, 8, 411.32
1567493585, 16, 2, 16, 0, 0, 1.95%, 0, 0, 8, 409.47
1567493590, 18, 0, 16, 0, 0, 1.95%, 0, 0, 8, 408.86
1567493595, 19, 0, 16, 0, 0, 1.95%, 0, 0, 8, 409.69
1567493600, 20, 0, 16, 0, 0, 1.95%, 0, 0, 8, 410.45
1567493606, 21, 0, 16, 0, 0, 1.95%, 0, 0, 8, 402.02
1567493611, 21, 10, 16, 0, 0, 1.95%, 0, 0, 8, 402.83
1567493616, 21, 13, 16, 0, 0, 1.95%, 0, 0, 8, 405.81
1567493626, 22, 0, 16, 0, 0, 1.95%, 0, 0, 8, 404.65
1567493631, 23, 8, 16, 0, 0, 1.95%, 0, 0, 8, 410.95
1567493636, 24, 12, 16, 0, 0, 1.95%, 0, 0, 8, 406.05
1567493642, 25, 0, 16, 0, 0, 1.95%, 0, 0, 8, 414.60
1567493647, 26, 0, 16, 0, 0, 1.95%, 0, 0, 8, 417.54
1567493652, 27, 6, 16, 0, 0, 1.95%, 0, 0, 8, 417.09
1567493657, 29, 3, 16, 0, 0, 1.95%, 0, 0, 8, 419.12
1567493662, 31, 0, 16, 0, 0, 1.95%, 0, 0, 8, 419.96
1567493667, 32, 0, 16, 0, 0, 1.95%, 0, 0, 8, 418.91
1567493672, 33, 13, 16, 0, 0, 1.95%, 0, 0, 8, 419.15
1567493677, 34, 0, 16, 0, 0, 1.95%, 0, 0, 8, 419.57
1567493682, 35, 0, 16, 0, 0, 1.95%, 0, 0, 8, 414.66
1567493687, 36, 7, 16, 0, 0, 1.95%, 0, 0, 8, 417.27
1567493692, 37, 10, 16, 0, 0, 1.95%, 0, 0, 8, 408.78
1567493697, 39, 12, 16, 0, 0, 1.95%, 0, 0, 8, 407.74
1567493702, 40, 10, 16, 0, 0, 1.95%, 0, 0, 8, 407.13
1567493707, 42, 0, 16, 0, 0, 1.95%, 0, 0, 8, 407.51
1567493713, 44, 2, 16, 0, 0, 1.95%, 0, 0, 8, 407.14
1567493718, 45, 0, 16, 0, 0, 1.95%, 0, 0, 8, 408.62
1567493723, 47, 0, 16, 0, 0, 1.95%, 0, 0, 8, 412.25
1567493728, 49, 0, 16, 0, 0, 1.95%, 0, 0, 8, 409.80
1567493733, 49, 5, 16, 0, 0, 1.95%, 0, 0, 8, 408.41
1567493738, 50, 0, 16, 0, 0, 1.95%, 0, 0, 8, 409.77
1567493743, 52, 0, 16, 0, 0, 1.95%, 0, 0, 8, 407.94
1567493749, 53, 0, 16, 0, 0, 1.95%, 0, 0, 8, 408.28
1567493754, 55, 1, 16, 0, 0, 1.95%, 0, 0, 8, 403.94
1567493759, 56, 0, 16, 0, 0, 1.95%, 0, 0, 8, 406.71
1567493764, 56, 15, 16, 0, 0, 1.95%, 0, 0, 8, 407.90
1567493769, 58, 0, 16, 0, 0, 1.95%, 0, 0, 8, 404.94
1567493774, 59, 10, 16, 0, 0, 1.95%, 0, 0, 8, 408.00
1567493779, 59, 14, 16, 0, 0, 1.95%, 0, 0, 8, 408.71
1567493785, 61, 0, 16, 0, 0, 1.95%, 0, 0, 8, 406.67
1567493790, 61, 12, 16, 0, 0, 1.95%, 0, 0, 8, 407.26
1567493795, 62, 5, 16, 0, 0, 1.95%, 0, 0, 8, 403.25
1567493800, 62, 14, 16, 0, 0, 1.95%, 0, 0, 8, 401.04
1567493805, 62, 15, 16, 0, 0, 1.95%, 0, 0, 8, 406.57
1567493810, 63, 12, 16, 0, 0, 1.95%, 0, 0, 8, 395.16
1567493815, 64, 6, 16, 0, 0, 1.95%, 0, 0, 8, 398.28
1567493820, 64, 12, 16, 0, 0, 1.95%, 0, 0, 8, 405.07
1567493825, 66, 0, 16, 0, 0, 1.95%, 0, 0, 8, 405.75
1567493830, 69, 0, 16, 0, 0, 1.95%, 0, 0, 8, 402.64
1567493836, 69, 15, 16, 0, 0, 1.95%, 0, 0, 8, 406.22
1567493841, 71, 0, 16, 0, 0, 1.95%, 0, 0, 8, 413.64
1567493846, 72, 0, 16, 0, 0, 1.95%, 0, 0, 8, 413.08
1567493851, 72, 13, 16, 0, 0, 1.95%, 0, 0, 8, 409.41
1567493856, 75, 0, 16, 0, 0, 1.95%, 0, 0, 8, 404.37
1567493861, 76, 6, 16, 0, 0, 1.95%, 0, 0, 8, 398.84
1567493866, 78, 0, 16, 0, 0, 1.95%, 0, 0, 8, 403.99
1567493871, 79, 0, 16, 0, 0, 1.95%, 0, 0, 8, 404.54
1567493876, 79, 7, 16, 0, 0, 1.95%, 0, 0, 8, 405.12
1567493882, 81, 0, 16, 0, 0, 1.95%, 0, 0, 8, 406.41
1567493887, 82, 0, 16, 0, 0, 1.95%, 0, 0, 8, 402.48
1567493892, 82, 5, 16, 0, 0, 1.95%, 0, 0, 8, 398.64
1567493897, 82, 11, 16, 0, 0, 1.95%, 0, 0, 8, 410.66
1567493902, 83, 0, 16, 0, 0, 1.95%, 0, 0, 8, 414.22
1567493907, 85, 1, 16, 0, 0, 1.95%, 0, 0, 8, 415.33
1567493912, 85, 10, 16, 0, 0, 1.95%, 0, 0, 8, 410.80
1567493917, 87, 0, 16, 0, 0, 1.95%, 0, 0, 8, 409.65
1567493922, 88, 0, 16, 0, 0, 1.95%, 0, 0, 8, 402.58
1567493927, 90, 2, 16, 0, 0, 1.95%, 0, 0, 8, 407.05
1567493932, 92, 0, 16, 0, 0, 1.95%, 0, 0, 8, 399.05
1567493938, 95, 0, 16, 0, 0, 1.95%, 0, 0, 8, 395.83
1567493943, 95, 9, 16, 0, 0, 1.95%, 0, 0, 8, 407.65
1567493948, 96, 11, 16, 0, 0, 1.95%, 0, 0, 8, 412.68
1567493953, 97, 0, 16, 0, 0, 1.95%, 0, 0, 8, 412.65
1567493958, 98, 0, 16, 0, 0, 1.95%, 0, 0, 8, 407.23
1567493963, 99, 0, 16, 0, 0, 1.95%, 0, 0, 8, 404.38
1567493968, 100, 0, 16, 0, 0, 1.95%, 0, 0, 8, 406.10
1567493973, 102, 1, 16, 0, 0, 1.95%, 0, 0, 8, 405.08
1567493978, 105, 0, 16, 0, 0, 1.95%, 0, 0, 8, 400.56
1567493983, 107, 0, 16, 0, 0, 1.95%, 0, 0, 8, 398.56
1567493988, 107, 8, 16, 0, 0, 1.95%, 0, 0, 8, 398.87
1567493994, 107, 13, 16, 0, 0, 1.95%, 0, 0, 8, 398.81
1567493999, 109, 3, 16, 0, 0, 1.95%, 0, 0, 8, 401.79
1567494004, 109, 12, 16, 0, 0, 1.95%, 0, 0, 8, 408.80
1567494009, 111, 2, 16, 0, 0, 1.95%, 0, 0, 8, 411.34
1567494014, 114, 0, 16, 0, 0, 1.95%, 0, 0, 8, 409.49
1567494019, 116, 0, 16, 0, 0, 1.95%, 0, 0, 8, 411.57
1567494024, 117, 14, 16, 0, 0, 1.95%, 0, 0, 8, 411.72
1567494030, 118, 4, 16, 0, 0, 1.95%, 0, 0, 8, 400.84
1567494035, 120, 1, 16, 0, 0, 1.95%, 0, 0, 8, 396.36
1567494040, 121, 0, 16, 0, 0, 1.95%, 0, 0, 8, 392.28
1567494045, 122, 5, 16, 0, 0, 1.95%, 0, 0, 8, 397.67
1567494050, 123, 0, 16, 0, 0, 1.95%, 0, 0, 8, 400.51
1567494055, 124, 6, 16, 0, 0, 1.95%, 0, 0, 8, 398.73
1567494060, 126, 10, 16, 0, 0, 1.95%, 0, 0, 8, 402.11
1567494065, 127, 0, 16, 0, 0, 1.95%, 0, 0, 8, 403.67
1567494070, 128, 10, 16, 0, 0, 1.95%, 0, 0, 8, 400.82
1567494075, 129, 6, 16, 0, 0, 1.95%, 0, 0, 8, 403.26
1567494081, 131, 3, 16, 0, 0, 1.95%, 0, 0, 8, 403.56
1567494086, 133, 0, 16, 0, 0, 1.95%, 0, 0, 8, 400.94
1567494091, 134, 0, 16, 0, 0, 1.95%, 0, 0, 8, 404.19
1567494096, 135, 4, 16, 0, 0, 1.95%, 0, 0, 8, 404.83
1567494101, 135, 9, 16, 0, 0, 1.95%, 0, 0, 8, 399.57
1567494106, 135, 13, 16, 0, 0, 1.95%, 0, 0, 8, 401.79
1567494111, 136, 8, 16, 0, 0, 1.95%, 0, 0, 8, 401.92
1567494116, 137, 3, 16, 0, 0, 1.95%, 0, 0, 8, 399.69
1567494121, 137, 9, 16, 0, 0, 1.95%, 0, 0, 8, 399.39
1567494126, 140, 0, 16, 0, 0, 1.95%, 0, 0, 8, 399.43
1567494132, 143, 0, 16, 0, 0, 1.95%, 0, 0, 8, 397.94
1567494137, 144, 0, 16, 0, 0, 1.95%, 0, 0, 8, 410.21
1567494142, 144, 8, 16, 0, 0, 1.95%, 0, 0, 8, 414.45
1567494147, 145, 0, 16, 0, 0, 1.95%, 0, 0, 8, 413.02
1567494152, 145, 7, 16, 0, 0, 1.95%, 0, 0, 8, 334.37
1567494157, 146, 0, 16, 0, 0, 1.95%, 0, 0, 8, 244.19
1567494162, 146, 4, 16, 0, 0, 1.95%, 0, 0, 8, 365.07
1567494167, 149, 0, 16, 0, 0, 1.95%, 0, 0, 8, 392.78
1567494172, 150, 0, 16, 0, 0, 1.95%, 0, 0, 8, 400.41
1567494177, 151, 0, 16, 0, 0, 1.95%, 0, 0, 8, 401.76
1567494182, 152, 0, 16, 0, 0, 1.95%, 0, 0, 8, 404.19
1567494187, 155, 0, 16, 0, 0, 1.95%, 0, 0, 8, 396.91
1567494193, 156, 3, 16, 0, 0, 1.95%, 0, 0, 8, 407.05
1567494198, 159, 0, 16, 0, 0, 1.95%, 0, 0, 8, 410.65
1567494203, 160, 4, 16, 0, 0, 1.95%, 0, 0, 8, 370.67
1567494208, 161, 0, 17, 1, 0, 1.96%, 0, 0, 8, 317.78
1567494213, 161, 3, 17, 1, 0, 1.96%, 0, 0, 8, 377.85
1567494218, 162, 0, 17, 1, 0, 1.96%, 0, 0, 8, 391.73
1567494223, 164, 3, 17, 1, 0, 1.96%, 0, 0, 8, 398.50
1567494228, 164, 16, 18, 2, 0, 1.96%, 0, 0, 8, 283.65
1567494264, 165, 0, 18, 1, 0, 1.96%, 0, 0, 8, 404.01
1567494270, 167, 0, 18, 1, 0, 1.96%, 0, 0, 8, 402.01
1567494275, 167, 17, 18, 1, 0, 1.96%, 0, 0, 8, 403.28
1567494316, 168, 0, 18, 0, 0, 1.96%, 0, 0, 8, 406.06
1567494321, 169, 5, 18, 0, 0, 1.96%, 0, 0, 8, 406.41
1567494326, 169, 16, 18, 0, 0, 1.96%, 0, 0, 8, 403.59
1567494342, 171, 4, 18, 0, 0, 1.96%, 0, 0, 8, 381.31
1567494347, 171, 15, 18, 0, 0, 1.96%, 0, 0, 8, 399.50
1567494352, 172, 14, 19, 1, 1, 1.96%, 0, 0, 8, 386.79
1567494357, 172, 18, 19, 1, 1, 1.96%, 0, 0, 8, 401.38
1567494377, 173, 0, 19, 0, 0, 1.96%, 0, 0, 8, 389.05
1567494382, 173, 17, 19, 0, 0, 1.96%, 0, 0, 8, 406.11
1567494397, 173, 18, 19, 0, 0, 1.96%, 0, 0, 8, 402.29
1567494402, 174, 18, 19, 0, 0, 1.96%, 0, 0, 8, 393.87
1567494407, 175, 0, 19, 0, 0, 1.96%, 0, 0, 8, 313.57
1567494412, 175, 13, 19, 0, 0, 1.96%, 0, 0, 8, 338.88
1567494417, 175, 17, 19, 0, 0, 1.96%, 0, 0, 8, 352.55
1567494428, 175, 18, 19, 0, 0, 1.96%, 0, 0, 8, 406.91
1567494433, 176, 0, 19, 0, 0, 1.96%, 0, 0, 8, 404.08
1567494438, 176, 18, 19, 0, 0, 1.96%, 0, 0, 8, 405.37
1567494443, 177, 0, 19, 0, 0, 1.96%, 0, 0, 8, 406.36
1567494448, 177, 18, 19, 0, 0, 1.96%, 0, 0, 8, 404.65
1567494453, 178, 0, 19, 0, 0, 1.96%, 0, 0, 8, 407.48
1567494459, 178, 18, 19, 0, 0, 1.96%, 0, 0, 8, 408.46
1567494464, 179, 1, 19, 0, 0, 1.96%, 0, 0, 8, 407.52
1567494469, 179, 16, 19, 0, 0, 1.96%, 0, 0, 8, 406.66
1567494484, 179, 18, 19, 0, 0, 1.96%, 0, 0, 8, 404.23
1567494490, 180, 10, 19, 0, 0, 1.96%, 0, 0, 8, 404.90
1567494495, 180, 18, 19, 0, 0, 1.96%, 0, 0, 8, 403.22
1567494500, 181, 14, 19, 0, 0, 1.96%, 0, 0, 8, 403.55
1567494505, 181, 18, 19, 0, 0, 1.96%, 0, 0, 8, 404.46
1567494510, 182, 3, 19, 0, 0, 1.96%, 0, 0, 8, 404.58
1567494515, 182, 6, 19, 0, 0, 1.96%, 0, 0, 8, 405.47
1567494520, 182, 18, 19, 0, 0, 1.96%, 0, 0, 8, 404.47
1567494525, 183, 18, 19, 0, 0, 1.96%, 0, 0, 8, 409.28
1567494531, 184, 0, 19, 0, 0, 1.96%, 0, 0, 8, 406.78
1567494536, 184, 18, 19, 0, 0, 1.96%, 0, 0, 8, 404.03
1567494541, 185, 12, 19, 0, 0, 1.96%, 0, 0, 8, 405.28
1567494546, 185, 18, 19, 0, 0, 1.96%, 0, 0, 8, 405.93
1567494551, 186, 11, 19, 0, 0, 1.96%, 0, 0, 8, 407.17
1567494556, 186, 18, 19, 0, 0, 1.96%, 0, 0, 8, 406.66
1567494562, 187, 0, 19, 0, 0, 1.96%, 0, 0, 8, 407.20
1567494567, 187, 18, 19, 0, 0, 1.96%, 0, 0, 8, 412.35
1567494572, 188, 18, 19, 0, 0, 1.96%, 0, 0, 8, 414.17
1567494577, 189, 11, 19, 0, 0, 1.96%, 0, 0, 8, 415.34
1567494582, 189, 18, 19, 0, 0, 1.96%, 0, 0, 8, 407.08
1567494587, 190, 17, 19, 0, 0, 1.96%, 0, 0, 8, 410.63
1567494597, 190, 18, 19, 0, 0, 1.96%, 0, 0, 8, 403.46
1567494607, 191, 18, 19, 0, 0, 1.96%, 0, 0, 8, 405.71
1567494613, 192, 8, 19, 0, 0, 1.96%, 0, 0, 8, 402.06
1567494618, 192, 18, 19, 0, 0, 1.96%, 0, 0, 8, 406.29
1567494623, 193, 3, 19, 0, 0, 1.96%, 0, 0, 8, 408.91
1567494628, 193, 8, 19, 0, 0, 1.96%, 0, 0, 8, 415.31
1567494633, 193, 18, 19, 0, 0, 1.96%, 0, 0, 8, 415.62
1567494638, 194, 4, 19, 0, 0, 1.96%, 0, 0, 8, 412.87
1567494643, 194, 17, 19, 0, 0, 1.96%, 0, 0, 8, 407.09
1567494654, 194, 18, 19, 0, 0, 1.96%, 0, 0, 8, 410.78
1567494659, 195, 18, 19, 0, 0, 1.96%, 0, 0, 8, 408.49
1567494664, 196, 0, 19, 0, 0, 1.96%, 0, 0, 8, 410.73
1567494669, 196, 13, 19, 0, 0, 1.96%, 0, 0, 8, 410.54
1567494674, 196, 18, 19, 0, 0, 1.96%, 0, 0, 8, 408.18
1567494679, 197, 0, 19, 0, 0, 1.96%, 0, 0, 8, 409.80
1567494684, 197, 18, 19, 0, 0, 1.96%, 0, 0, 8, 415.24
1567494689, 198, 18, 19, 0, 0, 1.96%, 0, 0, 8, 415.06
1567494694, 199, 0, 19, 0, 0, 1.96%, 0, 0, 8, 411.74
1567494700, 199, 18, 19, 0, 0, 1.96%, 0, 0, 8, 409.70
1567494705, 200, 18, 19, 0, 0, 1.96%, 0, 0, 8, 407.36
1567494710, 201, 0, 19, 0, 0, 1.96%, 0, 0, 8, 412.64
1567494715, 201, 18, 19, 0, 0, 1.96%, 0, 0, 8, 412.75
1567494720, 202, 3, 19, 0, 0, 1.96%, 0, 0, 8, 400.70
1567494725, 202, 18, 19, 0, 0, 1.96%, 0, 0, 8, 404.93
1567494730, 203, 18, 19, 0, 0, 1.96%, 0, 0, 8, 410.44
1567494736, 204, 5, 19, 0, 0, 1.96%, 0, 0, 8, 410.81
1567494741, 204, 13, 19, 0, 0, 1.96%, 0, 0, 8, 411.71
1567494746, 204, 18, 19, 0, 0, 1.96%, 0, 0, 8, 410.32
1567494751, 205, 1, 19, 0, 0, 1.96%, 0, 0, 8, 406.83
1567494756, 205, 9, 19, 0, 0, 1.96%, 0, 0, 8, 408.06
1567494761, 205, 18, 19, 0, 0, 1.96%, 0, 0, 8, 408.85
1567494766, 206, 18, 19, 0, 0, 1.96%, 0, 0, 8, 408.55
1567494771, 207, 0, 19, 0, 0, 1.96%, 0, 0, 8, 410.70
1567494776, 207, 18, 19, 0, 0, 1.96%, 0, 0, 8, 416.74
1567494787, 208, 18, 19, 0, 0, 1.96%, 0, 0, 8, 413.23
1567494792, 209, 4, 19, 0, 0, 1.96%, 0, 0, 8, 407.03
1567494797, 209, 18, 19, 0, 0, 1.96%, 0, 0, 8, 405.29
1567494802, 210, 14, 19, 0, 0, 1.96%, 0, 0, 8, 407.06
1567494807, 210, 15, 19, 0, 0, 1.96%, 0, 0, 8, 406.99
1567494812, 210, 18, 19, 0, 0, 1.96%, 0, 0, 8, 407.02
1567494818, 211, 18, 19, 0, 0, 1.96%, 0, 0, 8, 409.38
1567494823, 212, 18, 19, 0, 0, 1.96%, 0, 0, 8, 407.96
1567494828, 213, 0, 19, 0, 0, 1.96%, 0, 0, 8, 407.81
1567494833, 213, 18, 19, 0, 0, 1.96%, 0, 0, 8, 410.18
1567494843, 214, 3, 19, 0, 0, 1.96%, 0, 0, 8, 406.94
1567494848, 214, 18, 19, 0, 0, 1.96%, 0, 0, 8, 407.72
1567494854, 215, 4, 19, 0, 0, 1.96%, 0, 0, 8, 404.69
1567494859, 215, 18, 19, 0, 0, 1.96%, 0, 0, 8, 408.38
1567494864, 216, 9, 19, 0, 0, 1.96%, 0, 0, 8, 409.44
1567494869, 216, 17, 19, 0, 0, 1.96%, 0, 0, 8, 408.15
1567494879, 217, 18, 19, 0, 0, 1.96%, 0, 0, 8, 406.61
1567494884, 218, 17, 19, 0, 0, 1.96%, 0, 0, 8, 404.24
1567494895, 219, 0, 19, 0, 0, 1.96%, 0, 0, 8, 406.07
1567494900, 219, 11, 19, 0, 0, 1.96%, 0, 0, 8, 407.95
1567494905, 219, 12, 19, 0, 0, 1.96%, 0, 0, 8, 409.66
1567494910, 220, 3, 19, 0, 0, 1.96%, 0, 0, 8, 409.51
1567494915, 221, 0, 19, 0, 0, 1.96%, 0, 0, 8, 408.65
1567494920, 223, 0, 19, 0, 0, 1.96%, 0, 0, 8, 410.18
1567494926, 224, 18, 19, 0, 0, 1.96%, 0, 0, 8, 409.93
1567494931, 226, 0, 19, 0, 0, 1.96%, 0, 0, 8, 404.73
1567494936, 227, 6, 19, 0, 0, 1.96%, 0, 0, 8, 405.12
1567494941, 227, 8, 19, 0, 0, 1.96%, 0, 0, 8, 404.95
1567494946, 227, 18, 19, 0, 0, 1.96%, 0, 0, 8, 402.82
1567494951, 228, 18, 19, 0, 0, 1.96%, 0, 0, 8, 404.99
1567494956, 229, 9, 19, 0, 0, 1.96%, 0, 0, 8, 406.39
1567494961, 230, 14, 19, 0, 0, 1.96%, 0, 0, 8, 405.56
1567494966, 231, 0, 19, 0, 0, 1.96%, 0, 0, 8, 408.94
1567494972, 232, 18, 19, 0, 0, 1.96%, 0, 0, 8, 408.42
1567494977, 233, 7, 19, 0, 0, 1.96%, 0, 0, 8, 404.10
1567494982, 233, 18, 19, 0, 0, 1.96%, 0, 0, 8, 408.55
1567494987, 234, 10, 19, 0, 0, 1.96%, 0, 0, 8, 410.14
1567494992, 236, 0, 19, 0, 0, 1.96%, 0, 0, 8, 412.06
1567494997, 237, 18, 19, 0, 0, 1.96%, 0, 0, 8, 408.48
1567495002, 238, 7, 19, 0, 0, 1.96%, 0, 0, 8, 405.98
1567495008, 238, 18, 19, 0, 0, 1.96%, 0, 0, 8, 405.01
1567495013, 239, 4, 19, 0, 0, 1.96%, 0, 0, 8, 375.19
1567495018, 240, 15, 19, 0, 0, 1.96%, 0, 0, 8, 401.57
1567495023, 241, 4, 19, 0, 0, 1.96%, 0, 0, 8, 406.28
1567495028, 242, 0, 19, 0, 0, 1.96%, 0, 0, 8, 407.57
1567495033, 243, 2, 19, 0, 0, 1.96%, 0, 0, 8, 406.57
1567495038, 244, 18, 19, 0, 0, 1.96%, 0, 0, 8, 400.87
1567495043, 245, 18, 19, 0, 0, 1.96%, 0, 0, 8, 406.13
1567495048, 246, 13, 19, 0, 0, 1.96%, 0, 0, 8, 406.71
1567495053, 247, 0, 19, 0, 0, 1.96%, 0, 0, 8, 406.22
1567495059, 248, 0, 19, 0, 0, 1.96%, 0, 0, 8, 408.99
1567495064, 248, 18, 19, 0, 0, 1.96%, 0, 0, 8, 410.82
1567495069, 249, 7, 19, 0, 0, 1.96%, 0, 0, 8, 405.59
1567495074, 250, 14, 19, 0, 0, 1.96%, 0, 0, 8, 404.17
1567495079, 251, 0, 19, 0, 0, 1.96%, 0, 0, 8, 401.79
1567495084, 251, 17, 19, 0, 0, 1.96%, 0, 0, 8, 404.87
1567495095, 252, 5, 19, 0, 0, 1.96%, 0, 0, 8, 409.14
1567495100, 252, 9, 19, 0, 0, 1.96%, 0, 0, 8, 410.72
1567495105, 254, 0, 19, 0, 0, 1.96%, 0, 0, 8, 407.66
1567495110, 254, 4, 19, 0, 0, 1.96%, 0, 0, 8, 403.38
1567495115, 254, 13, 19, 0, 0, 1.96%, 0, 0, 8, 405.98
1567495120, 255, 0, 19, 0, 0, 1.96%, 0, 0, 8, 408.52
1567495125, 256, 18, 19, 0, 0, 1.96%, 0, 0, 8, 404.01
1567495131, 257, 6, 19, 0, 0, 1.96%, 0, 0, 8, 410.87
1567495136, 258, 17, 19, 0, 0, 1.96%, 0, 0, 8, 413.23
1567495146, 258, 18, 19, 0, 0, 1.96%, 0, 0, 8, 408.97
1567495151, 259, 18, 19, 0, 0, 1.96%, 0, 0, 8, 408.22
1567495156, 260, 18, 19, 0, 0, 1.96%, 0, 0, 8, 408.20
1567495161, 261, 3, 19, 0, 0, 1.96%, 0, 0, 8, 409.34
1567495166, 262, 0, 19, 0, 0, 1.96%, 0, 0, 8, 410.16
1567495172, 263, 13, 19, 0, 0, 1.96%, 0, 0, 8, 410.99
1567495177, 263, 18, 19, 0, 0, 1.96%, 0, 0, 8, 410.37
1567495182, 265, 0, 19, 0, 0, 1.96%, 0, 0, 8, 410.86
1567495187, 266, 18, 19, 0, 0, 1.96%, 0, 0, 8, 411.81
1567495192, 268, 18, 19, 0, 0, 1.96%, 0, 0, 8, 413.33
1567495197, 270, 0, 19, 0, 0, 1.96%, 0, 0, 8, 415.10
1567495202, 270, 18, 19, 0, 0, 1.96%, 0, 0, 8, 412.67
1567495207, 271, 3, 19, 0, 0, 1.96%, 0, 0, 8, 413.88
1567495212, 272, 0, 19, 0, 0, 1.96%, 0, 0, 8, 413.39
1567495218, 272, 16, 19, 0, 0, 1.96%, 0, 0, 8, 413.12
1567495228, 272, 18, 19, 0, 0, 1.96%, 0, 0, 8, 408.35
1567495233, 273, 8, 19, 0, 0, 1.96%, 0, 0, 8, 409.98
1567495238, 274, 16, 19, 0, 0, 1.96%, 0, 0, 8, 411.83
1567495253, 275, 0, 19, 0, 0, 1.96%, 0, 0, 8, 417.97
1567495258, 275, 5, 19, 0, 0, 1.96%, 0, 0, 8, 418.15
1567495263, 276, 0, 19, 0, 0, 1.96%, 0, 0, 8, 407.99
1567495269, 277, 11, 19, 0, 0, 1.96%, 0, 0, 8, 409.81
1567495274, 277, 15, 19, 0, 0, 1.96%, 0, 0, 8, 404.74
1567495279, 278, 5, 19, 0, 0, 1.96%, 0, 0, 8, 403.05
1567495284, 278, 18, 19, 0, 0, 1.96%, 0, 0, 8, 408.83
1567495289, 280, 0, 19, 0, 0, 1.96%, 0, 0, 8, 409.57
1567495294, 282, 0, 19, 0, 0, 1.96%, 0, 0, 8, 404.69
1567495299, 282, 18, 19, 0, 0, 1.96%, 0, 0, 8, 403.95
1567495304, 283, 12, 19, 0, 0, 1.96%, 0, 0, 8, 401.75
1567495310, 284, 9, 19, 0, 0, 1.96%, 0, 0, 8, 404.79
1567495315, 285, 0, 19, 0, 0, 1.96%, 0, 0, 8, 405.19
1567495320, 286, 7, 19, 0, 0, 1.96%, 0, 0, 8, 405.37
1567495325, 287, 0, 19, 0, 0, 1.96%, 0, 0, 8, 405.94
1567495330, 287, 18, 19, 0, 0, 1.96%, 0, 0, 8, 407.28
1567495335, 289, 0, 19, 0, 0, 1.96%, 0, 0, 8, 403.09
1567495340, 289, 17, 19, 0, 0, 1.96%, 0, 0, 8, 404.63
1567495351, 290, 0, 19, 0, 0, 1.96%, 0, 0, 8, 401.19
1567495356, 290, 10, 19, 0, 0, 1.96%, 0, 0, 8, 404.54
1567495361, 290, 17, 19, 0, 0, 1.96%, 0, 0, 8, 408.91
1567495371, 291, 2, 19, 0, 0, 1.96%, 0, 0, 8, 402.15
1567495377, 292, 18, 19, 0, 0, 1.96%, 0, 0, 8, 400.62
1567495382, 294, 0, 19, 0, 0, 1.96%, 0, 0, 8, 398.54
1567495387, 295, 18, 19, 0, 0, 1.96%, 0, 0, 8, 401.25
1567495392, 297, 0, 19, 0, 0, 1.96%, 0, 0, 8, 402.47
1567495397, 297, 7, 19, 0, 0, 1.96%, 0, 0, 8, 400.82
1567495402, 298, 0, 19, 0, 0, 1.96%, 0, 0, 8, 404.01
1567495407, 298, 18, 19, 0, 0, 1.96%, 0, 0, 8, 404.98
1567495412, 300, 18, 19, 0, 0, 1.96%, 0, 0, 8, 405.87
1567495417, 302, 0, 19, 0, 0, 1.96%, 0, 0, 8, 407.17
1567495422, 303, 5, 19, 0, 0, 1.96%, 0, 0, 8, 410.39
1567495427, 303, 18, 19, 0, 0, 1.96%, 0, 0, 8, 409.32
1567495433, 304, 4, 19, 0, 0, 1.96%, 0, 0, 8, 410.53
1567495438, 305, 3, 19, 0, 0, 1.96%, 0, 0, 8, 412.16
1567495443, 306, 0, 19, 0, 0, 1.96%, 0, 0, 8, 409.31
1567495448, 306, 13, 19, 0, 0, 1.96%, 0, 0, 8, 410.53
1567495453, 307, 11, 19, 0, 0, 1.96%, 0, 0, 8, 408.29
1567495458, 307, 18, 19, 0, 0, 1.96%, 0, 0, 8, 406.61
1567495463, 308, 10, 19, 0, 0, 1.96%, 0, 0, 8, 404.72
1567495469, 309, 0, 19, 0, 0, 1.96%, 0, 0, 8, 413.04
1567495474, 310, 18, 19, 0, 0, 1.96%, 0, 0, 8, 414.46
1567495479, 312, 0, 19, 0, 0, 1.96%, 0, 0, 8, 408.87
1567495484, 313, 0, 19, 0, 0, 1.96%, 0, 0, 8, 402.49
1567495489, 314, 9, 19, 0, 0, 1.96%, 0, 0, 8, 404.14
1567495494, 315, 0, 19, 0, 0, 1.96%, 0, 0, 8, 405.27
1567495499, 316, 10, 19, 0, 0, 1.96%, 0, 0, 8, 413.37
1567495504, 317, 0, 19, 0, 0, 1.96%, 0, 0, 8, 413.96
1567495509, 318, 18, 19, 0, 0, 1.96%, 0, 0, 8, 410.28
1567495515, 320, 8, 19, 0, 0, 1.96%, 0, 0, 8, 410.87
1567495520, 320, 14, 19, 0, 0, 1.96%, 0, 0, 8, 410.79
1567495525, 321, 0, 19, 0, 0, 1.96%, 0, 0, 8, 411.54
1567495530, 322, 18, 19, 0, 0, 1.96%, 0, 0, 8, 410.77
1567495535, 323, 6, 19, 0, 0, 1.96%, 0, 0, 8, 408.66
1567495540, 324, 15, 19, 0, 0, 1.96%, 0, 0, 8, 408.73
1567495545, 325, 8, 19, 0, 0, 1.96%, 0, 0, 8, 414.56
1567495550, 325, 13, 19, 0, 0, 1.96%, 0, 0, 8, 416.45
1567495555, 326, 0, 19, 0, 0, 1.96%, 0, 0, 8, 417.86
1567495560, 326, 16, 19, 0, 0, 1.96%, 0, 0, 8, 418.07
1567495576, 327, 14, 19, 0, 0, 1.96%, 0, 0, 8, 418.20
1567495581, 328, 0, 19, 0, 0, 1.96%, 0, 0, 8, 417.69
1567495586, 329, 18, 19, 0, 0, 1.96%, 0, 0, 8, 415.62
1567495591, 330, 13, 19, 0, 0, 1.96%, 0, 0, 8, 409.61
1567495596, 331, 0, 19, 0, 0, 1.96%, 0, 0, 8, 403.82
1567495601, 331, 18, 19, 0, 0, 1.96%, 0, 0, 8, 403.77
1567495606, 333, 0, 19, 0, 0, 1.96%, 0, 0, 8, 404.60
1567495611, 333, 18, 19, 0, 0, 1.96%, 0, 0, 8, 404.17
1567495616, 334, 16, 19, 0, 0, 1.96%, 0, 0, 8, 407.59
1567495632, 334, 17, 19, 0, 0, 1.96%, 0, 0, 8, 412.52
1567495642, 335, 0, 19, 0, 0, 1.96%, 0, 0, 8, 405.66
1567495647, 336, 7, 19, 0, 0, 1.96%, 0, 0, 8, 408.78
1567495652, 336, 17, 19, 0, 0, 1.96%, 0, 0, 8, 414.05
1567495668, 337, 10, 19, 0, 0, 1.96%, 0, 0, 8, 408.68
1567495673, 338, 3, 19, 0, 0, 1.96%, 0, 0, 8, 412.90
1567495678, 338, 8, 19, 0, 0, 1.96%, 0, 0, 8, 410.10
1567495683, 338, 18, 19, 0, 0, 1.96%, 0, 0, 8, 408.10
1567495688, 340, 0, 19, 0, 0, 1.96%, 0, 0, 8, 407.10
1567495693, 341, 0, 19, 0, 0, 1.96%, 0, 0, 8, 408.80
1567495698, 341, 18, 19, 0, 0, 1.96%, 0, 0, 8, 404.10
1567495704, 342, 13, 19, 0, 0, 1.96%, 0, 0, 8, 402.50
1567495709, 343, 0, 19, 0, 0, 1.96%, 0, 0, 8, 412.22
1567495714, 344, 8, 19, 0, 0, 1.96%, 0, 0, 8, 409.90
1567495719, 345, 0, 19, 0, 0, 1.96%, 0, 0, 8, 405.48
1567495724, 347, 0, 19, 0, 0, 1.96%, 0, 0, 8, 405.15
1567495729, 348, 6, 19, 0, 0, 1.96%, 0, 0, 8, 403.40
1567495734, 348, 10, 19, 0, 0, 1.96%, 0, 0, 8, 403.74
1567495739, 349, 12, 19, 0, 0, 1.96%, 0, 0, 8, 405.12
1567495744, 350, 0, 19, 0, 0, 1.96%, 0, 0, 8, 403.28
1567495750, 350, 9, 19, 0, 0, 1.96%, 0, 0, 8, 405.91
1567495755, 350, 16, 19, 0, 0, 1.96%, 0, 0, 8, 407.62
1567495770, 351, 0, 19, 0, 0, 1.96%, 0, 0, 8, 405.23
1567495775, 351, 17, 19, 0, 0, 1.96%, 0, 0, 8, 403.69
1567495786, 351, 18, 19, 0, 0, 1.96%, 0, 0, 8, 401.46
1567495791, 352, 6, 19, 0, 0, 1.96%, 0, 0, 8, 403.67
1567495796, 353, 18, 19, 0, 0, 1.96%, 0, 0, 8, 411.32
1567495801, 354, 12, 19, 0, 0, 1.96%, 0, 0, 8, 412.60
1567495806, 356, 0, 19, 0, 0, 1.96%, 0, 0, 8, 408.57
1567495811, 357, 0, 19, 0, 0, 1.96%, 0, 0, 8, 409.08
1567495816, 357, 17, 19, 0, 0, 1.96%, 0, 0, 8, 409.76
1567495827, 358, 9, 19, 0, 0, 1.96%, 0, 0, 8, 410.62
1567495832, 359, 0, 19, 0, 0, 1.96%, 0, 0, 8, 411.53
1567495837, 359, 12, 19, 0, 0, 1.96%, 0, 0, 8, 410.18
1567495842, 360, 0, 19, 0, 0, 1.96%, 0, 0, 8, 409.41
1567495847, 361, 13, 19, 0, 0, 1.96%, 0, 0, 8, 409.02
1567495852, 361, 18, 19, 0, 0, 1.96%, 0, 0, 8, 410.02
1567495857, 362, 13, 19, 0, 0, 1.96%, 0, 0, 8, 405.10
1567495862, 362, 16, 19, 0, 0, 1.96%, 0, 0, 8, 403.74
1567495878, 363, 4, 19, 0, 0, 1.96%, 0, 0, 8, 403.85
1567495883, 363, 7, 19, 0, 0, 1.96%, 0, 0, 8, 409.49
1567495888, 364, 12, 19, 0, 0, 1.96%, 0, 0, 8, 417.32
1567495893, 365, 0, 19, 0, 0, 1.96%, 0, 0, 8, 417.16
1567495898, 366, 18, 19, 0, 0, 1.96%, 0, 0, 8, 418.75
1567495903, 367, 18, 19, 0, 0, 1.96%, 0, 0, 8, 418.58
1567495908, 369, 0, 19, 0, 0, 1.96%, 0, 0, 8, 409.69
1567495913, 369, 15, 19, 0, 0, 1.96%, 0, 0, 8, 406.96
1567495919, 371, 0, 19, 0, 0, 1.96%, 0, 0, 8, 407.67
1567495924, 371, 4, 19, 0, 0, 1.96%, 0, 0, 8, 409.14
1567495929, 372, 10, 19, 0, 0, 1.96%, 0, 0, 8, 415.85
1567495934, 372, 17, 19, 0, 0, 1.96%, 0, 0, 8, 414.06
1567495944, 373, 0, 19, 0, 0, 1.96%, 0, 0, 8, 412.72
1567495949, 374, 13, 19, 0, 0, 1.96%, 0, 0, 8, 408.61
1567495954, 375, 0, 19, 0, 0, 1.96%, 0, 0, 8, 407.59
1567495959, 375, 8, 19, 0, 0, 1.96%, 0, 0, 8, 407.71
1567495965, 376, 13, 19, 0, 0, 1.96%, 0, 0, 8, 406.29
1567495975, 378, 0, 19, 0, 0, 1.96%, 0, 0, 8, 406.65
1567495980, 379, 5, 19, 0, 0, 1.96%, 0, 0, 8, 414.30
1567495985, 379, 16, 19, 0, 0, 1.96%, 0, 0, 8, 414.84
1567496000, 381, 0, 19, 0, 0, 1.96%, 0, 0, 8, 415.63
1567496005, 382, 18, 19, 0, 0, 1.96%, 0, 0, 8, 417.07
1567496010, 383, 12, 19, 0, 0, 1.96%, 0, 0, 8, 415.78
1567496015, 384, 18, 19, 0, 0, 1.96%, 0, 0, 8, 410.70
1567496021, 386, 0, 19, 0, 0, 1.96%, 0, 0, 8, 410.16
1567496026, 387, 0, 19, 0, 0, 1.96%, 0, 0, 8, 407.02
1567496031, 387, 12, 19, 0, 0, 1.96%, 0, 0, 8, 409.11
1567496036, 388, 13, 19, 0, 0, 1.96%, 0, 0, 8, 411.36
1567496041, 389, 0, 19, 0, 0, 1.96%, 0, 0, 8, 413.45
1567496046, 389, 4, 19, 0, 0, 1.96%, 0, 0, 8, 414.49
1567496051, 390, 0, 19, 0, 0, 1.96%, 0, 0, 8, 415.62
1567496056, 391, 0, 19, 0, 0, 1.96%, 0, 0, 8, 412.97
1567496061, 392, 4, 19, 0, 0, 1.96%, 0, 0, 8, 412.45
1567496067, 392, 18, 19, 0, 0, 1.96%, 0, 0, 8, 410.64
1567496072, 394, 0, 19, 0, 0, 1.96%, 0, 0, 8, 408.76
1567496077, 395, 18, 19, 0, 0, 1.96%, 0, 0, 8, 407.85
1567496082, 397, 0, 19, 0, 0, 1.96%, 0, 0, 8, 414.69
1567496087, 397, 9, 19, 0, 0, 1.96%, 0, 0, 8, 411.44
1567496092, 398, 17, 19, 0, 0, 1.96%, 0, 0, 8, 404.26
1567496103, 398, 18, 19, 0, 0, 1.96%, 0, 0, 8, 408.77
1567496108, 399, 6, 19, 0, 0, 1.96%, 0, 0, 8, 414.69
1567496113, 399, 18, 19, 0, 0, 1.96%, 0, 0, 8, 406.53
1567496118, 400, 17, 19, 0, 0, 1.96%, 0, 0, 8, 405.16
1567496128, 400, 18, 19, 0, 0, 1.96%, 0, 0, 8, 405.25
1567496133, 402, 0, 19, 0, 0, 1.96%, 0, 0, 8, 404.04
1567496138, 403, 4, 19, 0, 0, 1.96%, 0, 0, 8, 403.86
1567496144, 403, 10, 19, 0, 0, 1.96%, 0, 0, 8, 406.57
1567496149, 403, 15, 19, 0, 0, 1.96%, 0, 0, 8, 403.57
1567496154, 404, 0, 19, 0, 0, 1.96%, 0, 0, 8, 405.69
1567496159, 405, 1, 19, 0, 0, 1.96%, 0, 0, 8, 408.30
1567496164, 405, 16, 19, 0, 0, 1.96%, 0, 0, 8, 405.49
1567496180, 406, 0, 19, 0, 0, 1.96%, 0, 0, 8, 405.38
1567496185, 407, 0, 19, 0, 0, 1.96%, 0, 0, 8, 407.64
1567496190, 408, 18, 19, 0, 0, 1.96%, 0, 0, 8, 408.55
1567496195, 409, 7, 19, 0, 0, 1.96%, 0, 0, 8, 406.69
1567496200, 410, 18, 19, 0, 0, 1.96%, 0, 0, 8, 402.74
1567496205, 412, 6, 19, 0, 0, 1.96%, 0, 0, 8, 404.69
1567496210, 413, 0, 19, 0, 0, 1.96%, 0, 0, 8, 409.65
1567496216, 414, 16, 19, 0, 0, 1.96%, 0, 0, 8, 409.83
1567496231, 414, 18, 19, 0, 0, 1.96%, 0, 0, 8, 407.79
1567496236, 416, 18, 19, 0, 0, 1.96%, 0, 0, 8, 406.32
1567496241, 418, 0, 19, 0, 0, 1.96%, 0, 0, 8, 404.65
1567496246, 419, 1, 19, 0, 0, 1.96%, 0, 0, 8, 406.22
1567496252, 419, 18, 19, 0, 0, 1.96%, 0, 0, 8, 406.01
1567496257, 420, 18, 19, 0, 0, 1.96%, 0, 0, 8, 404.83
1567496262, 422, 0, 19, 0, 0, 1.96%, 0, 0, 8, 405.32
1567496267, 422, 3, 19, 0, 0, 1.96%, 0, 0, 8, 404.55
1567496272, 422, 18, 19, 0, 0, 1.96%, 0, 0, 8, 402.93
1567496277, 424, 0, 19, 0, 0, 1.96%, 0, 0, 8, 406.17
1567496282, 424, 18, 19, 0, 0, 1.96%, 0, 0, 8, 407.04
1567496287, 426, 1, 19, 0, 0, 1.96%, 0, 0, 8, 407.61
1567496293, 427, 3, 19, 0, 0, 1.96%, 0, 0, 8, 413.02
1567496298, 427, 11, 19, 0, 0, 1.96%, 0, 0, 8, 416.56
1567496303, 428, 9, 19, 0, 0, 1.96%, 0, 0, 8, 416.47
1567496308, 428, 14, 19, 0, 0, 1.96%, 0, 0, 8, 413.22
1567496313, 429, 4, 19, 0, 0, 1.96%, 0, 0, 8, 415.31
1567496318, 430, 0, 19, 0, 0, 1.96%, 0, 0, 8, 415.81
1567496323, 430, 18, 19, 0, 0, 1.96%, 0, 0, 8, 413.07
1567496328, 431, 18, 19, 0, 0, 1.96%, 0, 0, 8, 408.77
1567496333, 433, 0, 19, 0, 0, 1.96%, 0, 0, 8, 410.92
1567496338, 433, 18, 19, 0, 0, 1.96%, 0, 0, 8, 413.46
1567496343, 435, 18, 19, 0, 0, 1.96%, 0, 0, 8, 414.51
1567496349, 436, 5, 19, 0, 0, 1.96%, 0, 0, 8, 415.65
1567496354, 436, 13, 19, 0, 0, 1.96%, 0, 0, 8, 416.30
1567496359, 436, 18, 19, 0, 0, 1.96%, 0, 0, 8, 416.84
1567496364, 437, 3, 19, 0, 0, 1.96%, 0, 0, 8, 411.52
1567496369, 437, 18, 19, 0, 0, 1.96%, 0, 0, 8, 410.21
1567496374, 439, 0, 19, 0, 0, 1.96%, 0, 0, 8, 405.26
1567496379, 441, 0, 19, 0, 0, 1.96%, 0, 0, 8, 399.61
1567496384, 442, 17, 19, 0, 0, 1.96%, 0, 0, 8, 391.54
1567496399, 443, 4, 19, 0, 0, 1.96%, 0, 0, 8, 398.03
1567496404, 444, 0, 19, 0, 0, 1.96%, 0, 0, 8, 397.18
1567496409, 445, 2, 19, 0, 0, 1.96%, 0, 0, 8, 402.96
1567496415, 445, 18, 19, 0, 0, 1.96%, 0, 0, 8, 413.99
1567496420, 446, 16, 19, 0, 0, 1.96%, 0, 0, 8, 418.19
1567496435, 447, 18, 19, 0, 0, 1.96%, 0, 0, 8, 407.84
1567496440, 448, 16, 19, 0, 0, 1.96%, 0, 0, 8, 407.24
1567496455, 449, 5, 19, 0, 0, 1.96%, 0, 0, 8, 416.91
1567496460, 450, 18, 19, 0, 0, 1.96%, 0, 0, 8, 415.58
1567496466, 452, 0, 19, 0, 0, 1.96%, 0, 0, 8, 408.35
1567496471, 452, 18, 19, 0, 0, 1.96%, 0, 0, 8, 403.00
1567496476, 453, 18, 19, 0, 0, 1.96%, 0, 0, 8, 407.66
1567496481, 454, 5, 19, 0, 0, 1.96%, 0, 0, 8, 407.28
1567496486, 456, 0, 19, 0, 0, 1.96%, 0, 0, 8, 410.94
1567496491, 457, 18, 19, 0, 0, 1.96%, 0, 0, 8, 404.44
1567496496, 458, 4, 19, 0, 0, 1.96%, 0, 0, 8, 397.59
1567496501, 458, 18, 19, 0, 0, 1.96%, 0, 0, 8, 396.93
1567496506, 460, 0, 19, 0, 0, 1.96%, 0, 0, 8, 408.64
1567496512, 461, 18, 19, 0, 0, 1.96%, 0, 0, 8, 409.34
1567496517, 462, 17, 19, 0, 0, 1.96%, 0, 0, 8, 411.93
1567496527, 463, 0, 19, 0, 0, 1.96%, 0, 0, 8, 402.89
1567496532, 463, 16, 19, 0, 0, 1.96%, 0, 0, 8, 402.82
1567496542, 463, 18, 19, 0, 0, 1.96%, 0, 0, 8, 408.13
1567496547, 464, 15, 19, 0, 0, 1.96%, 0, 0, 8, 407.12
1567496552, 465, 6, 19, 0, 0, 1.96%, 0, 0, 8, 417.74
1567496557, 466, 0, 19, 0, 0, 1.96%, 0, 0, 8, 418.14
1567496563, 467, 0, 19, 0, 0, 1.96%, 0, 0, 8, 410.81
1567496568, 467, 3, 19, 0, 0, 1.96%, 0, 0, 8, 406.31
1567496573, 469, 0, 19, 0, 0, 1.96%, 0, 0, 8, 406.11
1567496578, 470, 0, 19, 0, 0, 1.96%, 0, 0, 8, 406.13
1567496583, 471, 18, 19, 0, 0, 1.96%, 0, 0, 8, 407.25
1567496588, 473, 0, 19, 0, 0, 1.96%, 0, 0, 8, 406.47
1567496593, 474, 0, 19, 0, 0, 1.96%, 0, 0, 8, 407.29
1567496599, 475, 3, 19, 0, 0, 1.96%, 0, 0, 8, 407.30
1567496604, 475, 18, 19, 0, 0, 1.96%, 0, 0, 8, 405.95
1567496609, 477, 0, 19, 0, 0, 1.96%, 0, 0, 8, 400.81
1567496614, 478, 5, 19, 0, 0, 1.96%, 0, 0, 8, 400.00
1567496619, 479, 18, 19, 0, 0, 1.96%, 0, 0, 8, 397.49
1567496624, 480, 13, 19, 0, 0, 1.96%, 0, 0, 8, 401.46
1567496634, 481, 4, 19, 0, 0, 1.96%, 0, 0, 8, 398.28
1567496639, 482, 18, 19, 0, 0, 1.96%, 0, 0, 8, 409.10
1567496645, 483, 12, 19, 0, 0, 1.96%, 0, 0, 8, 411.25
1567496650, 484, 18, 19, 0, 0, 1.96%, 0, 0, 8, 413.29
1567496655, 486, 0, 19, 0, 0, 1.96%, 0, 0, 8, 413.95
1567496660, 487, 2, 19, 0, 0, 1.96%, 0, 0, 8, 414.02
1567496665, 487, 18, 19, 0, 0, 1.96%, 0, 0, 8, 404.38
1567496670, 489, 0, 19, 0, 0, 1.96%, 0, 0, 8, 399.66
1567496675, 489, 9, 19, 0, 0, 1.96%, 0, 0, 8, 400.35
1567496680, 489, 18, 19, 0, 0, 1.96%, 0, 0, 8, 398.76
1567496685, 490, 18, 19, 0, 0, 1.96%, 0, 0, 8, 397.74
1567496690, 492, 0, 19, 0, 0, 1.96%, 0, 0, 8, 400.39
1567496695, 493, 9, 19, 0, 0, 1.96%, 0, 0, 8, 399.96
1567496700, 494, 0, 19, 0, 0, 1.96%, 0, 0, 8, 403.87
1567496705, 495, 0, 19, 0, 0, 1.96%, 0, 0, 8, 409.87
1567496711, 495, 16, 19, 0, 0, 1.96%, 0, 0, 8, 410.84
1567496721, 495, 18, 19, 0, 0, 1.96%, 0, 0, 8, 412.47
1567496726, 497, 0, 19, 0, 0, 1.96%, 0, 0, 8, 411.40
1567496731, 498, 2, 19, 0, 0, 1.96%, 0, 0, 8, 411.95
1567496736, 500, 0, 19, 0, 0, 1.96%, 0, 0, 8, 409.41
1567496741, 500, 12, 19, 0, 0, 1.96%, 0, 0, 8, 403.43
1567496747, 501, 0, 19, 0, 0, 1.96%, 0, 0, 8, 395.44
1567496752, 501, 18, 19, 0, 0, 1.96%, 0, 0, 8, 393.83
1567496757, 503, 0, 19, 0, 0, 1.96%, 0, 0, 8, 396.80
1567496762, 503, 18, 19, 0, 0, 1.96%, 0, 0, 8, 398.05
1567496767, 504, 13, 19, 0, 0, 1.96%, 0, 0, 8, 394.56
1567496772, 505, 0, 19, 0, 0, 1.96%, 0, 0, 8, 397.60
1567496777, 505, 7, 19, 0, 0, 1.96%, 0, 0, 8, 398.06
1567496782, 506, 18, 19, 0, 0, 1.96%, 0, 0, 8, 396.76
1567496787, 508, 0, 19, 0, 0, 1.96%, 0, 0, 8, 407.93
1567496792, 509, 13, 19, 0, 0, 1.96%, 0, 0, 8, 410.70
1567496802, 511, 0, 19, 0, 0, 1.96%, 0, 0, 8, 417.57
1567496808, 511, 18, 19, 0, 0, 1.96%, 0, 0, 8, 418.94
1567496813, 513, 0, 19, 0, 0, 1.96%, 0, 0, 8, 413.00
1567496818, 514, 0, 19, 0, 0, 1.96%, 0, 0, 8, 409.87
1567496823, 515, 6, 19, 0, 0, 1.96%, 0, 0, 8, 410.11
1567496828, 515, 8, 19, 0, 0, 1.96%, 0, 0, 8, 407.85
1567496833, 515, 16, 19, 0, 0, 1.96%, 0, 0, 8, 409.34
1567496849, 516, 4, 19, 0, 0, 1.96%, 0, 0, 8, 408.23
1567496854, 516, 7, 19, 0, 0, 1.96%, 0, 0, 8, 409.42
1567496859, 517, 15, 19, 0, 0, 1.96%, 0, 0, 8, 410.23
1567496864, 518, 10, 19, 0, 0, 1.96%, 0, 0, 8, 412.52
1567496869, 519, 0, 19, 0, 0, 1.96%, 0, 0, 8, 413.59
1567496874, 521, 0, 19, 0, 0, 1.96%, 0, 0, 8, 411.73
1567496879, 522, 18, 19, 0, 0, 1.96%, 0, 0, 8, 412.63
1567496884, 523, 12, 19, 0, 0, 1.96%, 0, 0, 8, 411.03
1567496890, 524, 0, 19, 0, 0, 1.96%, 0, 0, 8, 408.04
1567496895, 524, 18, 19, 0, 0, 1.96%, 0, 0, 8, 409.05
1567496900, 525, 10, 19, 0, 0, 1.96%, 0, 0, 8, 408.58
1567496905, 527, 0, 19, 0, 0, 1.96%, 0, 0, 8, 409.01
1567496910, 527, 6, 19, 0, 0, 1.96%, 0, 0, 8, 409.09
1567496915, 528, 18, 19, 0, 0, 1.96%, 0, 0, 8, 409.44
1567496920, 530, 0, 19, 0, 0, 1.96%, 0, 0, 8, 408.69
1567496926, 530, 15, 19, 0, 0, 1.96%, 0, 0, 8, 403.92
1567496931, 531, 18, 19, 0, 0, 1.96%, 0, 0, 8, 405.71
1567496936, 532, 12, 19, 0, 0, 1.96%, 0, 0, 8, 399.69
1567496941, 533, 0, 19, 0, 0, 1.96%, 0, 0, 8, 401.75
1567496946, 533, 17, 19, 0, 0, 1.96%, 0, 0, 8, 405.34
1567496956, 534, 0, 19, 0, 0, 1.96%, 0, 0, 8, 413.98
1567496961, 535, 18, 19, 0, 0, 1.96%, 0, 0, 8, 414.80
1567496967, 536, 3, 19, 0, 0, 1.96%, 0, 0, 8, 413.48
1567496972, 537, 16, 19, 0, 0, 1.96%, 0, 0, 8, 416.25
1567496987, 538, 0, 19, 0, 0, 1.96%, 0, 0, 8, 405.93
1567496992, 538, 18, 19, 0, 0, 1.96%, 0, 0, 8, 410.97
1567496997, 539, 3, 19, 0, 0, 1.96%, 0, 0, 8, 416.33
1567497002, 540, 14, 19, 0, 0, 1.96%, 0, 0, 8, 415.68
1567497007, 541, 0, 19, 0, 0, 1.96%, 0, 0, 8, 417.26
1567497012, 541, 18, 19, 0, 0, 1.96%, 0, 0, 8, 410.82
1567497017, 543, 0, 19, 0, 0, 1.96%, 0, 0, 8, 410.20
1567497022, 543, 12, 19, 0, 0, 1.96%, 0, 0, 8, 408.52
1567497028, 544, 0, 19, 0, 0, 1.96%, 0, 0, 8, 409.82
1567497033, 544, 11, 19, 0, 0, 1.96%, 0, 0, 8, 407.39
1567497038, 545, 0, 19, 0, 0, 1.96%, 0, 0, 8, 394.98
1567497043, 545, 18, 19, 0, 0, 1.96%, 0, 0, 8, 393.04
1567497048, 546, 4, 19, 0, 0, 1.96%, 0, 0, 8, 399.40
1567497053, 548, 0, 19, 0, 0, 1.96%, 0, 0, 8, 411.48
1567497058, 549, 9, 19, 0, 0, 1.96%, 0, 0, 8, 405.29
1567497063, 550, 0, 19, 0, 0, 1.96%, 0, 0, 8, 407.12
1567497068, 551, 3, 19, 0, 0, 1.96%, 0, 0, 8, 406.21
1567497073, 552, 0, 19, 0, 0, 1.96%, 0, 0, 8, 404.23
1567497079, 552, 18, 19, 0, 0, 1.96%, 0, 0, 8, 406.13
1567497084, 553, 15, 19, 0, 0, 1.96%, 0, 0, 8, 399.79
1567497089, 554, 15, 19, 0, 0, 1.96%, 0, 0, 8, 398.68
1567497094, 555, 13, 19, 0, 0, 1.96%, 0, 0, 8, 404.43
1567497099, 555, 18, 19, 0, 0, 1.96%, 0, 0, 8, 408.42
1567497104, 557, 0, 19, 0, 0, 1.96%, 0, 0, 8, 410.67
1567497109, 558, 0, 19, 0, 0, 1.96%, 0, 0, 8, 407.36
1567497114, 558, 18, 19, 0, 0, 1.96%, 0, 0, 8, 405.04
1567497119, 560, 0, 19, 0, 0, 1.96%, 0, 0, 8, 404.52
1567497125, 560, 13, 19, 0, 0, 1.96%, 0, 0, 8, 400.20
1567497130, 562, 0, 19, 0, 0, 1.96%, 0, 0, 8, 403.89
1567497135, 562, 10, 19, 0, 0, 1.96%, 0, 0, 8, 407.48
1567497140, 563, 15, 19, 0, 0, 1.96%, 0, 0, 8, 407.79
1567497145, 564, 1, 19, 0, 0, 1.96%, 0, 0, 8, 406.36
1567497150, 564, 13, 19, 0, 0, 1.96%, 0, 0, 8, 408.53
1567497155, 565, 2, 19, 0, 0, 1.96%, 0, 0, 8, 414.29
1567497160, 566, 0, 19, 0, 0, 1.96%, 0, 0, 8, 412.56
1567497165, 566, 18, 19, 0, 0, 1.96%, 0, 0, 8, 411.08
1567497171, 567, 4, 19, 0, 0, 1.96%, 0, 0, 8, 404.05
1567497176, 568, 4, 19, 0, 0, 1.96%, 0, 0, 8, 400.16
1567497181, 568, 15, 19, 0, 0, 1.96%, 0, 0, 8, 398.70
1567497186, 569, 13, 19, 0, 0, 1.96%, 0, 0, 8, 402.77
1567497191, 569, 18, 19, 0, 0, 1.96%, 0, 0, 8, 407.27
1567497196, 571, 0, 19, 0, 0, 1.96%, 0, 0, 8, 402.05
1567497201, 572, 0, 19, 0, 0, 1.96%, 0, 0, 8, 401.63
1567497206, 573, 0, 19, 0, 0, 1.96%, 0, 0, 8, 403.96
1567497211, 574, 10, 19, 0, 0, 1.96%, 0, 0, 8, 406.91
1567497217, 575, 0, 19, 0, 0, 1.96%, 0, 0, 8, 406.19
1567497222, 576, 13, 19, 0, 0, 1.96%, 0, 0, 8, 402.11
1567497227, 576, 18, 19, 0, 0, 1.96%, 0, 0, 8, 403.95
1567497232, 577, 10, 19, 0, 0, 1.96%, 0, 0, 8, 405.38
1567497237, 577, 18, 19, 0, 0, 1.96%, 0, 0, 8, 405.11
1567497242, 578, 8, 19, 0, 0, 1.96%, 0, 0, 8, 406.68
1567497247, 578, 18, 19, 0, 0, 1.96%, 0, 0, 8, 408.51
1567497253, 580, 0, 19, 0, 0, 1.96%, 0, 0, 8, 409.02
1567497258, 580, 11, 19, 0, 0, 1.96%, 0, 0, 8, 410.72
1567497263, 580, 12, 19, 0, 0, 1.96%, 0, 0, 8, 403.68
1567497268, 581, 13, 19, 0, 0, 1.96%, 0, 0, 8, 401.36
1567497273, 581, 18, 19, 0, 0, 1.96%, 0, 0, 8, 400.07
1567497278, 582, 17, 19, 0, 0, 1.96%, 0, 0, 8, 400.34
1567497293, 584, 0, 19, 0, 0, 1.96%, 0, 0, 8, 406.11
1567497299, 584, 18, 19, 0, 0, 1.96%, 0, 0, 8, 403.94
1567497304, 585, 9, 19, 0, 0, 1.96%, 0, 0, 8, 401.48
1567497309, 586, 7, 19, 0, 0, 1.96%, 0, 0, 8, 396.07
1567497314, 586, 9, 19, 0, 0, 1.96%, 0, 0, 8, 393.68
1567497319, 587, 4, 19, 0, 0, 1.96%, 0, 0, 8, 402.83
1567497324, 588, 0, 19, 0, 0, 1.96%, 0, 0, 8, 402.86
1567497329, 589, 0, 19, 0, 0, 1.96%, 0, 0, 8, 413.23
1567497334, 590, 1, 19, 0, 0, 1.96%, 0, 0, 8, 414.32
1567497339, 592, 0, 19, 0, 0, 1.96%, 0, 0, 8, 403.48
1567497344, 592, 4, 19, 0, 0, 1.96%, 0, 0, 8, 404.28
1567497349, 592, 18, 19, 0, 0, 1.96%, 0, 0, 8, 399.98
1567497355, 593, 4, 19, 0, 0, 1.96%, 0, 0, 8, 397.46
1567497360, 594, 3, 19, 0, 0, 1.96%, 0, 0, 8, 402.07
1567497365, 594, 6, 19, 0, 0, 1.96%, 0, 0, 8, 402.17
1567497370, 595, 11, 19, 0, 0, 1.96%, 0, 0, 8, 396.67
1567497375, 596, 0, 19, 0, 0, 1.96%, 0, 0, 8, 393.36
1567497380, 597, 18, 19, 0, 0, 1.96%, 0, 0, 8, 406.39
1567497385, 599, 10, 19, 0, 0, 1.96%, 0, 0, 8, 409.70
1567497390, 600, 0, 19, 0, 0, 1.96%, 0, 0, 8, 403.83
1567497395, 600, 18, 19, 0, 0, 1.96%, 0, 0, 8, 413.21
1567497400, 601, 12, 19, 0, 0, 1.96%, 0, 0, 8, 412.22
1567497405, 602, 6, 19, 0, 0, 1.96%, 0, 0, 8, 414.05
1567497410, 602, 10, 19, 0, 0, 1.96%, 0, 0, 8, 416.80
1567497415, 602, 18, 19, 0, 0, 1.96%, 0, 0, 8, 415.08
1567497420, 604, 0, 19, 0, 0, 1.96%, 0, 0, 8, 417.16
1567497425, 604, 13, 19, 0, 0, 1.96%, 0, 0, 8, 417.61
1567497430, 605, 0, 19, 0, 0, 1.96%, 0, 0, 8, 415.69
1567497436, 606, 18, 19, 0, 0, 1.96%, 0, 0, 8, 417.11
1567497441, 608, 0, 19, 0, 0, 1.96%, 0, 0, 8, 417.77
1567497446, 608, 17, 19, 0, 0, 1.96%, 0, 0, 8, 410.17
1567497456, 609, 5, 19, 0, 0, 1.96%, 0, 0, 8, 412.24
1567497461, 609, 18, 19, 0, 0, 1.96%, 0, 0, 8, 403.62
1567497466, 611, 0, 19, 0, 0, 1.96%, 0, 0, 8, 396.32
1567497471, 611, 7, 19, 0, 0, 1.96%, 0, 0, 8, 405.73
1567497476, 612, 18, 19, 0, 0, 1.96%, 0, 0, 8, 411.02
1567497481, 613, 18, 19, 0, 0, 1.96%, 0, 0, 8, 410.58
1567497486, 615, 0, 19, 0, 0, 1.96%, 0, 0, 8, 415.92
1567497491, 616, 7, 19, 0, 0, 1.96%, 0, 0, 8, 416.93
1567497496, 616, 10, 19, 0, 0, 1.96%, 0, 0, 8, 418.51
1567497502, 617, 8, 19, 0, 0, 1.96%, 0, 0, 8, 409.14
1567497507, 618, 1, 19, 0, 0, 1.96%, 0, 0, 8, 403.30
1567497512, 618, 11, 19, 0, 0, 1.96%, 0, 0, 8, 399.33
1567497517, 618, 17, 19, 0, 0, 1.96%, 0, 0, 8, 396.03
1567497527, 619, 18, 19, 0, 0, 1.96%, 0, 0, 8, 406.15
1567497532, 620, 18, 19, 0, 0, 1.96%, 0, 0, 8, 410.24
1567497537, 622, 0, 19, 0, 0, 1.96%, 0, 0, 8, 408.22
1567497543, 622, 18, 19, 0, 0, 1.96%, 0, 0, 8, 409.94
1567497548, 623, 12, 19, 0, 0, 1.96%, 0, 0, 8, 415.20
1567497553, 623, 17, 19, 0, 0, 1.96%, 0, 0, 8, 412.33
1567497563, 624, 5, 19, 0, 0, 1.96%, 0, 0, 8, 409.86
1567497568, 625, 3, 19, 0, 0, 1.96%, 0, 0, 8, 414.38
1567497573, 626, 0, 19, 0, 0, 1.96%, 0, 0, 8, 416.71
1567497578, 626, 5, 19, 0, 0, 1.96%, 0, 0, 8, 409.90
1567497583, 627, 10, 19, 0, 0, 1.96%, 0, 0, 8, 403.20
1567497588, 628, 0, 19, 0, 0, 1.96%, 0, 0, 8, 402.45
1567497594, 628, 14, 19, 0, 0, 1.96%, 0, 0, 8, 394.89
1567497599, 628, 15, 19, 0, 0, 1.96%, 0, 0, 8, 404.95
1567497604, 629, 13, 19, 0, 0, 1.96%, 0, 0, 8, 409.36
1567497609, 629, 18, 19, 0, 0, 1.96%, 0, 0, 8, 409.89
1567497614, 630, 3, 19, 0, 0, 1.96%, 0, 0, 8, 406.90
1567497619, 632, 0, 19, 0, 0, 1.96%, 0, 0, 8, 409.36
1567497624, 632, 18, 19, 0, 0, 1.96%, 0, 0, 8, 410.20
1567497630, 633, 11, 19, 0, 0, 1.96%, 0, 0, 8, 409.21
1567497635, 634, 16, 19, 0, 0, 1.96%, 0, 0, 8, 409.17
1567497650, 634, 18, 19, 0, 0, 1.96%, 0, 0, 8, 403.89
1567497655, 635, 11, 19, 0, 0, 1.96%, 0, 0, 8, 398.57
1567497660, 637, 0, 19, 0, 0, 1.96%, 0, 0, 8, 402.17
1567497665, 637, 15, 19, 0, 0, 1.96%, 0, 0, 8, 407.92
1567497670, 637, 17, 19, 0, 0, 1.96%, 0, 0, 8, 402.52
1567497680, 638, 0, 19, 0, 0, 1.96%, 0, 0, 8, 404.71
1567497686, 639, 0, 19, 0, 0, 1.96%, 0, 0, 8, 400.68
1567497691, 640, 0, 19, 0, 0, 1.96%, 0, 0, 8, 401.27
1567497696, 640, 18, 19, 0, 0, 1.96%, 0, 0, 8, 401.82
1567497701, 641, 5, 19, 0, 0, 1.96%, 0, 0, 8, 402.56
1567497706, 642, 11, 19, 0, 0, 1.96%, 0, 0, 8, 408.45
1567497711, 643, 0, 19, 0, 0, 1.96%, 0, 0, 8, 410.89
1567497716, 645, 0, 19, 0, 0, 1.96%, 0, 0, 8, 408.76
1567497721, 646, 0, 19, 0, 0, 1.96%, 0, 0, 8, 411.52
1567497727, 647, 12, 19, 0, 0, 1.96%, 0, 0, 8, 412.99
1567497732, 648, 0, 19, 0, 0, 1.96%, 0, 0, 8, 404.94
1567497737, 648, 13, 19, 0, 0, 1.96%, 0, 0, 8, 406.01
1567497742, 648, 18, 19, 0, 0, 1.96%, 0, 0, 8, 406.78
1567497747, 649, 3, 19, 0, 0, 1.96%, 0, 0, 8, 413.17
1567497752, 649, 9, 19, 0, 0, 1.96%, 0, 0, 8, 419.84
1567497757, 650, 0, 19, 0, 0, 1.96%, 0, 0, 8, 421.40
1567497762, 651, 10, 19, 0, 0, 1.96%, 0, 0, 8, 419.79
1567497767, 652, 18, 19, 0, 0, 1.96%, 0, 0, 8, 421.01
1567497772, 654, 0, 19, 0, 0, 1.96%, 0, 0, 8, 421.34
1567497777, 655, 14, 19, 0, 0, 1.96%, 0, 0, 8, 419.51
1567497782, 656, 0, 19, 0, 0, 1.96%, 0, 0, 8, 421.02
1567497787, 656, 17, 19, 0, 0, 1.96%, 0, 0, 8, 410.73
1567497798, 657, 2, 19, 0, 0, 1.96%, 0, 0, 8, 406.44
1567497803, 658, 5, 19, 0, 0, 1.96%, 0, 0, 8, 405.15
1567497808, 659, 10, 19, 0, 0, 1.96%, 0, 0, 8, 406.01
1567497813, 660, 0, 19, 0, 0, 1.96%, 0, 0, 8, 408.15
1567497818, 662, 0, 19, 0, 0, 1.96%, 0, 0, 8, 408.98
1567497823, 663, 2, 19, 0, 0, 1.96%, 0, 0, 8, 408.59
1567497828, 664, 5, 19, 0, 0, 1.96%, 0, 0, 8, 406.87
1567497834, 665, 18, 19, 0, 0, 1.96%, 0, 0, 8, 409.93
1567497839, 666, 9, 19, 0, 0, 1.96%, 0, 0, 8, 409.16
1567497844, 667, 1, 19, 0, 0, 1.96%, 0, 0, 8, 409.03
1567497849, 667, 16, 19, 0, 0, 1.96%, 0, 0, 8, 414.85
1567497864, 668, 0, 19, 0, 0, 1.96%, 0, 0, 8, 417.07
1567497869, 669, 8, 19, 0, 0, 1.96%, 0, 0, 8, 416.16
1567497874, 670, 0, 19, 0, 0, 1.96%, 0, 0, 8, 416.99
1567497879, 670, 17, 19, 0, 0, 1.96%, 0, 0, 8, 417.49
1567497889, 671, 18, 19, 0, 0, 1.96%, 0, 0, 8, 417.30
1567497895, 672, 3, 19, 0, 0, 1.96%, 0, 0, 8, 416.50
1567497900, 673, 18, 19, 0, 0, 1.96%, 0, 0, 8, 407.16
1567497905, 675, 7, 19, 0, 0, 1.96%, 0, 0, 8, 408.70
1567497910, 676, 0, 19, 0, 0, 1.96%, 0, 0, 8, 410.31
1567497915, 677, 13, 20, 1, 0, 1.97%, 0, 0, 8, 408.41
1567497920, 677, 18, 20, 1, 0, 1.97%, 0, 0, 8, 412.22
1567497925, 679, 0, 20, 1, 0, 1.97%, 0, 0, 8, 414.23
1567497930, 679, 6, 20, 1, 0, 1.97%, 0, 0, 8, 414.79
1567497935, 680, 0, 20, 1, 0, 1.97%, 0, 0, 8, 414.06
1567497941, 680, 18, 20, 1, 0, 1.97%, 0, 0, 8, 411.49
1567497946, 681, 19, 20, 1, 0, 1.97%, 0, 0, 8, 408.44
1567497977, 682, 14, 20, 0, 0, 1.97%, 0, 0, 8, 407.31
1567497982, 683, 12, 20, 0, 0, 1.97%, 0, 0, 8, 407.66
1567497987, 683, 15, 20, 0, 0, 1.97%, 0, 0, 8, 406.79
1567497992, 683, 17, 20, 0, 0, 1.97%, 0, 0, 8, 409.97
1567498002, 684, 3, 20, 0, 0, 1.97%, 0, 0, 8, 405.28
1567498007, 685, 0, 20, 0, 0, 1.97%, 0, 0, 8, 398.75
1567498013, 685, 4, 20, 0, 0, 1.97%, 0, 0, 8, 402.97
1567498018, 685, 12, 20, 0, 0, 1.97%, 0, 0, 8, 402.02
1567498023, 686, 0, 20, 0, 0, 1.97%, 0, 0, 8, 404.64
1567498028, 686, 9, 20, 0, 0, 1.97%, 0, 0, 8, 407.17
1567498033, 687, 18, 20, 0, 0, 1.97%, 0, 0, 8, 404.38
1567498038, 688, 14, 20, 0, 0, 1.97%, 0, 0, 8, 405.44
1567498043, 689, 12, 20, 0, 0, 1.97%, 0, 0, 8, 412.39
1567498048, 690, 5, 20, 0, 0, 1.97%, 0, 0, 8, 412.27
1567498054, 690, 16, 20, 0, 0, 1.97%, 0, 0, 8, 411.66
1567498069, 691, 0, 20, 0, 0, 1.97%, 0, 0, 8, 415.08
1567498074, 691, 18, 20, 0, 0, 1.97%, 0, 0, 8, 408.99
1567498079, 692, 17, 20, 0, 0, 1.97%, 0, 0, 8, 405.66
1567498089, 692, 19, 20, 0, 0, 1.97%, 0, 0, 8, 413.25
1567498100, 694, 0, 20, 0, 0, 1.97%, 0, 0, 8, 402.44
1567498105, 694, 18, 20, 0, 0, 1.97%, 0, 0, 8, 406.70
1567498110, 696, 0, 20, 0, 0, 1.97%, 0, 0, 8, 403.21
1567498115, 697, 18, 20, 0, 0, 1.97%, 0, 0, 8, 409.91
1567498120, 699, 0, 20, 0, 0, 1.97%, 0, 0, 8, 411.81
1567498125, 701, 0, 20, 0, 0, 1.97%, 0, 0, 8, 410.34
1567498130, 701, 18, 20, 0, 0, 1.97%, 0, 0, 8, 404.21
1567498135, 702, 6, 20, 0, 0, 1.97%, 0, 0, 8, 400.66
1567498140, 703, 0, 20, 0, 0, 1.97%, 0, 0, 8, 406.14
1567498146, 703, 17, 20, 0, 0, 1.97%, 0, 0, 8, 409.96
1567498156, 704, 17, 20, 0, 0, 1.97%, 0, 0, 8, 416.02
1567498166, 704, 18, 20, 0, 0, 1.97%, 0, 0, 8, 422.45
1567498171, 706, 0, 20, 0, 0, 1.97%, 0, 0, 8, 417.34
1567498176, 707, 4, 20, 0, 0, 1.97%, 0, 0, 8, 415.38
1567498181, 707, 8, 20, 0, 0, 1.97%, 0, 0, 8, 419.08
1567498186, 707, 18, 20, 0, 0, 1.97%, 0, 0, 8, 419.19
1567498191, 708, 7, 20, 0, 0, 1.97%, 0, 0, 8, 417.89
1567498196, 709, 18, 20, 0, 0, 1.97%, 0, 0, 8, 419.32
1567498202, 710, 12, 20, 0, 0, 1.97%, 0, 0, 8, 416.52
1567498207, 711, 18, 20, 0, 0, 1.97%, 0, 0, 8, 418.35
1567498212, 712, 18, 20, 0, 0, 1.97%, 0, 0, 8, 419.34
1567498217, 713, 18, 20, 0, 0, 1.97%, 0, 0, 8, 418.56
1567498222, 715, 3, 20, 0, 0, 1.97%, 0, 0, 8, 419.36
1567498227, 716, 0, 20, 0, 0, 1.97%, 0, 0, 8, 419.12
1567498232, 716, 18, 20, 0, 0, 1.97%, 0, 0, 8, 412.29
1567498237, 717, 16, 20, 0, 0, 1.97%, 0, 0, 8, 411.83
1567498252, 718, 8, 20, 0, 0, 1.97%, 0, 0, 8, 411.84
1567498257, 718, 13, 20, 0, 0, 1.97%, 0, 0, 8, 406.93
1567498263, 719, 0, 20, 0, 0, 1.97%, 0, 0, 8, 404.50
1567498268, 720, 11, 20, 0, 0, 1.97%, 0, 0, 8, 404.55
1567498273, 721, 0, 20, 0, 0, 1.97%, 0, 0, 8, 399.15
1567498278, 721, 16, 20, 0, 0, 1.97%, 0, 0, 8, 404.41
1567498293, 721, 19, 20, 0, 0, 1.97%, 0, 0, 8, 399.95
1567498298, 722, 0, 20, 0, 0, 1.97%, 0, 0, 8, 398.80
1567498303, 723, 18, 20, 0, 0, 1.97%, 0, 0, 8, 398.69
1567498308, 724, 14, 20, 0, 0, 1.97%, 0, 0, 8, 415.25
1567498313, 725, 4, 20, 0, 0, 1.97%, 0, 0, 8, 419.25
1567498318, 725, 14, 20, 0, 0, 1.97%, 0, 0, 8, 417.17
1567498323, 725, 19, 20, 0, 0, 1.97%, 0, 0, 8, 414.99
1567498329, 726, 0, 20, 0, 0, 1.97%, 0, 0, 8, 413.16
1567498334, 727, 0, 20, 0, 0, 1.97%, 0, 0, 8, 409.74
1567498339, 727, 14, 20, 0, 0, 1.97%, 0, 0, 8, 413.42
1567498344, 729, 0, 20, 0, 0, 1.97%, 0, 0, 8, 409.95
1567498349, 730, 12, 20, 0, 0, 1.97%, 0, 0, 8, 406.77
1567498354, 731, 0, 20, 0, 0, 1.97%, 0, 0, 8, 408.19
1567498359, 732, 18, 20, 0, 0, 1.97%, 0, 0, 8, 409.24
1567498365, 733, 10, 20, 0, 0, 1.97%, 0, 0, 8, 407.09
1567498370, 734, 0, 20, 0, 0, 1.97%, 0, 0, 8, 406.37
1567498375, 734, 18, 20, 0, 0, 1.97%, 0, 0, 8, 409.50
1567498380, 736, 0, 20, 0, 0, 1.97%, 0, 0, 8, 409.48
1567498385, 737, 18, 20, 0, 0, 1.97%, 0, 0, 8, 408.72
1567498390, 738, 16, 20, 0, 0, 1.97%, 0, 0, 8, 413.90
1567498405, 738, 17, 20, 0, 0, 1.97%, 0, 0, 8, 408.25
1567498416, 739, 8, 20, 0, 0, 1.97%, 0, 0, 8, 406.83
1567498421, 739, 10, 20, 0, 0, 1.97%, 0, 0, 8, 416.86
1567498426, 739, 11, 20, 0, 0, 1.97%, 0, 0, 8, 417.86
1567498431, 740, 8, 20, 0, 0, 1.97%, 0, 0, 8, 407.36
1567498436, 740, 9, 20, 0, 0, 1.97%, 0, 0, 8, 406.15
1567498441, 740, 18, 20, 0, 0, 1.97%, 0, 0, 8, 406.97
1567498446, 741, 3, 20, 0, 0, 1.97%, 0, 0, 8, 405.03
1567498451, 741, 9, 20, 0, 0, 1.97%, 0, 0, 8, 416.08
1567498456, 742, 0, 20, 0, 0, 1.97%, 0, 0, 8, 417.91
1567498461, 742, 13, 20, 0, 0, 1.97%, 0, 0, 8, 419.99
1567498466, 743, 10, 20, 0, 0, 1.97%, 0, 0, 8, 418.93
1567498472, 744, 0, 20, 0, 0, 1.97%, 0, 0, 8, 403.35
1567498477, 744, 17, 20, 0, 0, 1.97%, 0, 0, 8, 399.72
1567498492, 745, 11, 20, 0, 0, 1.97%, 0, 0, 8, 402.64
1567498497, 746, 18, 20, 0, 0, 1.97%, 0, 0, 8, 400.87
1567498502, 748, 0, 20, 0, 0, 1.97%, 0, 0, 8, 399.22
1567498508, 748, 10, 20, 0, 0, 1.97%, 0, 0, 8, 408.48
1567498513, 749, 0, 20, 0, 0, 1.97%, 0, 0, 8, 406.54
1567498518, 750, 18, 20, 0, 0, 1.97%, 0, 0, 8, 405.65
1567498523, 751, 12, 20, 0, 0, 1.97%, 0, 0, 8, 407.44
1567498528, 752, 0, 20, 0, 0, 1.97%, 0, 0, 8, 407.65
1567498533, 752, 13, 20, 0, 0, 1.97%, 0, 0, 8, 411.95
1567498538, 753, 0, 20, 0, 0, 1.97%, 0, 0, 8, 414.61
1567498543, 753, 18, 20, 0, 0, 1.97%, 0, 0, 8, 414.91
1567498548, 754, 10, 20, 0, 0, 1.97%, 0, 0, 8, 410.27
1567498554, 755, 3, 20, 0, 0, 1.97%, 0, 0, 8, 405.87
1567498559, 756, 0, 20, 0, 0, 1.97%, 0, 0, 8, 401.62
1567498564, 757, 15, 20, 0, 0, 1.97%, 0, 0, 8, 406.45
1567498569, 758, 6, 20, 0, 0, 1.97%, 0, 0, 8, 404.22
1567498574, 758, 14, 20, 0, 0, 1.97%, 0, 0, 8, 405.83
1567498579, 759, 15, 20, 0, 0, 1.97%, 0, 0, 8, 409.44
1567498584, 760, 12, 20, 0, 0, 1.97%, 0, 0, 8, 409.78
1567498589, 761, 0, 20, 0, 0, 1.97%, 0, 0, 8, 405.43
1567498595, 761, 16, 20, 0, 0, 1.97%, 0, 0, 8, 407.92
1567498610, 763, 0, 20, 0, 0, 1.97%, 0, 0, 8, 400.78
1567498615, 763, 6, 20, 0, 0, 1.97%, 0, 0, 8, 381.73
1567498620, 763, 17, 20, 0, 0, 1.97%, 0, 0, 8, 398.09
1567498630, 764, 11, 20, 0, 0, 1.97%, 0, 0, 8, 409.43
1567498635, 765, 0, 20, 0, 0, 1.97%, 0, 0, 8, 409.18
1567498641, 765, 19, 20, 0, 0, 1.97%, 0, 0, 8, 410.30
1567498646, 766, 0, 20, 0, 0, 1.97%, 0, 0, 8, 411.12
1567498651, 767, 0, 20, 0, 0, 1.97%, 0, 0, 8, 408.36
1567498656, 767, 9, 20, 0, 0, 1.97%, 0, 0, 8, 410.18
1567498661, 768, 11, 20, 0, 0, 1.97%, 0, 0, 8, 413.70
1567498666, 769, 7, 20, 0, 0, 1.97%, 0, 0, 8, 409.37
1567498671, 770, 0, 20, 0, 0, 1.97%, 0, 0, 8, 409.21
1567498677, 770, 18, 20, 0, 0, 1.97%, 0, 0, 8, 410.68
1567498682, 772, 0, 20, 0, 0, 1.97%, 0, 0, 8, 410.51
1567498687, 773, 3, 20, 0, 0, 1.97%, 0, 0, 8, 412.28
1567498692, 773, 18, 20, 0, 0, 1.97%, 0, 0, 8, 412.94
1567498697, 774, 12, 20, 0, 0, 1.97%, 0, 0, 8, 408.26
1567498702, 775, 0, 20, 0, 0, 1.97%, 0, 0, 8, 408.25
1567498707, 775, 6, 20, 0, 0, 1.97%, 0, 0, 8, 409.54
1567498713, 776, 0, 20, 0, 0, 1.97%, 0, 0, 8, 408.52
1567498718, 777, 15, 20, 0, 0, 1.97%, 0, 0, 8, 412.53
1567498723, 778, 5, 20, 0, 0, 1.97%, 0, 0, 8, 415.86
1567498728, 778, 18, 20, 0, 0, 1.97%, 0, 0, 8, 407.62
1567498733, 780, 0, 20, 0, 0, 1.97%, 0, 0, 8, 403.81
1567498738, 781, 1, 20, 0, 0, 1.97%, 0, 0, 8, 404.68
1567498743, 781, 19, 20, 0, 0, 1.97%, 0, 0, 8, 402.54
1567498748, 782, 0, 20, 0, 0, 1.97%, 0, 0, 8, 405.39
1567498753, 782, 8, 20, 0, 0, 1.97%, 0, 0, 8, 403.86
1567498758, 783, 0, 20, 0, 0, 1.97%, 0, 0, 8, 405.93
1567498764, 783, 10, 20, 0, 0, 1.97%, 0, 0, 8, 405.03
1567498769, 784, 0, 20, 0, 0, 1.97%, 0, 0, 8, 406.42
1567498774, 784, 16, 20, 0, 0, 1.97%, 0, 0, 8, 403.33
1567498789, 784, 19, 20, 0, 0, 1.97%, 0, 0, 8, 416.59
1567498794, 785, 0, 20, 0, 0, 1.97%, 0, 0, 8, 417.10
1567498799, 786, 18, 20, 0, 0, 1.97%, 0, 0, 8, 412.74
1567498804, 787, 19, 20, 0, 0, 1.97%, 0, 0, 8, 408.24
1567498815, 789, 0, 20, 0, 0, 1.97%, 0, 0, 8, 407.24
1567498820, 790, 0, 20, 0, 0, 1.97%, 0, 0, 8, 409.70
1567498825, 791, 18, 20, 0, 0, 1.97%, 0, 0, 8, 410.26
1567498830, 792, 9, 20, 0, 0, 1.97%, 0, 0, 8, 407.60
1567498835, 794, 0, 20, 0, 0, 1.97%, 0, 0, 8, 406.15
1567498840, 795, 18, 20, 0, 0, 1.97%, 0, 0, 8, 412.15
1567498845, 797, 0, 20, 0, 0, 1.97%, 0, 0, 8, 407.63
1567498851, 797, 7, 20, 0, 0, 1.97%, 0, 0, 8, 409.01
1567498856, 798, 0, 20, 0, 0, 1.97%, 0, 0, 8, 400.38
1567498861, 798, 18, 20, 0, 0, 1.97%, 0, 0, 8, 391.14
1567498866, 799, 6, 20, 0, 0, 1.97%, 0, 0, 8, 405.02
1567498871, 800, 0, 20, 0, 0, 1.97%, 0, 0, 8, 405.49
1567498876, 800, 4, 20, 0, 0, 1.97%, 0, 0, 8, 405.27
1567498881, 801, 8, 20, 0, 0, 1.97%, 0, 0, 8, 409.16
1567498886, 802, 18, 20, 0, 0, 1.97%, 0, 0, 8, 411.13
1567498892, 803, 10, 20, 0, 0, 1.97%, 0, 0, 8, 406.52
1567498897, 804, 17, 20, 0, 0, 1.97%, 0, 0, 8, 405.77
1567498907, 804, 18, 20, 0, 0, 1.97%, 0, 0, 8, 409.06
1567498912, 805, 14, 20, 0, 0, 1.97%, 0, 0, 8, 409.34
1567498917, 806, 10, 20, 0, 0, 1.97%, 0, 0, 8, 408.58
1567498922, 807, 0, 20, 0, 0, 1.97%, 0, 0, 8, 404.59
1567498928, 808, 0, 20, 0, 0, 1.97%, 0, 0, 8, 406.90
1567498933, 808, 16, 20, 0, 0, 1.97%, 0, 0, 8, 405.21
1567498948, 808, 19, 20, 0, 0, 1.97%, 0, 0, 8, 415.48
1567498953, 809, 0, 20, 0, 0, 1.97%, 0, 0, 8, 411.65
1567498958, 809, 7, 20, 0, 0, 1.97%, 0, 0, 8, 405.40
1567498963, 810, 5, 20, 0, 0, 1.97%, 0, 0, 8, 401.00
1567498968, 811, 11, 20, 0, 0, 1.97%, 0, 0, 8, 402.32
1567498973, 812, 0, 20, 0, 0, 1.97%, 0, 0, 8, 403.98
1567498979, 812, 18, 20, 0, 0, 1.97%, 0, 0, 8, 407.88
1567498984, 813, 15, 20, 0, 0, 1.97%, 0, 0, 8, 410.12
1567498989, 814, 18, 20, 0, 0, 1.97%, 0, 0, 8, 415.89
1567498994, 816, 0, 20, 0, 0, 1.97%, 0, 0, 8, 415.66
1567498999, 817, 15, 20, 0, 0, 1.97%, 0, 0, 8, 415.46
1567499004, 817, 16, 20, 0, 0, 1.97%, 0, 0, 8, 416.43
1567499019, 819, 0, 20, 0, 0, 1.97%, 0, 0, 8, 417.02
1567499024, 820, 8, 20, 0, 0, 1.97%, 0, 0, 8, 416.97
1567499029, 821, 0, 20, 0, 0, 1.97%, 0, 0, 8, 416.12
1567499034, 822, 18, 20, 0, 0, 1.97%, 0, 0, 8, 416.25
1567499039, 824, 10, 20, 0, 0, 1.97%, 0, 0, 8, 417.32
1567499045, 825, 0, 20, 0, 0, 1.97%, 0, 0, 8, 416.82
1567499050, 825, 18, 20, 0, 0, 1.97%, 0, 0, 8, 417.99
1567499055, 827, 0, 20, 0, 0, 1.97%, 0, 0, 8, 414.06
1567499060, 828, 2, 20, 0, 0, 1.97%, 0, 0, 8, 412.49
1567499065, 828, 18, 20, 0, 0, 1.97%, 0, 0, 8, 409.88
1567499070, 829, 6, 20, 0, 0, 1.97%, 0, 0, 8, 407.30
1567499075, 830, 17, 20, 0, 0, 1.97%, 0, 0, 8, 413.13
1567499085, 830, 18, 20, 0, 0, 1.97%, 0, 0, 8, 409.35
1567499091, 832, 0, 20, 0, 0, 1.97%, 0, 0, 8, 405.47
1567499096, 832, 16, 20, 0, 0, 1.97%, 0, 0, 8, 408.22
1567499106, 832, 18, 20, 0, 0, 1.97%, 0, 0, 8, 405.94
1567499111, 834, 0, 20, 0, 0, 1.97%, 0, 0, 8, 408.98
1567499116, 835, 0, 20, 0, 0, 1.97%, 0, 0, 8, 414.49
1567499121, 835, 11, 20, 0, 0, 1.97%, 0, 0, 8, 418.68
1567499126, 836, 0, 20, 0, 0, 1.97%, 0, 0, 8, 419.64
1567499131, 837, 17, 20, 0, 0, 1.97%, 0, 0, 8, 408.29
1567499142, 837, 18, 20, 0, 0, 1.97%, 0, 0, 8, 415.46
1567499147, 839, 9, 20, 0, 0, 1.97%, 0, 0, 8, 408.49
1567499152, 839, 15, 20, 0, 0, 1.97%, 0, 0, 8, 406.88
1567499157, 841, 0, 20, 0, 0, 1.97%, 0, 0, 8, 411.88
1567499162, 841, 18, 20, 0, 0, 1.97%, 0, 0, 8, 411.91
1567499167, 842, 18, 20, 0, 0, 1.97%, 0, 0, 8, 414.79
1567499172, 844, 0, 20, 0, 0, 1.97%, 0, 0, 8, 414.24
1567499177, 845, 16, 20, 0, 0, 1.97%, 0, 0, 8, 408.90
1567499193, 846, 0, 20, 0, 0, 1.97%, 0, 0, 8, 415.69
1567499198, 846, 14, 20, 0, 0, 1.97%, 0, 0, 8, 416.93
1567499203, 847, 13, 20, 0, 0, 1.97%, 0, 0, 8, 410.97
1567499208, 847, 14, 20, 0, 0, 1.97%, 0, 0, 8, 404.26
1567499213, 847, 17, 20, 0, 0, 1.97%, 0, 0, 8, 409.50
1567499223, 848, 0, 20, 0, 0, 1.97%, 0, 0, 8, 406.45
1567499229, 848, 18, 20, 0, 0, 1.97%, 0, 0, 8, 413.10
1567499234, 849, 5, 20, 0, 0, 1.97%, 0, 0, 8, 411.77
1567499239, 851, 0, 20, 0, 0, 1.97%, 0, 0, 8, 409.73
1567499244, 852, 17, 20, 0, 0, 1.97%, 0, 0, 8, 410.67
1567499259, 854, 0, 20, 0, 0, 1.97%, 0, 0, 8, 412.16
1567499264, 855, 18, 20, 0, 0, 1.97%, 0, 0, 8, 410.25
1567499270, 856, 18, 20, 0, 0, 1.97%, 0, 0, 8, 404.04
1567499275, 858, 0, 21, 1, 0, 1.97%, 0, 0, 8, 409.66
1567499280, 858, 14, 21, 1, 0, 1.97%, 0, 0, 8, 411.12
1567499285, 858, 15, 21, 1, 0, 1.97%, 0, 0, 8, 403.84
1567499290, 859, 18, 21, 1, 0, 1.97%, 0, 0, 8, 405.46
1567499295, 860, 20, 21, 1, 0, 1.97%, 0, 0, 8, 411.63
1567499418, 861, 0, 21, 0, 0, 1.97%, 0, 0, 8, 400.90
1567499423, 862, 11, 21, 0, 0, 1.97%, 0, 0, 8, 403.12
1567499428, 863, 0, 21, 0, 0, 1.97%, 0, 0, 8, 404.81
1567499433, 863, 16, 21, 0, 0, 1.97%, 0, 0, 8, 402.45
1567499448, 864, 0, 21, 0, 0, 1.97%, 0, 0, 8, 397.24
1567499453, 864, 19, 21, 0, 0, 1.97%, 0, 0, 8, 402.30
1567499464, 864, 20, 21, 0, 0, 1.97%, 0, 0, 8, 408.42
1567499469, 865, 1, 21, 0, 0, 1.97%, 0, 0, 8, 410.74
1567499474, 865, 18, 21, 0, 0, 1.97%, 0, 0, 8, 410.84
1567499479, 867, 0, 21, 0, 0, 1.97%, 0, 0, 8, 406.40
1567499484, 867, 20, 21, 0, 0, 1.97%, 0, 0, 8, 400.87
1567499489, 868, 0, 21, 0, 0, 1.97%, 0, 0, 8, 403.71
1567499494, 868, 18, 21, 0, 0, 1.97%, 0, 0, 8, 401.37
1567499500, 870, 0, 21, 0, 0, 1.97%, 0, 0, 8, 400.76
1567499505, 871, 2, 21, 0, 0, 1.97%, 0, 0, 8, 407.54
1567499510, 873, 0, 21, 0, 0, 1.97%, 0, 0, 8, 409.09
1567499515, 874, 5, 21, 0, 0, 1.97%, 0, 0, 8, 413.33
1567499520, 874, 9, 21, 0, 0, 1.97%, 0, 0, 8, 413.42
1567499525, 874, 14, 21, 0, 0, 1.97%, 0, 0, 8, 414.22
1567499530, 875, 18, 21, 0, 0, 1.97%, 0, 0, 8, 414.59
1567499535, 877, 0, 21, 0, 0, 1.97%, 0, 0, 8, 412.93
1567499540, 877, 20, 21, 0, 0, 1.97%, 0, 0, 8, 413.03
1567499545, 878, 0, 21, 0, 0, 1.97%, 0, 0, 8, 413.87
1567499550, 878, 18, 21, 0, 0, 1.97%, 0, 0, 8, 414.15
1567499555, 880, 0, 21, 0, 0, 1.97%, 0, 0, 8, 412.97
1567499561, 880, 18, 21, 0, 0, 1.97%, 0, 0, 8, 412.62
1567499566, 882, 0, 21, 0, 0, 1.97%, 0, 0, 8, 409.51
1567499571, 882, 9, 21, 0, 0, 1.97%, 0, 0, 8, 410.80
1567499576, 882, 20, 21, 0, 0, 1.97%, 0, 0, 8, 410.33
1567499586, 883, 11, 21, 0, 0, 1.97%, 0, 0, 8, 409.21
1567499591, 883, 16, 21, 0, 0, 1.97%, 0, 0, 8, 412.12
1567499602, 883, 18, 21, 0, 0, 1.97%, 0, 0, 8, 405.68
1567499607, 883, 19, 21, 0, 0, 1.97%, 0, 0, 8, 411.94
1567499612, 884, 14, 21, 0, 0, 1.97%, 0, 0, 8, 413.64
1567499617, 884, 20, 21, 0, 0, 1.97%, 0, 0, 8, 413.07
1567499627, 886, 0, 21, 0, 0, 1.97%, 0, 0, 8, 413.89
1567499632, 887, 10, 21, 0, 0, 1.97%, 0, 0, 8, 410.63
1567499637, 888, 0, 21, 0, 0, 1.97%, 0, 0, 8, 412.41
1567499642, 888, 18, 21, 0, 0, 1.97%, 0, 0, 8, 412.95
1567499648, 889, 3, 21, 0, 0, 1.97%, 0, 0, 8, 412.21
1567499653, 889, 19, 21, 0, 0, 1.97%, 0, 0, 8, 412.90
1567499658, 890, 0, 21, 0, 0, 1.97%, 0, 0, 8, 413.48
1567499663, 890, 10, 21, 0, 0, 1.97%, 0, 0, 8, 411.96
1567499668, 891, 0, 21, 0, 0, 1.97%, 0, 0, 8, 411.44
1567499673, 891, 12, 21, 0, 0, 1.97%, 0, 0, 8, 407.31
1567499678, 891, 17, 21, 0, 0, 1.97%, 0, 0, 8, 410.39
1567499689, 892, 0, 21, 0, 0, 1.97%, 0, 0, 8, 405.85
1567499694, 892, 7, 21, 0, 0, 1.97%, 0, 0, 8, 404.20
1567499699, 892, 19, 21, 0, 0, 1.97%, 0, 0, 8, 413.96
1567499704, 893, 0, 21, 0, 0, 1.97%, 0, 0, 8, 416.37
1567499709, 894, 0, 21, 0, 0, 1.97%, 0, 0, 8, 421.06
1567499714, 894, 3, 21, 0, 0, 1.97%, 0, 0, 8, 421.34
1567499719, 894, 16, 21, 0, 0, 1.97%, 0, 0, 8, 419.25
1567499729, 894, 18, 21, 0, 0, 1.97%, 0, 0, 8, 421.94
1567499734, 894, 19, 21, 0, 0, 1.97%, 0, 0, 8, 419.53
1567499739, 895, 6, 21, 0, 0, 1.97%, 0, 0, 8, 414.44
1567499744, 896, 0, 21, 0, 0, 1.97%, 0, 0, 8, 413.33
1567499749, 896, 13, 21, 0, 0, 1.97%, 0, 0, 8, 410.54
1567499760, 897, 12, 21, 0, 0, 1.97%, 0, 0, 8, 402.55
1567499765, 897, 14, 21, 0, 0, 1.97%, 0, 0, 8, 399.43
1567499770, 898, 14, 21, 0, 0, 1.97%, 0, 0, 8, 401.87
1567499775, 899, 0, 21, 0, 0, 1.97%, 0, 0, 8, 408.72
1567499780, 900, 15, 21, 0, 0, 1.97%, 0, 0, 8, 411.20
1567499785, 901, 18, 21, 0, 0, 1.97%, 0, 0, 8, 420.04
1567499790, 902, 3, 21, 0, 0, 1.97%, 0, 0, 8, 421.85
1567499795, 903, 0, 21, 0, 0, 1.97%, 0, 0, 8, 413.24
1567499800, 903, 12, 21, 0, 0, 1.97%, 0, 0, 8, 412.30
1567499805, 904, 3, 21, 0, 0, 1.97%, 0, 0, 8, 405.97
1567499811, 905, 18, 21, 0, 0, 1.97%, 0, 0, 8, 395.76
1567499816, 907, 0, 21, 0, 0, 1.97%, 0, 0, 8, 403.03
1567499821, 907, 18, 21, 0, 0, 1.97%, 0, 0, 8, 408.38
1567499826, 908, 6, 21, 0, 0, 1.97%, 0, 0, 8, 407.69
1567499831, 909, 8, 21, 0, 0, 1.97%, 0, 0, 8, 407.68
1567499836, 909, 13, 21, 0, 0, 1.97%, 0, 0, 8, 408.43
1567499841, 910, 0, 21, 0, 0, 1.97%, 0, 0, 8, 412.08
1567499846, 910, 18, 21, 0, 0, 1.97%, 0, 0, 8, 407.79
1567499852, 911, 7, 21, 0, 0, 1.97%, 0, 0, 8, 406.63
1567499857, 912, 3, 21, 0, 0, 1.97%, 0, 0, 8, 404.95
1567499862, 912, 18, 21, 0, 0, 1.97%, 0, 0, 8, 405.07
1567499867, 914, 0, 21, 0, 0, 1.97%, 0, 0, 8, 406.42
1567499872, 914, 12, 21, 0, 0, 1.97%, 0, 0, 8, 404.51
1567499877, 915, 0, 21, 0, 0, 1.97%, 0, 0, 8, 405.73
1567499882, 916, 18, 21, 0, 0, 1.97%, 0, 0, 8, 408.22
1567499888, 918, 0, 21, 0, 0, 1.97%, 0, 0, 8, 403.31
1567499893, 919, 12, 21, 0, 0, 1.97%, 0, 0, 8, 401.31
1567499898, 920, 0, 21, 0, 0, 1.97%, 0, 0, 8, 399.75
1567499903, 920, 18, 21, 0, 0, 1.97%, 0, 0, 8, 398.12
1567499908, 922, 0, 21, 0, 0, 1.97%, 0, 0, 8, 408.20
1567499913, 922, 16, 21, 0, 0, 1.97%, 0, 0, 8, 410.52
1567499923, 922, 18, 21, 0, 0, 1.97%, 0, 0, 8, 409.06
1567499929, 922, 19, 21, 0, 0, 1.97%, 0, 0, 8, 411.56
1567499934, 923, 7, 21, 0, 0, 1.97%, 0, 0, 8, 410.67
1567499939, 924, 0, 21, 0, 0, 1.97%, 0, 0, 8, 408.11
1567499944, 924, 18, 21, 0, 0, 1.97%, 0, 0, 8, 412.05
1567499949, 925, 16, 21, 0, 0, 1.97%, 0, 0, 8, 411.56
1567499964, 925, 20, 21, 0, 0, 1.97%, 0, 0, 8, 409.53
1567499970, 926, 0, 21, 0, 0, 1.97%, 0, 0, 8, 414.77
1567499975, 926, 16, 21, 0, 0, 1.97%, 0, 0, 8, 415.74
1567499985, 926, 18, 21, 0, 0, 1.97%, 0, 0, 8, 410.29
1567499990, 926, 20, 21, 0, 0, 1.97%, 0, 0, 8, 402.26
1567499995, 927, 17, 21, 0, 0, 1.97%, 0, 0, 8, 413.90
1567500000, 928, 0, 21, 0, 0, 1.97%, 0, 0, 8, 416.58
1567500005, 928, 18, 21, 0, 0, 1.97%, 0, 0, 8, 413.01
1567500010, 930, 0, 21, 0, 0, 1.97%, 0, 0, 8, 416.04
1567500015, 930, 11, 21, 0, 0, 1.97%, 0, 0, 8, 417.10
1567500020, 930, 12, 21, 0, 0, 1.97%, 0, 0, 8, 413.66
1567500025, 931, 1, 21, 0, 0, 1.97%, 0, 0, 8, 413.20
1567500030, 931, 11, 21, 0, 0, 1.97%, 0, 0, 8, 407.40
1567500036, 931, 19, 21, 0, 0, 1.97%, 0, 0, 8, 403.36
1567500046, 932, 16, 21, 0, 0, 1.97%, 0, 0, 8, 402.14
1567500061, 933, 18, 21, 0, 0, 1.97%, 0, 0, 8, 408.53
1567500066, 935, 0, 21, 0, 0, 1.97%, 0, 0, 8, 406.17
1567500071, 935, 15, 21, 0, 0, 1.97%, 0, 0, 8, 406.83
1567500076, 936, 18, 21, 0, 0, 1.97%, 0, 0, 8, 408.68
1567500082, 937, 10, 21, 0, 0, 1.97%, 0, 0, 8, 408.29
1567500087, 937, 18, 21, 0, 0, 1.97%, 0, 0, 8, 408.85
1567500092, 939, 0, 21, 0, 0, 1.97%, 0, 0, 8, 409.82
1567500097, 939, 19, 21, 0, 0, 1.97%, 0, 0, 8, 407.86
1567500107, 940, 7, 21, 0, 0, 1.97%, 0, 0, 8, 410.18
1567500112, 941, 1, 21, 0, 0, 1.97%, 0, 0, 8, 409.77
1567500118, 941, 16, 21, 0, 0, 1.97%, 0, 0, 8, 410.22
1567500128, 941, 17, 21, 0, 0, 1.97%, 0, 0, 8, 411.55
1567500133, 942, 0, 21, 0, 0, 1.97%, 0, 0, 8, 413.34
1567500138, 942, 19, 21, 0, 0, 1.97%, 0, 0, 8, 413.71
1567500148, 943, 7, 21, 0, 0, 1.97%, 0, 0, 8, 413.64
1567500153, 943, 19, 21, 0, 0, 1.97%, 0, 0, 8, 413.12
1567500164, 944, 9, 21, 0, 0, 1.97%, 0, 0, 8, 410.49
1567500169, 944, 18, 21, 0, 0, 1.97%, 0, 0, 8, 409.89
1567500174, 945, 7, 21, 0, 0, 1.97%, 0, 0, 8, 402.79
1567500179, 946, 12, 21, 0, 0, 1.97%, 0, 0, 8, 403.30
1567500184, 947, 0, 21, 0, 0, 1.97%, 0, 0, 8, 405.97
1567500189, 948, 13, 21, 0, 0, 1.97%, 0, 0, 8, 404.80
1567500194, 948, 18, 21, 0, 0, 1.97%, 0, 0, 8, 402.07
1567500199, 949, 11, 21, 0, 0, 1.97%, 0, 0, 8, 402.45
1567500204, 949, 13, 21, 0, 0, 1.97%, 0, 0, 8, 406.05
1567500210, 950, 18, 21, 0, 0, 1.97%, 0, 0, 8, 402.90
1567500215, 951, 9, 21, 0, 0, 1.97%, 0, 0, 8, 410.67
1567500220, 951, 18, 21, 0, 0, 1.97%, 0, 0, 8, 412.83
1567500225, 953, 0, 21, 0, 0, 1.97%, 0, 0, 8, 419.72
1567500230, 954, 2, 21, 0, 0, 1.97%, 0, 0, 8, 419.90
1567500235, 956, 0, 21, 0, 0, 1.97%, 0, 0, 8, 418.57
1567500240, 957, 8, 21, 0, 0, 1.97%, 0, 0, 8, 419.13
1567500245, 958, 0, 21, 0, 0, 1.97%, 0, 0, 8, 418.91
1567500250, 959, 18, 21, 0, 0, 1.97%, 0, 0, 8, 418.01
1567500255, 960, 18, 21, 0, 0, 1.97%, 0, 0, 8, 418.67
1567500260, 961, 12, 21, 0, 0, 1.97%, 0, 0, 8, 418.85
1567500265, 962, 18, 21, 0, 0, 1.97%, 0, 0, 8, 417.96
1567500270, 963, 18, 21, 0, 0, 1.97%, 0, 0, 8, 418.85
1567500275, 964, 17, 21, 0, 0, 1.97%, 0, 0, 8, 418.86
1567500280, 965, 5, 21, 0, 0, 1.97%, 0, 0, 8, 411.15
1567500285, 966, 18, 21, 0, 0, 1.97%, 0, 0, 8, 403.27
1567500290, 966, 19, 21, 0, 0, 1.97%, 0, 0, 8, 401.52
1567500296, 967, 18, 21, 0, 0, 1.97%, 0, 0, 8, 407.69
1567500301, 968, 7, 21, 0, 0, 1.97%, 0, 0, 8, 408.63
1567500306, 969, 3, 21, 0, 0, 1.97%, 0, 0, 8, 408.91
1567500311, 969, 20, 21, 0, 0, 1.97%, 0, 0, 8, 407.71
1567500321, 970, 15, 21, 0, 0, 1.97%, 0, 0, 8, 405.15
1567500326, 971, 15, 21, 0, 0, 1.97%, 0, 0, 8, 406.81
1567500332, 972, 6, 21, 0, 0, 1.97%, 0, 0, 8, 417.14
1567500337, 973, 0, 21, 0, 0, 1.97%, 0, 0, 8, 414.51
1567500342, 973, 16, 21, 0, 0, 1.97%, 0, 0, 8, 417.72
1567500357, 974, 0, 21, 0, 0, 1.97%, 0, 0, 8, 409.50
1567500362, 975, 14, 21, 0, 0, 1.97%, 0, 0, 8, 408.52
1567500367, 976, 0, 21, 0, 0, 1.97%, 0, 0, 8, 405.91
1567500372, 978, 0, 21, 0, 0, 1.97%, 0, 0, 8, 408.91
1567500377, 978, 9, 21, 0, 0, 1.97%, 0, 0, 8, 408.52
1567500383, 979, 9, 21, 0, 0, 1.97%, 0, 0, 8, 405.50
1567500388, 980, 0, 21, 0, 0, 1.97%, 0, 0, 8, 415.17
1567500393, 980, 18, 21, 0, 0, 1.97%, 0, 0, 8, 419.15
1567500398, 982, 0, 21, 0, 0, 1.97%, 0, 0, 8, 407.77
1567500403, 983, 4, 21, 0, 0, 1.97%, 0, 0, 8, 417.15
1567500408, 984, 18, 21, 0, 0, 1.97%, 0, 0, 8, 413.63
1567500413, 986, 0, 21, 0, 0, 1.97%, 0, 0, 8, 410.54
1567500418, 987, 18, 21, 0, 0, 1.97%, 0, 0, 8, 411.32
1567500423, 989, 0, 21, 0, 0, 1.97%, 0, 0, 8, 411.53
1567500428, 990, 0, 21, 0, 0, 1.97%, 0, 0, 8, 408.82
1567500433, 990, 17, 21, 0, 0, 1.97%, 0, 0, 8, 407.12
1567500439, 991, 0, 21, 0, 0, 1.97%, 0, 0, 8, 406.67
1567500444, 992, 18, 21, 0, 0, 1.97%, 0, 0, 8, 407.25
1567500449, 993, 18, 21, 0, 0, 1.97%, 0, 0, 8, 407.38
1567500454, 995, 0, 21, 0, 0, 1.97%, 0, 0, 8, 409.04
1567500459, 996, 0, 21, 0, 0, 1.97%, 0, 0, 8, 416.62
1567500464, 997, 18, 21, 0, 0, 1.97%, 0, 0, 8, 420.12
1567500469, 998, 4, 21, 0, 0, 1.97%, 0, 0, 8, 420.57
1567500474, 998, 18, 21, 0, 0, 1.97%, 0, 0, 8, 419.29
1567500479, 1000, 0, 21, 0, 0, 1.97%, 0, 0, 8, 406.52
1567500484, 1000, 16, 21, 0, 0, 1.97%, 0, 0, 8, 405.15
1567500500, 1001, 7, 21, 0, 0, 1.97%, 0, 0, 8, 406.66
1567500505, 1002, 18, 21, 0, 0, 1.97%, 0, 0, 8, 406.45
1567500510, 1004, 0, 21, 0, 0, 1.97%, 0, 0, 8, 408.57
1567500515, 1004, 8, 21, 0, 0, 1.97%, 0, 0, 8, 409.03
1567500520, 1005, 12, 21, 0, 0, 1.97%, 0, 0, 8, 406.59
1567500526, 1006, 0, 21, 0, 0, 1.97%, 0, 0, 8, 408.36
1567500531, 1006, 10, 21, 0, 0, 1.97%, 0, 0, 8, 406.93
1567500536, 1007, 10, 21, 0, 0, 1.97%, 0, 0, 8, 410.87
1567500541, 1008, 0, 21, 0, 0, 1.97%, 0, 0, 8, 410.69
1567500546, 1008, 10, 21, 0, 0, 1.97%, 0, 0, 8, 411.35
1567500551, 1009, 12, 21, 0, 0, 1.97%, 0, 0, 8, 409.23
1567500556, 1010, 0, 21, 0, 0, 1.97%, 0, 0, 8, 411.38
1567500562, 1011, 13, 21, 0, 0, 1.97%, 0, 0, 8, 413.36
1567500567, 1011, 17, 21, 0, 0, 1.97%, 0, 0, 8, 412.01
1567500572, 1012, 2, 21, 0, 0, 1.97%, 0, 0, 8, 408.73
1567500577, 1012, 17, 21, 0, 0, 1.97%, 0, 0, 8, 408.45
1567500582, 1013, 11, 21, 0, 0, 1.97%, 0, 0, 8, 408.05
1567500587, 1014, 0, 21, 0, 0, 1.97%, 0, 0, 8, 408.16
1567500592, 1015, 0, 21, 0, 0, 1.97%, 0, 0, 8, 405.31
1567500597, 1015, 11, 21, 0, 0, 1.97%, 0, 0, 8, 409.15
1567500602, 1016, 0, 21, 0, 0, 1.97%, 0, 0, 8, 407.88
1567500608, 1016, 17, 21, 0, 0, 1.97%, 0, 0, 8, 407.77
1567500613, 1017, 0, 21, 0, 0, 1.97%, 0, 0, 8, 410.79
1567500618, 1017, 13, 21, 0, 0, 1.97%, 0, 0, 8, 413.17
1567500623, 1017, 17, 21, 0, 0, 1.97%, 0, 0, 8, 411.71
1567500628, 1017, 20, 21, 0, 0, 1.97%, 0, 0, 8, 413.83
1567500633, 1018, 0, 21, 0, 0, 1.97%, 0, 0, 8, 406.61
1567500638, 1019, 19, 21, 0, 0, 1.97%, 0, 0, 8, 397.43
1567500648, 1020, 18, 21, 0, 0, 1.97%, 0, 0, 8, 407.93
1567500653, 1020, 19, 21, 0, 0, 1.97%, 0, 0, 8, 406.12
1567500659, 1021, 18, 21, 0, 0, 1.97%, 0, 0, 8, 409.99
1567500664, 1023, 10, 21, 0, 0, 1.97%, 0, 0, 8, 413.92
1567500669, 1024, 0, 21, 0, 0, 1.97%, 0, 0, 8, 409.85
1567500674, 1024, 7, 21, 0, 0, 1.97%, 0, 0, 8, 409.62
1567500679, 1025, 0, 21, 0, 0, 1.97%, 0, 0, 8, 410.48
1567500684, 1026, 18, 21, 0, 0, 1.97%, 0, 0, 8, 407.03
1567500689, 1027, 20, 21, 0, 0, 1.97%, 0, 0, 8, 408.90
1567500700, 1028, 17, 21, 0, 0, 1.97%, 0, 0, 8, 408.89
1567500705, 1029, 7, 21, 0, 0, 1.97%, 0, 0, 8, 409.43
1567500710, 1030, 3, 21, 0, 0, 1.97%, 0, 0, 8, 410.93
1567500715, 1031, 0, 21, 0, 0, 1.97%, 0, 0, 8, 405.11
1567500720, 1032, 8, 21, 0, 0, 1.97%, 0, 0, 8, 408.76
1567500725, 1032, 9, 21, 0, 0, 1.97%, 0, 0, 8, 408.88
1567500731, 1033, 18, 21, 0, 0, 1.97%, 0, 0, 8, 406.53
1567500736, 1034, 7, 21, 0, 0, 1.97%, 0, 0, 8, 414.55
1567500741, 1034, 17, 21, 0, 0, 1.97%, 0, 0, 8, 416.71
1567500746, 1036, 0, 21, 0, 0, 1.97%, 0, 0, 8, 407.69
1567500751, 1036, 19, 21, 0, 0, 1.97%, 0, 0, 8, 406.71
1567500756, 1037, 0, 21, 0, 0, 1.97%, 0, 0, 8, 409.34
1567500761, 1037, 18, 21, 0, 0, 1.97%, 0, 0, 8, 408.02
1567500766, 1037, 19, 21, 0, 0, 1.97%, 0, 0, 8, 409.46
1567500771, 1038, 11, 21, 0, 0, 1.97%, 0, 0, 8, 408.34
1567500777, 1038, 15, 21, 0, 0, 1.97%, 0, 0, 8, 404.81
1567500782, 1039, 18, 21, 0, 0, 1.97%, 0, 0, 8, 407.12
1567500787, 1040, 16, 21, 0, 0, 1.97%, 0, 0, 8, 407.50
1567500792, 1041, 6, 21, 0, 0, 1.97%, 0, 0, 8, 403.62
1567500797, 1042, 0, 21, 0, 0, 1.97%, 0, 0, 8, 403.92
1567500802, 1042, 18, 21, 0, 0, 1.97%, 0, 0, 8, 405.49
1567500807, 1043, 14, 21, 0, 0, 1.97%, 0, 0, 8, 404.83
1567500812, 1044, 15, 21, 0, 0, 1.97%, 0, 0, 8, 403.56
1567500818, 1045, 18, 21, 0, 0, 1.97%, 0, 0, 8, 403.48
1567500823, 1047, 0, 21, 0, 0, 1.97%, 0, 0, 8, 403.03
1567500828, 1047, 18, 21, 0, 0, 1.97%, 0, 0, 8, 403.74
1567500833, 1048, 9, 21, 0, 0, 1.97%, 0, 0, 8, 407.56
1567500838, 1048, 18, 21, 0, 0, 1.97%, 0, 0, 8, 405.17
1567500843, 1049, 4, 21, 0, 0, 1.97%, 0, 0, 8, 411.27
1567500848, 1049, 14, 21, 0, 0, 1.97%, 0, 0, 8, 413.53
1567500853, 1050, 0, 21, 0, 0, 1.97%, 0, 0, 8, 411.89
1567500858, 1050, 18, 21, 0, 0, 1.97%, 0, 0, 8, 412.42
1567500864, 1051, 6, 21, 0, 0, 1.97%, 0, 0, 8, 411.08
1567500869, 1053, 0, 21, 0, 0, 1.97%, 0, 0, 8, 413.35
1567500874, 1053, 18, 21, 0, 0, 1.97%, 0, 0, 8, 413.81
1567500879, 1054, 8, 21, 0, 0, 1.97%, 0, 0, 8, 409.96
1567500884, 1054, 18, 21, 0, 0, 1.97%, 0, 0, 8, 412.69
1567500889, 1055, 11, 21, 0, 0, 1.97%, 0, 0, 8, 407.42
1567500894, 1055, 18, 21, 0, 0, 1.97%, 0, 0, 8, 399.93
1567500899, 1056, 5, 21, 0, 0, 1.97%, 0, 0, 8, 401.41
1567500904, 1057, 6, 21, 0, 0, 1.97%, 0, 0, 8, 402.97
1567500910, 1057, 7, 21, 0, 0, 1.97%, 0, 0, 8, 403.72
1567500915, 1059, 0, 21, 0, 0, 1.97%, 0, 0, 8, 406.06
1567500920, 1059, 18, 21, 0, 0, 1.97%, 0, 0, 8, 393.73
1567500925, 1060, 6, 21, 0, 0, 1.97%, 0, 0, 8, 407.41
1567500930, 1060, 20, 21, 0, 0, 1.97%, 0, 0, 8, 413.25
1567500935, 1061, 0, 21, 0, 0, 1.97%, 0, 0, 8, 412.42
1567500940, 1062, 18, 21, 0, 0, 1.97%, 0, 0, 8, 409.16
1567500945, 1063, 7, 21, 0, 0, 1.97%, 0, 0, 8, 409.08
1567500951, 1063, 18, 21, 0, 0, 1.97%, 0, 0, 8, 411.56
1567500956, 1064, 18, 21, 0, 0, 1.97%, 0, 0, 8, 406.26
1567500961, 1066, 0, 21, 0, 0, 1.97%, 0, 0, 8, 407.84
1567500966, 1066, 15, 21, 0, 0, 1.97%, 0, 0, 8, 407.74
1567500971, 1067, 18, 21, 0, 0, 1.97%, 0, 0, 8, 405.37
1567500976, 1069, 0, 21, 0, 0, 1.97%, 0, 0, 8, 407.86
1567500981, 1069, 14, 21, 0, 0, 1.97%, 0, 0, 8, 414.24
1567500986, 1070, 0, 21, 0, 0, 1.97%, 0, 0, 8, 414.27
1567500991, 1071, 18, 21, 0, 0, 1.97%, 0, 0, 8, 415.75
1567500996, 1072, 6, 21, 0, 0, 1.97%, 0, 0, 8, 411.74
1567501002, 1072, 13, 21, 0, 0, 1.97%, 0, 0, 8, 404.79
1567501007, 1072, 18, 21, 0, 0, 1.97%, 0, 0, 8, 410.91
1567501012, 1073, 18, 21, 0, 0, 1.97%, 0, 0, 8, 411.12
1567501017, 1074, 18, 21, 0, 0, 1.97%, 0, 0, 8, 406.49
1567501022, 1074, 20, 21, 0, 0, 1.97%, 0, 0, 8, 410.14
1567501027, 1075, 7, 21, 0, 0, 1.97%, 0, 0, 8, 403.98
1567501032, 1076, 0, 21, 0, 0, 1.97%, 0, 0, 8, 406.37
1567501037, 1076, 19, 21, 0, 0, 1.97%, 0, 0, 8, 401.08
1567501042, 1077, 0, 21, 0, 0, 1.97%, 0, 0, 8, 407.17
1567501048, 1078, 18, 21, 0, 0, 1.97%, 0, 0, 8, 410.82
1567501053, 1079, 17, 21, 0, 0, 1.97%, 0, 0, 8, 413.37
1567501058, 1079, 19, 21, 0, 0, 1.97%, 0, 0, 8, 414.03
1567501063, 1080, 0, 21, 0, 0, 1.97%, 0, 0, 8, 417.22
1567501068, 1080, 16, 21, 0, 0, 1.97%, 0, 0, 8, 419.74
1567501073, 1081, 0, 21, 0, 0, 1.97%, 0, 0, 8, 417.48
1567501078, 1082, 20, 21, 0, 0, 1.97%, 0, 0, 8, 419.30
1567501088, 1084, 0, 21, 0, 0, 1.97%, 0, 0, 8, 404.58
1567501093, 1085, 2, 21, 0, 0, 1.97%, 0, 0, 8, 402.76
1567501098, 1086, 18, 21, 0, 0, 1.97%, 0, 0, 8, 404.18
1567501103, 1087, 16, 21, 0, 0, 1.97%, 0, 0, 8, 405.40
1567501109, 1087, 18, 21, 0, 0, 1.97%, 0, 0, 8, 406.05
1567501114, 1088, 18, 21, 0, 0, 1.97%, 0, 0, 8, 407.36
1567501119, 1089, 6, 21, 0, 0, 1.97%, 0, 0, 8, 407.09
1567501124, 1089, 18, 21, 0, 0, 1.97%, 0, 0, 8, 406.32
1567501129, 1090, 9, 21, 0, 0, 1.97%, 0, 0, 8, 406.75
1567501134, 1091, 0, 21, 0, 0, 1.97%, 0, 0, 8, 406.11
1567501139, 1092, 5, 21, 0, 0, 1.97%, 0, 0, 8, 406.35
1567501144, 1092, 14, 21, 0, 0, 1.97%, 0, 0, 8, 416.95
1567501150, 1093, 0, 21, 0, 0, 1.97%, 0, 0, 8, 408.01
1567501155, 1094, 10, 21, 0, 0, 1.97%, 0, 0, 8, 407.76
1567501160, 1095, 0, 21, 0, 0, 1.97%, 0, 0, 8, 407.67
1567501165, 1095, 18, 21, 0, 0, 1.97%, 0, 0, 8, 404.40
1567501170, 1097, 0, 21, 0, 0, 1.97%, 0, 0, 8, 405.67
1567501175, 1098, 3, 21, 0, 0, 1.97%, 0, 0, 8, 406.43
1567501180, 1098, 12, 21, 0, 0, 1.97%, 0, 0, 8, 404.01
1567501186, 1099, 0, 21, 0, 0, 1.97%, 0, 0, 8, 405.47
1567501191, 1100, 18, 21, 0, 0, 1.97%, 0, 0, 8, 402.57
1567501196, 1102, 0, 21, 0, 0, 1.97%, 0, 0, 8, 404.29
1567501201, 1103, 18, 21, 0, 0, 1.97%, 0, 0, 8, 402.20
1567501206, 1105, 0, 21, 0, 0, 1.97%, 0, 0, 8, 404.64
1567501211, 1106, 16, 21, 0, 0, 1.97%, 0, 0, 8, 404.15
1567501216, 1107, 18, 21, 0, 0, 1.97%, 0, 0, 8, 407.39
1567501221, 1109, 0, 21, 0, 0, 1.97%, 0, 0, 8, 412.64
1567501226, 1109, 18, 21, 0, 0, 1.97%, 0, 0, 8, 413.06
1567501232, 1110, 6, 21, 0, 0, 1.97%, 0, 0, 8, 414.98
1567501237, 1110, 18, 21, 0, 0, 1.97%, 0, 0, 8, 413.98
1567501242, 1111, 8, 21, 0, 0, 1.97%, 0, 0, 8, 410.42
1567501247, 1111, 14, 21, 0, 0, 1.97%, 0, 0, 8, 412.10
1567501252, 1112, 8, 21, 0, 0, 1.97%, 0, 0, 8, 407.81
1567501257, 1112, 9, 21, 0, 0, 1.97%, 0, 0, 8, 411.17
1567501262, 1113, 0, 21, 0, 0, 1.97%, 0, 0, 8, 407.91
1567501267, 1113, 11, 21, 0, 0, 1.97%, 0, 0, 8, 408.84
1567501272, 1113, 12, 21, 0, 0, 1.97%, 0, 0, 8, 410.76
1567501278, 1114, 7, 21, 0, 0, 1.97%, 0, 0, 8, 413.68
1567501283, 1115, 0, 21, 0, 0, 1.97%, 0, 0, 8, 408.21
1567501288, 1115, 18, 21, 0, 0, 1.97%, 0, 0, 8, 404.65
1567501293, 1116, 17, 21, 0, 0, 1.97%, 0, 0, 8, 405.61
1567501298, 1117, 6, 21, 0, 0, 1.97%, 0, 0, 8, 407.85
1567501303, 1117, 18, 21, 0, 0, 1.97%, 0, 0, 8, 406.81
1567501308, 1117, 20, 21, 0, 0, 1.97%, 0, 0, 8, 408.33
1567501314, 1118, 4, 21, 0, 0, 1.97%, 0, 0, 8, 408.18
1567501319, 1119, 0, 21, 0, 0, 1.97%, 0, 0, 8, 407.29
1567501324, 1119, 18, 21, 0, 0, 1.97%, 0, 0, 8, 409.58
1567501329, 1120, 9, 21, 0, 0, 1.97%, 0, 0, 8, 410.89
1567501334, 1120, 18, 21, 0, 0, 1.97%, 0, 0, 8, 414.75
1567501339, 1121, 17, 21, 0, 0, 1.97%, 0, 0, 8, 412.16
1567501344, 1123, 0, 21, 0, 0, 1.97%, 0, 0, 8, 411.21
1567501349, 1124, 7, 21, 0, 0, 1.97%, 0, 0, 8, 409.49
1567501355, 1124, 12, 21, 0, 0, 1.97%, 0, 0, 8, 409.85
1567501360, 1125, 12, 21, 0, 0, 1.97%, 0, 0, 8, 410.57
1567501365, 1126, 0, 21, 0, 0, 1.97%, 0, 0, 8, 409.69
1567501370, 1126, 13, 21, 0, 0, 1.97%, 0, 0, 8, 409.83
1567501375, 1126, 14, 21, 0, 0, 1.97%, 0, 0, 8, 410.92
1567501380, 1127, 2, 21, 0, 0, 1.97%, 0, 0, 8, 409.00
1567501385, 1127, 19, 21, 0, 0, 1.97%, 0, 0, 8, 409.81
1567501391, 1128, 0, 21, 0, 0, 1.97%, 0, 0, 8, 403.35
1567501396, 1128, 18, 21, 0, 0, 1.97%, 0, 0, 8, 403.40
1567501401, 1129, 8, 21, 0, 0, 1.97%, 0, 0, 8, 404.88
1567501406, 1130, 18, 21, 0, 0, 1.97%, 0, 0, 8, 402.25
1567501411, 1131, 20, 21, 0, 0, 1.97%, 0, 0, 8, 405.75
1567501421, 1133, 0, 21, 0, 0, 1.97%, 0, 0, 8, 405.19
1567501427, 1133, 7, 21, 0, 0, 1.97%, 0, 0, 8, 408.98
1567501432, 1134, 0, 21, 0, 0, 1.97%, 0, 0, 8, 404.58
1567501437, 1134, 11, 21, 0, 0, 1.97%, 0, 0, 8, 407.48
1567501442, 1136, 0, 21, 0, 0, 1.97%, 0, 0, 8, 410.31
1567501447, 1136, 4, 21, 0, 0, 1.97%, 0, 0, 8, 412.31
1567501452, 1136, 14, 21, 0, 0, 1.97%, 0, 0, 8, 411.04
1567501457, 1137, 3, 21, 0, 0, 1.97%, 0, 0, 8, 413.01
1567501462, 1137, 17, 21, 0, 0, 1.97%, 0, 0, 8, 410.70
1567501467, 1137, 20, 21, 0, 0, 1.97%, 0, 0, 8, 412.52
1567501472, 1138, 0, 21, 0, 0, 1.97%, 0, 0, 8, 415.17
1567501478, 1139, 12, 21, 0, 0, 1.97%, 0, 0, 8, 413.31
1567501483, 1140, 0, 21, 0, 0, 1.97%, 0, 0, 8, 412.77
1567501488, 1141, 6, 21, 0, 0, 1.97%, 0, 0, 8, 415.31
1567501493, 1142, 18, 21, 0, 0, 1.97%, 0, 0, 8, 414.93
1567501498, 1144, 0, 21, 0, 0, 1.97%, 0, 0, 8, 411.94
1567501503, 1144, 11, 21, 0, 0, 1.97%, 0, 0, 8, 407.90
1567501508, 1145, 3, 21, 0, 0, 1.97%, 0, 0, 8, 411.40
1567501513, 1145, 16, 21, 0, 0, 1.97%, 0, 0, 8, 407.04
1567501518, 1146, 18, 21, 0, 0, 1.97%, 0, 0, 8, 405.96
1567501524, 1148, 0, 21, 0, 0, 1.97%, 0, 0, 8, 412.39
1567501529, 1149, 0, 21, 0, 0, 1.97%, 0, 0, 8, 407.20
1567501534, 1149, 13, 21, 0, 0, 1.97%, 0, 0, 8, 407.93
1567501544, 1151, 0, 21, 0, 0, 1.97%, 0, 0, 8, 413.46
1567501549, 1152, 5, 21, 0, 0, 1.97%, 0, 0, 8, 413.09
1567501554, 1152, 19, 21, 0, 0, 1.97%, 0, 0, 8, 413.05
1567501564, 1154, 6, 21, 0, 0, 1.97%, 0, 0, 8, 411.80
1567501570, 1154, 16, 21, 0, 0, 1.97%, 0, 0, 8, 412.26
1567501575, 1155, 18, 21, 0, 0, 1.97%, 0, 0, 8, 411.67
1567501580, 1156, 8, 21, 0, 0, 1.97%, 0, 0, 8, 412.26
1567501585, 1157, 11, 21, 0, 0, 1.97%, 0, 0, 8, 411.66
1567501590, 1157, 15, 21, 0, 0, 1.97%, 0, 0, 8, 411.55
1567501595, 1158, 6, 21, 0, 0, 1.97%, 0, 0, 8, 407.95
1567501600, 1159, 12, 21, 0, 0, 1.97%, 0, 0, 8, 411.18
1567501605, 1159, 15, 21, 0, 0, 1.97%, 0, 0, 8, 410.82
1567501610, 1160, 18, 21, 0, 0, 1.97%, 0, 0, 8, 403.15
1567501615, 1161, 7, 21, 0, 0, 1.97%, 0, 0, 8, 406.64
1567501621, 1161, 8, 21, 0, 0, 1.97%, 0, 0, 8, 405.08
1567501626, 1161, 17, 21, 0, 0, 1.97%, 0, 0, 8, 400.02
1567501631, 1162, 2, 21, 0, 0, 1.97%, 0, 0, 8, 398.36
1567501636, 1162, 6, 21, 0, 0, 1.97%, 0, 0, 8, 403.74
1567501641, 1163, 14, 21, 0, 0, 1.97%, 0, 0, 8, 409.29
1567501646, 1164, 3, 21, 0, 0, 1.97%, 0, 0, 8, 410.46
1567501651, 1164, 12, 21, 0, 0, 1.97%, 0, 0, 8, 409.86
1567501656, 1165, 18, 21, 0, 0, 1.97%, 0, 0, 8, 410.55
1567501661, 1165, 19, 21, 0, 0, 1.97%, 0, 0, 8, 410.32
1567501667, 1166, 18, 21, 0, 0, 1.97%, 0, 0, 8, 409.13
1567501672, 1168, 0, 21, 0, 0, 1.97%, 0, 0, 8, 408.96
1567501677, 1169, 12, 21, 0, 0, 1.97%, 0, 0, 8, 400.20
1567501682, 1169, 17, 21, 0, 0, 1.97%, 0, 0, 8, 396.14
1567501687, 1170, 4, 21, 0, 0, 1.97%, 0, 0, 8, 398.24
1567501692, 1171, 0, 21, 0, 0, 1.97%, 0, 0, 8, 409.20
1567501697, 1172, 5, 21, 0, 0, 1.97%, 0, 0, 8, 414.70
1567501702, 1172, 16, 21, 0, 0, 1.97%, 0, 0, 8, 416.31
1567501707, 1173, 18, 21, 0, 0, 1.97%, 0, 0, 8, 404.48
1567501712, 1175, 0, 21, 0, 0, 1.97%, 0, 0, 8, 411.01
1567501718, 1175, 4, 21, 0, 0, 1.97%, 0, 0, 8, 409.64
1567501723, 1175, 11, 21, 0, 0, 1.97%, 0, 0, 8, 415.69
1567501728, 1176, 18, 21, 0, 0, 1.97%, 0, 0, 8, 419.21
1567501733, 1178, 0, 21, 0, 0, 1.97%, 0, 0, 8, 420.42
1567501738, 1178, 20, 21, 0, 0, 1.97%, 0, 0, 8, 418.56
1567501743, 1178, 20, 22, 1, 0, 1.98%, 0, 0, 8, 412.56
1567501748, 1179, 3, 22, 1, 0, 1.98%, 0, 0, 8, 412.51
1567501753, 1180, 18, 22, 1, 0, 1.98%, 0, 0, 8, 405.23
1567501758, 1181, 11, 22, 1, 0, 1.98%, 0, 0, 8, 405.06
1567501763, 1181, 21, 22, 1, 0, 1.98%, 0, 0, 8, 406.86
1567501809, 1183, 0, 22, 0, 0, 1.98%, 0, 0, 8, 402.46
1567501815, 1183, 18, 22, 0, 0, 1.98%, 0, 0, 8, 403.00
1567501820, 1183, 21, 22, 0, 0, 1.98%, 0, 0, 8, 403.24
1567501835, 1184, 12, 22, 0, 0, 1.98%, 0, 0, 8, 415.08
1567501840, 1185, 0, 22, 0, 0, 1.98%, 0, 0, 8, 409.22
1567501845, 1185, 13, 22, 0, 0, 1.98%, 0, 0, 8, 405.18
1567501850, 1186, 1, 22, 0, 0, 1.98%, 0, 0, 8, 404.32
1567501855, 1186, 18, 22, 0, 0, 1.98%, 0, 0, 8, 408.88
1567501861, 1188, 0, 22, 0, 0, 1.98%, 0, 0, 8, 407.30
1567501866, 1188, 11, 22, 0, 0, 1.98%, 0, 0, 8, 408.60
1567501871, 1188, 20, 22, 0, 0, 1.98%, 0, 0, 8, 409.78
1567501881, 1189, 17, 22, 0, 0, 1.98%, 0, 0, 8, 415.39
1567501886, 1191, 0, 22, 0, 0, 1.98%, 0, 0, 8, 416.20
1567501891, 1191, 9, 22, 0, 0, 1.98%, 0, 0, 8, 415.49
1567501896, 1192, 8, 22, 0, 0, 1.98%, 0, 0, 8, 416.48
1567501901, 1193, 0, 22, 0, 0, 1.98%, 0, 0, 8, 412.58
1567501906, 1193, 18, 22, 0, 0, 1.98%, 0, 0, 8, 411.24
1567501912, 1194, 17, 22, 0, 0, 1.98%, 0, 0, 8, 411.44
1567501917, 1196, 0, 22, 0, 0, 1.98%, 0, 0, 8, 411.55
1567501922, 1197, 18, 22, 0, 0, 1.98%, 0, 0, 8, 407.91
1567501927, 1199, 0, 22, 0, 0, 1.98%, 0, 0, 8, 410.51
1567501932, 1200, 18, 22, 0, 0, 1.98%, 0, 0, 8, 408.97
1567501937, 1202, 0, 22, 0, 0, 1.98%, 0, 0, 8, 407.67
1567501942, 1202, 16, 22, 0, 0, 1.98%, 0, 0, 8, 408.86
1567501948, 1203, 1, 22, 0, 0, 1.98%, 0, 0, 8, 410.90
1567501953, 1204, 18, 22, 0, 0, 1.98%, 0, 0, 8, 411.04
1567501958, 1205, 3, 22, 0, 0, 1.98%, 0, 0, 8, 413.81
1567501963, 1205, 4, 22, 0, 0, 1.98%, 0, 0, 8, 411.58
1567501968, 1206, 16, 22, 0, 0, 1.98%, 0, 0, 8, 402.70
1567501973, 1207, 0, 22, 0, 0, 1.98%, 0, 0, 8, 396.60
1567501978, 1208, 3, 22, 0, 0, 1.98%, 0, 0, 8, 399.25
1567501983, 1209, 0, 22, 0, 0, 1.98%, 0, 0, 8, 404.90
1567501988, 1209, 13, 22, 0, 0, 1.98%, 0, 0, 8, 408.88
1567501993, 1209, 18, 22, 0, 0, 1.98%, 0, 0, 8, 405.44
1567501999, 1210, 5, 22, 0, 0, 1.98%, 0, 0, 8, 407.70
1567502004, 1211, 0, 22, 0, 0, 1.98%, 0, 0, 8, 409.66
1567502009, 1211, 14, 22, 0, 0, 1.98%, 0, 0, 8, 408.13
1567502014, 1212, 0, 22, 0, 0, 1.98%, 0, 0, 8, 410.59
1567502019, 1214, 0, 22, 0, 0, 1.98%, 0, 0, 8, 410.81
1567502024, 1215, 18, 22, 0, 0, 1.98%, 0, 0, 8, 414.02
1567502029, 1216, 12, 22, 0, 0, 1.98%, 0, 0, 8, 416.67
1567502034, 1217, 0, 22, 0, 0, 1.98%, 0, 0, 8, 408.83
1567502039, 1217, 12, 22, 0, 0, 1.98%, 0, 0, 8, 406.18
1567502045, 1217, 21, 22, 0, 0, 1.98%, 0, 0, 8, 410.68
1567502060, 1218, 18, 22, 0, 0, 1.98%, 0, 0, 8, 412.07
1567502065, 1219, 6, 22, 0, 0, 1.98%, 0, 0, 8, 406.87
1567502070, 1220, 9, 22, 0, 0, 1.98%, 0, 0, 8, 406.38
1567502075, 1220, 11, 22, 0, 0, 1.98%, 0, 0, 8, 406.43
1567502080, 1222, 0, 22, 0, 0, 1.98%, 0, 0, 8, 407.69
1567502086, 1222, 14, 22, 0, 0, 1.98%, 0, 0, 8, 408.05
1567502091, 1222, 21, 22, 0, 0, 1.98%, 0, 0, 8, 411.65
1567502106, 1223, 0, 22, 0, 0, 1.98%, 0, 0, 8, 383.29
1567502111, 1224, 2, 22, 0, 0, 1.98%, 0, 0, 8, 403.47
1567502116, 1225, 4, 22, 0, 0, 1.98%, 0, 0, 8, 405.52
1567502121, 1225, 17, 22, 0, 0, 1.98%, 0, 0, 8, 404.97
1567502126, 1226, 6, 22, 0, 0, 1.98%, 0, 0, 8, 406.77
1567502132, 1227, 18, 22, 0, 0, 1.98%, 0, 0, 8, 405.06
1567502137, 1228, 5, 22, 0, 0, 1.98%, 0, 0, 8, 406.55
1567502142, 1230, 0, 22, 0, 0, 1.98%, 0, 0, 8, 404.76
1567502147, 1230, 14, 22, 0, 0, 1.98%, 0, 0, 8, 402.84
1567502152, 1231, 0, 22, 0, 0, 1.98%, 0, 0, 8, 401.70
1567502157, 1233, 0, 22, 0, 0, 1.98%, 0, 0, 8, 402.95
1567502162, 1233, 19, 22, 0, 0, 1.98%, 0, 0, 8, 405.70
1567502167, 1234, 0, 22, 0, 0, 1.98%, 0, 0, 8, 407.87
1567502173, 1234, 18, 22, 0, 0, 1.98%, 0, 0, 8, 408.87
1567502178, 1235, 3, 22, 0, 0, 1.98%, 0, 0, 8, 411.74
1567502183, 1236, 18, 22, 0, 0, 1.98%, 0, 0, 8, 408.75
1567502188, 1237, 9, 22, 0, 0, 1.98%, 0, 0, 8, 407.04
1567502193, 1238, 5, 22, 0, 0, 1.98%, 0, 0, 8, 408.34
1567502198, 1238, 13, 22, 0, 0, 1.98%, 0, 0, 8, 415.64
1567502203, 1238, 18, 22, 0, 0, 1.98%, 0, 0, 8, 417.36
1567502208, 1238, 20, 22, 0, 0, 1.98%, 0, 0, 8, 417.01
1567502213, 1239, 18, 22, 0, 0, 1.98%, 0, 0, 8, 376.09
1567502218, 1240, 3, 22, 0, 0, 1.98%, 0, 0, 8, 408.52
1567502224, 1240, 11, 22, 0, 0, 1.98%, 0, 0, 8, 414.25
1567502229, 1241, 0, 22, 0, 0, 1.98%, 0, 0, 8, 416.88
1567502234, 1241, 18, 22, 0, 0, 1.98%, 0, 0, 8, 417.03
1567502239, 1242, 10, 22, 0, 0, 1.98%, 0, 0, 8, 415.58
1567502244, 1243, 0, 22, 0, 0, 1.98%, 0, 0, 8, 408.86
1567502249, 1243, 18, 22, 0, 0, 1.98%, 0, 0, 8, 410.04
1567502254, 1245, 0, 22, 0, 0, 1.98%, 0, 0, 8, 408.65
1567502259, 1247, 0, 22, 0, 0, 1.98%, 0, 0, 8, 409.65
1567502264, 1248, 9, 22, 0, 0, 1.98%, 0, 0, 8, 406.01
1567502270, 1249, 0, 22, 0, 0, 1.98%, 0, 0, 8, 411.68
1567502275, 1249, 18, 22, 0, 0, 1.98%, 0, 0, 8, 406.65
1567502280, 1250, 8, 22, 0, 0, 1.98%, 0, 0, 8, 407.23
1567502285, 1251, 0, 22, 0, 0, 1.98%, 0, 0, 8, 409.78
1567502290, 1252, 6, 22, 0, 0, 1.98%, 0, 0, 8, 410.81
1567502295, 1253, 0, 22, 0, 0, 1.98%, 0, 0, 8, 404.77
1567502300, 1254, 0, 22, 0, 0, 1.98%, 0, 0, 8, 406.69
1567502305, 1254, 18, 22, 0, 0, 1.98%, 0, 0, 8, 407.80
1567502311, 1256, 18, 22, 0, 0, 1.98%, 0, 0, 8, 404.32
1567502316, 1257, 19, 22, 0, 0, 1.98%, 0, 0, 8, 401.54
1567502326, 1258, 7, 22, 0, 0, 1.98%, 0, 0, 8, 402.72
1567502331, 1258, 18, 22, 0, 0, 1.98%, 0, 0, 8, 405.33
1567502336, 1260, 0, 22, 0, 0, 1.98%, 0, 0, 8, 403.83
1567502341, 1260, 18, 22, 0, 0, 1.98%, 0, 0, 8, 402.67
1567502347, 1261, 3, 22, 0, 0, 1.98%, 0, 0, 8, 405.64
1567502352, 1262, 17, 22, 0, 0, 1.98%, 0, 0, 8, 407.22
1567502357, 1263, 18, 22, 0, 0, 1.98%, 0, 0, 8, 404.08
1567502362, 1264, 14, 22, 0, 0, 1.98%, 0, 0, 8, 411.20
1567502367, 1265, 18, 22, 0, 0, 1.98%, 0, 0, 8, 414.53
1567502372, 1266, 18, 22, 0, 0, 1.98%, 0, 0, 8, 410.85
1567502377, 1266, 19, 22, 0, 0, 1.98%, 0, 0, 8, 408.42
1567502382, 1267, 18, 22, 0, 0, 1.98%, 0, 0, 8, 417.05
1567502387, 1268, 20, 22, 0, 0, 1.98%, 0, 0, 8, 418.07
1567502397, 1269, 6, 22, 0, 0, 1.98%, 0, 0, 8, 408.63
1567502403, 1270, 0, 22, 0, 0, 1.98%, 0, 0, 8, 396.14
1567502408, 1271, 18, 22, 0, 0, 1.98%, 0, 0, 8, 400.59
1567502413, 1272, 13, 22, 0, 0, 1.98%, 0, 0, 8, 410.41
1567502418, 1273, 0, 22, 0, 0, 1.98%, 0, 0, 8, 409.28
1567502423, 1273, 18, 22, 0, 0, 1.98%, 0, 0, 8, 412.18
1567502428, 1275, 0, 22, 0, 0, 1.98%, 0, 0, 8, 418.10
1567502433, 1276, 18, 22, 0, 0, 1.98%, 0, 0, 8, 417.65
1567502438, 1276, 19, 22, 0, 0, 1.98%, 0, 0, 8, 415.32
1567502443, 1277, 3, 22, 0, 0, 1.98%, 0, 0, 8, 413.54
1567502449, 1277, 10, 22, 0, 0, 1.98%, 0, 0, 8, 411.51
1567502454, 1277, 11, 22, 0, 0, 1.98%, 0, 0, 8, 417.28
1567502459, 1277, 16, 22, 0, 0, 1.98%, 0, 0, 8, 410.24
1567502464, 1277, 21, 22, 0, 0, 1.98%, 0, 0, 8, 405.34
1567502479, 1278, 8, 22, 0, 0, 1.98%, 0, 0, 8, 404.22
1567502485, 1278, 18, 22, 0, 0, 1.98%, 0, 0, 8, 405.67
1567502490, 1279, 7, 23, 1, 0, 1.98%, 0, 0, 8, 405.87
1567502495, 1279, 22, 23, 1, 0, 1.98%, 0, 0, 8, 412.73
