# unix_time, cycles_done, cur_path, paths_total, pending_total, pending_favs, map_size, unique_crashes, unique_hangs, max_depth, execs_per_sec
1571479871, 0, 0, 1, 1, 1, 0.46%, 0, 0, 1, 47.62
1571479881, 0, 0, 2, 2, 1, 0.47%, 0, 0, 2, 49.64
1571479886, 0, 1, 2, 1, 1, 0.47%, 0, 0, 2, 49.94
1571479891, 0, 1, 2, 1, 1, 0.47%, 0, 1, 2, 50.46
1571479903, 0, 1, 2, 1, 1, 0.47%, 0, 3, 2, 8.05
1571479908, 1, 1, 2, 0, 0, 0.47%, 0, 4, 2, 49.14
1571479913, 4, 0, 2, 0, 0, 0.47%, 0, 4, 2, 47.85
1571479918, 6, 1, 2, 0, 0, 0.47%, 0, 4, 2, 49.53
1571479923, 8, 1, 2, 0, 0, 0.47%, 0, 4, 2, 49.00
1571479928, 11, 0, 2, 0, 0, 0.47%, 0, 4, 2, 48.13
1571479933, 13, 1, 2, 0, 0, 0.47%, 0, 4, 2, 47.61
1571479938, 16, 0, 2, 0, 0, 0.47%, 0, 4, 2, 49.01
1571479943, 18, 1, 2, 0, 0, 0.47%, 0, 4, 2, 49.29
1571479949, 20, 1, 2, 0, 0, 0.47%, 0, 5, 2, 50.00
1571479954, 22, 1, 2, 0, 0, 0.47%, 0, 5, 2, 48.06
1571479959, 25, 0, 2, 0, 0, 0.47%, 0, 5, 2, 46.47
1571479964, 27, 1, 2, 0, 0, 0.47%, 0, 5, 2, 49.21
1571479969, 30, 0, 2, 0, 0, 0.47%, 0, 5, 2, 49.31
1571479974, 32, 1, 2, 0, 0, 0.47%, 0, 5, 2, 48.74
1571479979, 35, 0, 2, 0, 0, 0.47%, 0, 5, 2, 49.44
1571479984, 37, 1, 2, 0, 0, 0.47%, 0, 5, 2, 49.36
1571479990, 39, 1, 3, 1, 0, 0.49%, 0, 5, 3, 48.97
1571479995, 39, 2, 3, 1, 1, 0.49%, 0, 5, 3, 48.58
1571480005, 39, 2, 4, 2, 1, 0.49%, 0, 6, 4, 49.97
1571480025, 39, 2, 4, 2, 1, 0.49%, 0, 7, 4, 46.77
1571480046, 39, 3, 4, 1, 1, 0.49%, 0, 8, 4, 49.52
1571480117, 40, 0, 4, 0, 0, 0.49%, 0, 8, 4, 48.20
1571480122, 40, 1, 4, 0, 0, 0.49%, 0, 8, 4, 48.76
1571480132, 40, 2, 4, 0, 0, 0.49%, 0, 8, 4, 49.04
1571480143, 40, 3, 4, 0, 0, 0.49%, 0, 8, 4, 45.19
1571480163, 41, 0, 4, 0, 0, 0.49%, 0, 8, 4, 47.87
1571480168, 41, 2, 4, 0, 0, 0.49%, 0, 8, 4, 48.52
1571480178, 41, 3, 4, 0, 0, 0.49%, 0, 8, 4, 46.37
1571480199, 42, 0, 4, 0, 0, 0.49%, 0, 8, 4, 49.50
1571480204, 42, 1, 4, 0, 0, 0.49%, 0, 8, 4, 47.24
1571480209, 42, 2, 4, 0, 0, 0.49%, 0, 8, 4, 45.40
1571480219, 42, 3, 4, 0, 0, 0.49%, 0, 8, 4, 45.88
1571480235, 43, 0, 4, 0, 0, 0.49%, 0, 8, 4, 46.78
1571480240, 43, 1, 4, 0, 0, 0.49%, 0, 8, 4, 47.37
1571480245, 43, 2, 4, 0, 0, 0.49%, 0, 8, 4, 45.65
1571480255, 43, 3, 4, 0, 0, 0.49%, 0, 8, 4, 46.58
1571480260, 43, 3, 4, 0, 0, 0.49%, 0, 9, 4, 38.75
1571480275, 44, 0, 4, 0, 0, 0.49%, 0, 9, 4, 47.60
1571480280, 44, 1, 4, 0, 0, 0.49%, 0, 9, 4, 46.92
1571480285, 44, 2, 4, 0, 0, 0.49%, 0, 9, 4, 47.54
1571480296, 44, 3, 4, 0, 0, 0.49%, 0, 9, 4, 47.11
1571480316, 45, 0, 4, 0, 0, 0.49%, 0, 9, 4, 48.23
1571480322, 45, 1, 4, 0, 0, 0.49%, 0, 9, 4, 47.74
1571480327, 45, 2, 4, 0, 0, 0.49%, 0, 9, 4, 44.66
1571480337, 45, 3, 4, 0, 0, 0.49%, 0, 9, 4, 47.09
1571480357, 46, 1, 4, 0, 0, 0.49%, 0, 9, 4, 47.70
1571480363, 46, 2, 4, 0, 0, 0.49%, 0, 9, 4, 44.59
1571480378, 46, 3, 4, 0, 0, 0.49%, 0, 9, 4, 48.40
1571480398, 47, 0, 4, 0, 0, 0.49%, 0, 9, 4, 48.64
1571480403, 47, 1, 4, 0, 0, 0.49%, 0, 9, 4, 45.99
1571480408, 47, 2, 4, 0, 0, 0.49%, 0, 9, 4, 48.09
1571480419, 47, 3, 4, 0, 0, 0.49%, 0, 9, 4, 46.98
1571480439, 48, 1, 4, 0, 0, 0.49%, 0, 9, 4, 49.53
1571480444, 48, 2, 4, 0, 0, 0.49%, 0, 9, 4, 48.44
1571480450, 48, 3, 4, 0, 0, 0.49%, 0, 9, 4, 47.19
1571480460, 49, 0, 4, 0, 0, 0.49%, 0, 9, 4, 49.29
1571480465, 49, 1, 4, 0, 0, 0.49%, 0, 9, 4, 46.60
1571480470, 49, 2, 4, 0, 0, 0.49%, 0, 9, 4, 47.83
1571480475, 49, 3, 4, 0, 0, 0.49%, 0, 9, 4, 48.36
1571480485, 50, 1, 4, 0, 0, 0.49%, 0, 9, 4, 46.34
1571480490, 50, 2, 4, 0, 0, 0.49%, 0, 9, 4, 47.26
1571480495, 50, 3, 4, 0, 0, 0.49%, 0, 9, 4, 44.71
1571480506, 51, 0, 4, 0, 0, 0.49%, 0, 9, 4, 48.45
1571480511, 51, 1, 4, 0, 0, 0.49%, 0, 9, 4, 49.06
1571480516, 51, 2, 4, 0, 0, 0.49%, 0, 9, 4, 46.39
1571480521, 51, 3, 4, 0, 0, 0.49%, 0, 9, 4, 47.68
1571480526, 52, 0, 4, 0, 0, 0.49%, 0, 9, 4, 47.45
1571480531, 52, 1, 4, 0, 0, 0.49%, 0, 9, 4, 47.03
1571480537, 52, 2, 4, 0, 0, 0.49%, 0, 9, 4, 46.38
1571480542, 53, 0, 4, 0, 0, 0.49%, 0, 9, 4, 45.66
1571480547, 53, 1, 4, 0, 0, 0.49%, 0, 9, 4, 47.94
1571480552, 53, 2, 4, 0, 0, 0.49%, 0, 9, 4, 48.10
1571480557, 53, 3, 4, 0, 0, 0.49%, 0, 9, 4, 44.93
1571480562, 54, 0, 4, 0, 0, 0.49%, 0, 9, 4, 48.40
1571480567, 54, 1, 4, 0, 0, 0.49%, 0, 9, 4, 48.77
1571480572, 54, 2, 4, 0, 0, 0.49%, 0, 9, 4, 47.00
1571480577, 54, 3, 4, 0, 0, 0.49%, 0, 9, 4, 46.26
1571480582, 55, 0, 4, 0, 0, 0.49%, 0, 9, 4, 46.96
1571480588, 55, 1, 4, 0, 0, 0.49%, 0, 9, 4, 47.71
1571480593, 55, 2, 4, 0, 0, 0.49%, 0, 9, 4, 47.10
1571480598, 55, 3, 4, 0, 0, 0.49%, 0, 9, 4, 45.42
1571480603, 56, 0, 4, 0, 0, 0.49%, 0, 9, 4, 46.81
1571480608, 56, 2, 4, 0, 0, 0.49%, 0, 9, 4, 48.77
1571480613, 56, 3, 4, 0, 0, 0.49%, 0, 9, 4, 47.77
1571480618, 57, 0, 4, 0, 0, 0.49%, 0, 9, 4, 48.18
1571480623, 57, 1, 4, 0, 0, 0.49%, 0, 9, 4, 49.18
1571480628, 57, 2, 4, 0, 0, 0.49%, 0, 9, 4, 47.99
1571480634, 57, 3, 4, 0, 0, 0.49%, 0, 9, 4, 43.07
1571480639, 58, 0, 4, 0, 0, 0.49%, 0, 9, 4, 47.31
1571480644, 58, 1, 4, 0, 0, 0.49%, 0, 9, 4, 48.64
1571480649, 58, 2, 4, 0, 0, 0.49%, 0, 9, 4, 46.51
1571480654, 58, 3, 4, 0, 0, 0.49%, 0, 9, 4, 46.21
1571480659, 59, 0, 4, 0, 0, 0.49%, 0, 9, 4, 48.39
1571480664, 59, 2, 4, 0, 0, 0.49%, 0, 9, 4, 47.53
1571480669, 59, 3, 4, 0, 0, 0.49%, 0, 9, 4, 47.55
1571480674, 60, 0, 4, 0, 0, 0.49%, 0, 9, 4, 45.14
1571480680, 60, 1, 4, 0, 0, 0.49%, 0, 9, 4, 48.65
1571480685, 60, 2, 4, 0, 0, 0.49%, 0, 9, 4, 45.82
1571480690, 60, 3, 4, 0, 0, 0.49%, 0, 9, 4, 45.32
1571480695, 61, 0, 4, 0, 0, 0.49%, 0, 9, 4, 45.49
1571480700, 61, 1, 4, 0, 0, 0.49%, 0, 9, 4, 47.93
1571480705, 61, 3, 4, 0, 0, 0.49%, 0, 9, 4, 46.28
1571480715, 62, 0, 4, 0, 0, 0.49%, 0, 9, 4, 47.51
1571480721, 62, 2, 4, 0, 0, 0.49%, 0, 9, 4, 47.77
1571480726, 62, 3, 4, 0, 0, 0.49%, 0, 9, 4, 48.27
1571480736, 63, 1, 4, 0, 0, 0.49%, 0, 9, 4, 48.08
1571480741, 63, 2, 4, 0, 0, 0.49%, 0, 9, 4, 46.84
1571480746, 63, 3, 4, 0, 0, 0.49%, 0, 9, 4, 48.36
1571480751, 64, 0, 4, 0, 0, 0.49%, 0, 9, 4, 48.40
1571480756, 64, 1, 4, 0, 0, 0.49%, 0, 9, 4, 46.27
1571480761, 64, 2, 4, 0, 0, 0.49%, 0, 9, 4, 45.89
1571480767, 64, 3, 4, 0, 0, 0.49%, 0, 9, 4, 47.69
1571480772, 65, 0, 4, 0, 0, 0.49%, 0, 9, 4, 48.04
1571480777, 65, 2, 4, 0, 0, 0.49%, 0, 9, 4, 46.77
1571480782, 65, 3, 4, 0, 0, 0.49%, 0, 9, 4, 46.48
1571480787, 66, 0, 4, 0, 0, 0.49%, 0, 9, 4, 48.42
1571480792, 66, 1, 4, 0, 0, 0.49%, 0, 9, 4, 46.72
1571480798, 66, 2, 4, 0, 0, 0.49%, 0, 9, 4, 46.40
1571480803, 66, 3, 4, 0, 0, 0.49%, 0, 9, 4, 45.74
1571480808, 67, 0, 4, 0, 0, 0.49%, 0, 9, 4, 46.96
1571480813, 67, 1, 4, 0, 0, 0.49%, 0, 9, 4, 48.01
1571480818, 67, 3, 4, 0, 0, 0.49%, 0, 9, 4, 47.93
1571480823, 68, 0, 4, 0, 0, 0.49%, 0, 9, 4, 46.70
1571480828, 68, 1, 4, 0, 0, 0.49%, 0, 9, 4, 49.24
1571480833, 68, 2, 4, 0, 0, 0.49%, 0, 9, 4, 47.84
1571480838, 68, 3, 4, 0, 0, 0.49%, 0, 9, 4, 47.69
1571480843, 69, 0, 4, 0, 0, 0.49%, 0, 9, 4, 48.32
1571480849, 69, 1, 4, 0, 0, 0.49%, 0, 9, 4, 48.18
1571480854, 69, 2, 4, 0, 0, 0.49%, 0, 9, 4, 46.04
1571480859, 69, 3, 4, 0, 0, 0.49%, 0, 9, 4, 47.75
1571480864, 70, 0, 4, 0, 0, 0.49%, 0, 9, 4, 48.63
1571480869, 70, 2, 4, 0, 0, 0.49%, 0, 9, 4, 45.76
1571480874, 70, 3, 4, 0, 0, 0.49%, 0, 9, 4, 46.79
1571480879, 71, 0, 4, 0, 0, 0.49%, 0, 9, 4, 46.46
1571480885, 71, 1, 4, 0, 0, 0.49%, 0, 9, 4, 47.84
1571480890, 71, 2, 5, 1, 0, 0.63%, 0, 9, 4, 48.73
1571480895, 71, 4, 5, 1, 1, 0.63%, 0, 10, 4, 48.66
1571480900, 71, 4, 6, 2, 1, 0.64%, 0, 12, 5, 45.60
1571480941, 71, 4, 6, 2, 1, 0.64%, 0, 13, 5, 43.76
1571480951, 71, 4, 6, 2, 1, 0.64%, 0, 14, 5, 48.87
1571480966, 71, 4, 7, 3, 1, 0.67%, 0, 14, 5, 41.67
1571480972, 71, 4, 7, 3, 1, 0.67%, 0, 15, 5, 45.77
1571480982, 71, 4, 8, 4, 1, 0.69%, 0, 15, 5, 44.91
1571480992, 71, 4, 8, 4, 1, 0.69%, 0, 16, 5, 42.87
1571481002, 71, 4, 10, 6, 1, 0.69%, 0, 16, 5, 44.87
1571481022, 71, 4, 11, 7, 1, 0.69%, 0, 16, 5, 45.09
1571481033, 71, 4, 12, 8, 1, 0.69%, 0, 17, 5, 2.72
1571481038, 71, 4, 12, 8, 1, 0.69%, 0, 18, 5, 43.55
1571481049, 71, 4, 12, 8, 1, 0.69%, 0, 19, 5, 49.28
1571481054, 71, 4, 12, 8, 1, 0.69%, 0, 20, 5, 7.36
1571481069, 71, 4, 12, 8, 1, 0.69%, 0, 21, 5, 46.66
1571481074, 71, 4, 13, 9, 1, 0.71%, 0, 21, 5, 45.48
1571481085, 71, 4, 14, 10, 1, 0.71%, 0, 21, 5, 46.66
1571481110, 71, 4, 15, 11, 1, 0.71%, 0, 21, 5, 46.23
1571481115, 71, 4, 15, 11, 1, 0.71%, 0, 22, 5, 49.19
1571481120, 71, 5, 15, 10, 5, 0.71%, 0, 22, 5, 45.83
1571481202, 71, 5, 16, 11, 5, 0.71%, 0, 22, 6, 45.89
1571481207, 71, 5, 17, 12, 5, 0.71%, 0, 22, 6, 45.08
1571481228, 71, 5, 18, 13, 5, 0.71%, 0, 22, 6, 44.21
1571481258, 71, 5, 18, 13, 5, 0.71%, 0, 23, 6, 36.91
1571481284, 71, 5, 19, 14, 5, 0.71%, 0, 23, 6, 44.48
1571481324, 71, 5, 19, 14, 5, 0.71%, 0, 24, 6, 48.49
1571481334, 71, 5, 20, 15, 5, 0.71%, 0, 24, 6, 48.75
1571481340, 71, 6, 20, 14, 6, 0.71%, 0, 24, 6, 43.55
1571481345, 71, 6, 21, 15, 6, 0.72%, 0, 25, 6, 50.50
1571481355, 71, 6, 22, 16, 6, 0.72%, 0, 25, 6, 40.48
1571481437, 71, 6, 23, 17, 6, 0.72%, 0, 25, 6, 45.74
1571481447, 71, 6, 24, 18, 6, 0.72%, 0, 25, 6, 44.47
1571481457, 71, 6, 25, 19, 6, 0.72%, 0, 25, 6, 44.46
1571481544, 71, 6, 26, 20, 6, 0.72%, 0, 25, 6, 42.57
1571481564, 71, 6, 27, 21, 6, 0.72%, 0, 25, 6, 46.50
1571481569, 71, 6, 28, 22, 6, 0.72%, 0, 25, 6, 46.87
1571481580, 71, 9, 28, 21, 8, 0.72%, 0, 26, 6, 2.58
1571481590, 71, 9, 28, 21, 8, 0.72%, 0, 27, 6, 49.82
1571481611, 71, 9, 29, 22, 8, 0.73%, 0, 27, 6, 36.15
1571481621, 71, 9, 32, 25, 8, 0.74%, 0, 27, 6, 49.36
1571481790, 71, 13, 32, 24, 11, 0.74%, 0, 27, 6, 46.06
