# unix_time, cycles_done, cur_path, paths_total, pending_total, pending_favs, map_size, unique_crashes, unique_hangs, max_depth, execs_per_sec
1570693499, 0, 0, 2, 2, 1, 0.51%, 0, 0, 1, 29.25
1570693515, 0, 0, 3, 3, 1, 0.51%, 0, 0, 2, 31.30
1570693525, 0, 2, 3, 2, 1, 0.51%, 0, 0, 2, 31.81
1570693530, 0, 2, 3, 2, 1, 0.51%, 0, 1, 2, 34.39
1570693545, 0, 2, 3, 2, 1, 0.51%, 0, 2, 2, 29.61
1570693550, 1, 0, 3, 1, 0, 0.51%, 0, 2, 2, 27.96
1570693556, 1, 1, 3, 1, 0, 0.51%, 0, 2, 2, 28.59
1570693576, 2, 0, 3, 0, 0, 0.51%, 0, 2, 2, 28.20
1570693586, 2, 1, 3, 0, 0, 0.51%, 0, 2, 2, 27.47
1570693597, 2, 2, 3, 0, 0, 0.51%, 0, 2, 2, 25.85
1570693602, 3, 0, 3, 0, 0, 0.51%, 0, 2, 2, 26.96
1570693607, 3, 1, 3, 0, 0, 0.51%, 0, 2, 2, 28.23
1570693618, 3, 2, 3, 0, 0, 0.51%, 0, 2, 2, 27.58
1570693623, 4, 0, 3, 0, 0, 0.51%, 0, 2, 2, 27.95
1570693628, 4, 1, 3, 0, 0, 0.51%, 0, 2, 2, 27.81
1570693638, 4, 2, 3, 0, 0, 0.51%, 0, 2, 2, 28.59
1570693648, 5, 0, 3, 0, 0, 0.51%, 0, 2, 2, 26.88
1570693653, 5, 1, 3, 0, 0, 0.51%, 0, 2, 2, 29.26
1570693663, 5, 2, 3, 0, 0, 0.51%, 0, 2, 2, 27.87
1570693668, 6, 0, 3, 0, 0, 0.51%, 0, 2, 2, 27.43
1570693679, 6, 1, 3, 0, 0, 0.51%, 0, 2, 2, 28.61
1570693689, 6, 2, 3, 0, 0, 0.51%, 0, 2, 2, 28.01
1570693694, 7, 0, 3, 0, 0, 0.51%, 0, 2, 2, 27.75
1570693699, 7, 1, 3, 0, 0, 0.51%, 0, 2, 2, 28.64
1570693709, 7, 2, 3, 0, 0, 0.51%, 0, 2, 2, 28.13
1570693714, 8, 0, 3, 0, 0, 0.51%, 0, 2, 2, 28.27
1570693720, 8, 1, 3, 0, 0, 0.51%, 0, 2, 2, 27.84
1570693730, 8, 2, 3, 0, 0, 0.51%, 0, 2, 2, 27.97
1570693735, 9, 0, 3, 0, 0, 0.51%, 0, 2, 2, 28.57
1570693740, 9, 1, 3, 0, 0, 0.51%, 0, 2, 2, 28.14
1570693750, 9, 2, 3, 0, 0, 0.51%, 0, 2, 2, 28.74
1570693755, 9, 2, 3, 0, 0, 0.51%, 0, 3, 2, 31.37
1570693760, 10, 0, 3, 0, 0, 0.51%, 0, 3, 2, 29.56
1570693766, 10, 1, 3, 0, 0, 0.51%, 0, 3, 2, 27.95
1570693776, 10, 2, 3, 0, 0, 0.51%, 0, 3, 2, 26.86
1570693786, 11, 1, 3, 0, 0, 0.51%, 0, 3, 2, 28.61
1570693801, 11, 2, 3, 0, 0, 0.51%, 0, 3, 2, 27.26
1570693806, 12, 0, 3, 0, 0, 0.51%, 0, 3, 2, 27.29
1570693811, 12, 1, 3, 0, 0, 0.51%, 0, 3, 2, 27.64
1570693822, 12, 2, 3, 0, 0, 0.51%, 0, 4, 2, 25.22
1570693827, 12, 3, 4, 1, 1, 0.53%, 0, 4, 3, 27.49
1570693843, 12, 3, 5, 2, 1, 0.53%, 0, 4, 4, 29.39
1570693848, 12, 3, 5, 2, 1, 0.53%, 0, 5, 4, 31.59
1570693858, 12, 3, 6, 3, 1, 0.55%, 0, 5, 4, 27.38
1570693920, 12, 4, 6, 2, 2, 0.55%, 0, 7, 4, 4.77
1570693956, 12, 4, 7, 3, 2, 0.55%, 0, 7, 5, 28.56
1570694043, 12, 5, 7, 2, 2, 0.55%, 0, 7, 5, 23.29
1570694048, 12, 5, 7, 2, 2, 0.55%, 0, 8, 5, 22.50
1570694059, 12, 5, 7, 2, 2, 0.55%, 0, 9, 5, 1.81
1570694181, 12, 6, 7, 1, 1, 0.55%, 0, 9, 5, 28.56
1570694237, 12, 6, 8, 2, 1, 0.69%, 0, 9, 6, 28.56
1570694278, 12, 6, 9, 3, 1, 0.73%, 0, 9, 6, 29.48
1570694303, 12, 6, 9, 3, 1, 0.73%, 0, 10, 6, 29.79
1570694401, 12, 6, 10, 4, 1, 0.74%, 0, 10, 6, 31.09
1570694452, 12, 6, 11, 5, 1, 0.75%, 0, 10, 6, 26.31
1570694473, 12, 6, 11, 5, 1, 0.75%, 0, 11, 6, 3.44
1570694483, 12, 6, 11, 5, 1, 0.75%, 0, 12, 6, 30.09
1570694494, 12, 7, 11, 4, 4, 0.75%, 0, 12, 6, 25.18
1570694596, 12, 7, 11, 4, 4, 0.75%, 0, 13, 6, 27.10
1570694611, 12, 7, 11, 4, 4, 0.75%, 0, 14, 6, 4.84
1570694632, 12, 7, 12, 5, 4, 0.75%, 0, 14, 7, 25.35
1570694662, 12, 7, 13, 6, 4, 0.78%, 0, 15, 7, 26.37
1570694673, 12, 7, 13, 6, 4, 0.78%, 0, 16, 7, 6.30
1570694683, 12, 7, 13, 6, 4, 0.78%, 0, 17, 7, 27.76
1570694724, 12, 7, 13, 6, 4, 0.78%, 0, 18, 7, 25.83
1570694785, 12, 7, 13, 6, 4, 0.78%, 0, 19, 7, 25.55
1570694867, 12, 8, 13, 5, 4, 0.78%, 0, 19, 7, 28.12
1570694882, 12, 8, 14, 6, 4, 0.78%, 0, 20, 7, 28.53
1570694887, 12, 8, 14, 6, 4, 0.78%, 0, 21, 7, 29.52
1570694949, 12, 8, 15, 7, 4, 0.78%, 0, 21, 7, 26.93
1570695016, 12, 8, 17, 9, 4, 0.78%, 0, 21, 7, 28.45
1570695077, 12, 8, 18, 10, 4, 0.78%, 0, 21, 7, 31.58
1570695098, 12, 8, 22, 14, 4, 0.79%, 0, 21, 7, 24.75
1570695113, 12, 8, 25, 17, 4, 0.80%, 0, 21, 7, 28.41
1570695149, 12, 8, 26, 18, 4, 0.80%, 0, 21, 7, 29.81
1570695220, 12, 8, 27, 19, 4, 0.81%, 0, 21, 7, 22.41
1570695343, 12, 8, 27, 19, 4, 0.81%, 0, 22, 7, 3.41
1570695348, 12, 8, 28, 20, 4, 0.81%, 0, 22, 7, 20.95
1570695410, 12, 8, 29, 21, 4, 0.81%, 0, 22, 7, 18.11
1570695558, 12, 9, 29, 20, 13, 0.81%, 0, 22, 7, 17.63
1570695583, 12, 9, 30, 21, 13, 0.81%, 0, 22, 7, 21.46
1570695752, 12, 9, 31, 22, 13, 0.82%, 0, 22, 7, 23.40
1570696251, 12, 9, 32, 23, 13, 0.82%, 0, 22, 7, 22.23
1570696287, 12, 12, 33, 23, 14, 0.82%, 0, 22, 8, 18.61
1570696297, 12, 12, 34, 24, 14, 0.82%, 0, 22, 8, 23.20
1570696302, 12, 12, 34, 24, 14, 0.82%, 0, 23, 8, 25.39
1570696333, 12, 12, 35, 25, 14, 0.82%, 0, 23, 8, 21.34
1570696639, 12, 12, 36, 26, 14, 0.83%, 0, 23, 8, 27.54
1570696655, 12, 16, 36, 25, 16, 0.83%, 0, 23, 8, 22.41
1570696818, 12, 16, 37, 26, 16, 0.83%, 0, 23, 8, 24.16
1570697124, 12, 18, 37, 25, 15, 0.83%, 0, 23, 8, 15.05
1570697593, 12, 19, 37, 24, 14, 0.83%, 0, 23, 8, 13.86
1570698026, 12, 20, 37, 23, 13, 0.83%, 0, 23, 8, 18.72
1570698041, 12, 20, 37, 23, 13, 0.83%, 0, 24, 8, 28.58
1570698471, 12, 21, 37, 22, 12, 0.83%, 0, 24, 8, 13.65
1570698919, 12, 22, 37, 21, 11, 0.83%, 0, 24, 8, 23.28
1570698970, 12, 22, 37, 21, 11, 0.83%, 0, 25, 8, 23.81
1570699143, 12, 23, 37, 20, 10, 0.83%, 0, 25, 8, 20.22
1570699368, 12, 24, 37, 19, 9, 0.83%, 0, 25, 8, 24.90
1570699414, 12, 24, 37, 19, 9, 0.83%, 0, 26, 8, 1.81
1570699532, 12, 24, 38, 20, 9, 0.83%, 0, 26, 8, 25.37
1570699644, 12, 26, 38, 19, 8, 0.83%, 0, 26, 8, 17.32
1570699660, 12, 26, 41, 22, 8, 0.83%, 0, 26, 8, 25.31
1570699665, 12, 26, 43, 24, 8, 0.83%, 0, 26, 8, 28.25
1570699670, 12, 26, 47, 28, 8, 0.85%, 0, 26, 8, 27.24
1570699757, 12, 26, 49, 30, 8, 0.86%, 0, 26, 8, 25.51
1570699833, 12, 26, 50, 31, 8, 0.86%, 0, 26, 8, 25.36
1570699935, 12, 26, 51, 32, 8, 0.86%, 0, 26, 8, 25.45
1570700027, 12, 26, 52, 33, 8, 0.86%, 0, 26, 8, 24.53
1570700209, 12, 26, 52, 33, 8, 0.86%, 0, 27, 8, 17.53
1570700225, 12, 26, 53, 34, 8, 0.86%, 0, 27, 8, 21.09
1570700231, 12, 26, 54, 35, 8, 0.86%, 0, 28, 8, 3.91
1570700272, 12, 26, 54, 35, 8, 0.86%, 0, 29, 8, 23.78
1570700307, 12, 26, 54, 35, 8, 0.86%, 0, 30, 8, 25.09
1570700338, 12, 26, 54, 35, 8, 0.86%, 0, 31, 8, 23.86
1570700405, 12, 26, 54, 35, 8, 0.86%, 0, 32, 8, 20.29
1570700568, 12, 29, 54, 34, 10, 0.86%, 0, 32, 8, 17.31
1570701287, 12, 30, 54, 33, 9, 0.86%, 0, 32, 8, 12.38
1570701864, 12, 30, 54, 33, 9, 0.86%, 0, 33, 8, 22.46
1570702068, 12, 31, 54, 32, 8, 0.86%, 0, 33, 8, 20.92
1570702365, 12, 32, 54, 31, 7, 0.86%, 0, 33, 8, 24.09
1570702779, 12, 33, 54, 30, 6, 0.86%, 0, 33, 8, 22.94
1570702973, 12, 33, 54, 30, 6, 0.86%, 0, 34, 8, 26.51
1570703110, 12, 34, 54, 29, 5, 0.86%, 0, 34, 8, 26.94
1570703116, 12, 34, 55, 30, 5, 0.86%, 0, 34, 9, 27.48
1570703238, 12, 34, 55, 30, 5, 0.86%, 0, 35, 9, 25.11
1570703243, 12, 34, 56, 31, 5, 0.86%, 0, 35, 9, 25.46
