# unix_time, cycles_done, cur_path, paths_total, pending_total, pending_favs, map_size, unique_crashes, unique_hangs, max_depth, execs_per_sec
1569123256, 0, 0, 4, 4, 3, 0.36%, 0, 0, 1, 268.91
1569123261, 0, 0, 10, 10, 3, 0.39%, 0, 0, 2, 299.62
1569123266, 0, 0, 13, 13, 3, 0.40%, 0, 0, 2, 315.01
1569123272, 0, 0, 15, 15, 3, 0.40%, 0, 0, 2, 317.62
1569123282, 0, 0, 17, 17, 3, 0.41%, 0, 0, 2, 318.92
1569123287, 0, 0, 18, 18, 3, 0.41%, 0, 0, 2, 317.81
1569123292, 0, 0, 19, 19, 3, 0.41%, 0, 0, 2, 317.93
1569123297, 0, 0, 20, 20, 3, 0.42%, 0, 0, 2, 318.24
1569123302, 0, 0, 22, 22, 3, 0.42%, 0, 0, 2, 302.96
1569123307, 0, 0, 24, 24, 3, 0.43%, 0, 0, 2, 237.98
1569123318, 0, 0, 25, 25, 3, 0.43%, 0, 0, 2, 205.67
1569123323, 0, 0, 26, 26, 3, 0.43%, 0, 0, 2, 206.35
1569123328, 0, 0, 28, 28, 3, 0.44%, 0, 0, 2, 209.91
1569123333, 0, 0, 29, 29, 3, 0.44%, 0, 0, 2, 210.44
1569123338, 0, 0, 31, 31, 3, 0.45%, 0, 0, 2, 211.29
1569123343, 0, 0, 32, 32, 3, 0.45%, 0, 0, 2, 211.18
1569123354, 0, 0, 33, 33, 3, 0.45%, 0, 0, 2, 216.19
1569123379, 0, 0, 34, 34, 3, 0.46%, 0, 0, 2, 163.00
1569123400, 0, 12, 34, 33, 3, 0.46%, 0, 0, 2, 215.95
1569123405, 0, 18, 34, 32, 2, 0.46%, 0, 0, 2, 217.36
1569123410, 0, 24, 34, 31, 1, 0.46%, 0, 0, 2, 217.22
1569123415, 0, 24, 35, 32, 1, 0.46%, 0, 0, 3, 216.15
1569123420, 0, 24, 36, 33, 1, 0.46%, 0, 0, 3, 216.80
1569123425, 0, 24, 37, 34, 1, 0.47%, 0, 0, 3, 215.42
1569123450, 0, 29, 37, 33, 0, 0.47%, 0, 0, 3, 217.80
1569123456, 0, 29, 38, 34, 0, 0.47%, 0, 0, 3, 217.11
1569123466, 0, 29, 40, 36, 0, 0.47%, 0, 0, 3, 217.05
1569123481, 0, 29, 41, 37, 0, 0.48%, 0, 0, 3, 217.37
1569123501, 0, 29, 42, 38, 0, 0.48%, 0, 0, 3, 216.72
1569123506, 0, 36, 42, 37, 0, 0.48%, 0, 0, 3, 217.74
1569123557, 0, 36, 43, 38, 0, 0.48%, 0, 0, 4, 207.94
1569123618, 0, 36, 44, 39, 0, 0.49%, 0, 0, 4, 209.32
1569123624, 1, 6, 44, 38, 0, 0.49%, 0, 0, 4, 211.58
1569123634, 1, 6, 45, 39, 0, 0.49%, 0, 0, 4, 159.36
1569123639, 1, 9, 45, 38, 0, 0.49%, 0, 0, 4, 200.14
1569123649, 1, 11, 46, 38, 0, 0.49%, 0, 0, 4, 210.99
1569123654, 1, 18, 46, 37, 0, 0.49%, 0, 0, 4, 211.48
1569123660, 1, 21, 46, 37, 0, 0.49%, 0, 0, 4, 212.72
1569123665, 1, 21, 47, 38, 0, 0.49%, 0, 0, 4, 211.21
1569123675, 1, 21, 48, 39, 0, 0.50%, 0, 0, 4, 213.42
1569123680, 1, 23, 48, 38, 0, 0.50%, 0, 0, 4, 209.50
1569123685, 1, 30, 48, 37, 0, 0.50%, 0, 0, 4, 210.92
1569123691, 1, 30, 49, 38, 0, 0.50%, 0, 0, 4, 213.26
1569123701, 1, 38, 49, 37, 0, 0.50%, 0, 0, 4, 211.21
1569123732, 1, 38, 50, 38, 0, 0.50%, 0, 0, 4, 213.84
1569123747, 1, 38, 51, 39, 0, 0.50%, 0, 0, 4, 215.94
1569123752, 1, 40, 51, 38, 0, 0.50%, 0, 0, 4, 218.03
1569123798, 1, 40, 52, 39, 0, 0.51%, 0, 0, 4, 215.05
1569123804, 1, 40, 53, 40, 0, 0.51%, 0, 0, 4, 212.65
1569123809, 1, 41, 53, 39, 0, 0.51%, 0, 0, 4, 213.42
1569123824, 1, 41, 54, 40, 0, 0.51%, 0, 0, 4, 216.07
1569123834, 1, 42, 54, 39, 0, 0.51%, 0, 0, 4, 210.82
1569123901, 1, 42, 55, 40, 0, 0.51%, 0, 0, 5, 209.11
1569123957, 1, 50, 55, 39, 0, 0.51%, 0, 0, 5, 210.38
1569123993, 1, 50, 56, 40, 0, 0.52%, 0, 0, 5, 214.29
1569124029, 1, 51, 56, 39, 0, 0.52%, 0, 0, 5, 215.00
1569124106, 1, 53, 56, 38, 0, 0.52%, 0, 0, 5, 211.54
1569124136, 1, 53, 57, 39, 0, 0.52%, 0, 0, 5, 214.65
1569124167, 2, 4, 57, 38, 0, 0.52%, 0, 0, 5, 164.13
1569124177, 2, 4, 58, 39, 0, 0.52%, 0, 0, 5, 182.40
1569124183, 2, 8, 58, 38, 0, 0.52%, 0, 0, 5, 205.99
1569124188, 2, 10, 58, 37, 0, 0.52%, 0, 0, 5, 213.20
1569124198, 2, 14, 58, 36, 0, 0.52%, 0, 0, 5, 217.94
1569124208, 2, 16, 59, 36, 0, 0.52%, 0, 0, 5, 205.65
1569124218, 2, 24, 59, 35, 0, 0.52%, 0, 0, 5, 190.69
1569124224, 2, 31, 59, 35, 0, 0.52%, 0, 0, 5, 204.92
1569124229, 3, 1, 59, 34, 0, 0.52%, 0, 0, 5, 211.41
1569124239, 3, 2, 59, 33, 0, 0.52%, 0, 0, 5, 211.92
1569124249, 3, 24, 59, 32, 0, 0.52%, 0, 0, 5, 212.84
1569124255, 3, 37, 59, 32, 0, 0.52%, 0, 0, 5, 213.10
1569124311, 3, 42, 59, 31, 0, 0.52%, 0, 0, 5, 208.67
1569124316, 3, 55, 59, 31, 0, 0.52%, 0, 0, 5, 209.94
1569124388, 4, 0, 59, 30, 0, 0.52%, 0, 0, 5, 213.37
1569124393, 4, 17, 59, 30, 0, 0.52%, 0, 0, 5, 213.46
1569124398, 4, 24, 59, 29, 0, 0.52%, 0, 0, 5, 213.79
1569124403, 4, 27, 59, 29, 0, 0.52%, 0, 0, 5, 213.80
1569124413, 4, 28, 59, 28, 0, 0.52%, 0, 0, 5, 214.77
1569124429, 4, 32, 59, 27, 0, 0.52%, 0, 0, 5, 216.54
1569124439, 4, 35, 59, 26, 0, 0.52%, 0, 0, 5, 215.68
1569124444, 4, 43, 59, 25, 0, 0.52%, 0, 0, 5, 214.47
1569124505, 4, 43, 60, 26, 0, 0.53%, 0, 0, 5, 219.50
1569124531, 4, 43, 61, 27, 0, 0.53%, 0, 0, 5, 214.78
1569124546, 4, 43, 62, 28, 0, 0.53%, 0, 0, 5, 215.71
1569124551, 4, 43, 63, 29, 0, 0.54%, 0, 0, 5, 215.08
1569124613, 4, 46, 63, 28, 1, 0.54%, 0, 0, 5, 212.50
1569124643, 4, 59, 63, 27, 1, 0.54%, 0, 0, 5, 215.48
1569124705, 4, 59, 64, 28, 1, 0.54%, 0, 0, 6, 210.09
1569124853, 5, 7, 64, 27, 0, 0.54%, 0, 0, 6, 212.31
1569124863, 5, 12, 64, 26, 0, 0.54%, 0, 0, 6, 209.21
1569124868, 5, 20, 64, 26, 0, 0.54%, 0, 0, 6, 208.92
1569124878, 5, 64, 65, 26, 1, 0.54%, 0, 0, 6, 210.88
1569124899, 6, 0, 65, 25, 0, 0.54%, 0, 0, 6, 216.02
1569124904, 6, 12, 65, 25, 0, 0.54%, 0, 0, 6, 219.19
1569124909, 6, 22, 65, 25, 0, 0.54%, 0, 0, 6, 220.13
1569124914, 6, 26, 65, 24, 0, 0.54%, 0, 0, 6, 219.02
1569124924, 6, 39, 65, 23, 0, 0.54%, 0, 0, 6, 218.38
1569124929, 6, 39, 66, 24, 0, 0.55%, 0, 0, 6, 216.43
1569124986, 6, 60, 66, 23, 0, 0.55%, 0, 0, 6, 211.15
1569125032, 6, 60, 67, 24, 0, 0.55%, 0, 0, 6, 217.60
1569125140, 6, 60, 68, 25, 0, 0.55%, 0, 0, 6, 212.54
1569125160, 6, 60, 69, 26, 0, 0.56%, 0, 0, 6, 214.25
1569125232, 6, 61, 69, 25, 0, 0.56%, 0, 0, 6, 209.48
1569125262, 6, 61, 70, 26, 0, 0.56%, 0, 0, 6, 213.77
1569125345, 6, 61, 71, 27, 0, 0.56%, 0, 0, 6, 212.50
1569125443, 6, 65, 71, 26, 0, 0.56%, 0, 0, 6, 216.28
1569125550, 6, 67, 71, 25, 0, 0.56%, 0, 0, 6, 217.66
1569125673, 6, 67, 72, 26, 0, 0.56%, 0, 0, 7, 213.42
1569125760, 7, 0, 72, 25, 0, 0.56%, 0, 0, 7, 211.19
1569125765, 7, 19, 72, 25, 0, 0.56%, 0, 0, 7, 211.06
1569125771, 7, 25, 72, 24, 0, 0.56%, 0, 0, 7, 212.16
1569125822, 7, 25, 73, 25, 0, 0.57%, 0, 0, 7, 214.83
1569125878, 7, 34, 73, 24, 0, 0.57%, 0, 0, 7, 209.49
1569125893, 7, 48, 73, 23, 0, 0.57%, 0, 0, 7, 206.62
1569125918, 7, 54, 73, 22, 0, 0.57%, 0, 0, 7, 212.86
1569125964, 7, 54, 74, 23, 0, 0.57%, 0, 0, 7, 220.37
1569126015, 7, 54, 75, 24, 0, 0.57%, 0, 0, 7, 219.57
1569126030, 7, 54, 76, 25, 0, 0.57%, 0, 0, 7, 219.53
1569126061, 7, 64, 76, 24, 0, 0.57%, 0, 0, 7, 217.74
1569126066, 7, 70, 76, 24, 0, 0.57%, 0, 0, 7, 219.32
1569126173, 7, 70, 77, 25, 0, 0.58%, 0, 0, 7, 217.14
1569126188, 7, 70, 78, 26, 0, 0.58%, 0, 0, 7, 215.03
1569126270, 7, 73, 78, 25, 0, 0.58%, 0, 0, 7, 208.03
1569126352, 7, 73, 79, 26, 0, 0.58%, 0, 0, 7, 213.18
1569126373, 7, 73, 80, 27, 0, 0.58%, 0, 0, 7, 212.51
1569126454, 8, 0, 81, 27, 0, 0.58%, 0, 0, 7, 220.31
1569126460, 8, 3, 81, 27, 0, 0.58%, 0, 0, 7, 214.94
1569126470, 8, 33, 81, 26, 0, 0.58%, 0, 0, 7, 209.84
1569126480, 8, 47, 81, 25, 0, 0.58%, 0, 0, 7, 205.28
1569126515, 8, 56, 81, 24, 0, 0.58%, 0, 0, 7, 217.17
1569126556, 8, 62, 81, 23, 0, 0.58%, 0, 0, 7, 217.75
1569126562, 8, 62, 82, 24, 0, 0.59%, 0, 0, 7, 217.00
1569126736, 8, 62, 83, 25, 0, 0.59%, 0, 0, 7, 217.22
1569126803, 8, 63, 83, 24, 0, 0.59%, 0, 0, 7, 211.85
1569127012, 8, 64, 83, 23, 0, 0.59%, 0, 0, 7, 218.35
1569127017, 8, 76, 83, 23, 0, 0.59%, 0, 0, 7, 218.56
1569127221, 8, 78, 83, 22, 0, 0.59%, 0, 0, 7, 216.21
1569127405, 8, 81, 83, 21, 0, 0.59%, 0, 0, 7, 218.86
1569127420, 8, 81, 84, 22, 0, 0.59%, 0, 0, 7, 214.51
1569127615, 9, 13, 84, 21, 0, 0.59%, 0, 0, 7, 213.64
1569127625, 9, 34, 84, 20, 0, 0.59%, 0, 0, 7, 208.15
1569127630, 9, 41, 84, 20, 0, 0.59%, 0, 0, 7, 212.98
1569127635, 9, 52, 84, 20, 0, 0.59%, 0, 0, 7, 210.19
1569127655, 9, 52, 85, 21, 0, 0.60%, 0, 0, 7, 208.63
1569127706, 9, 57, 85, 20, 0, 0.60%, 0, 0, 7, 208.03
1569127828, 9, 57, 86, 21, 0, 0.60%, 0, 0, 7, 212.97
1569128344, 9, 57, 87, 22, 0, 0.60%, 0, 0, 7, 210.26
1569128445, 9, 57, 88, 23, 0, 0.60%, 0, 0, 7, 208.51
1569128666, 9, 57, 89, 24, 0, 0.60%, 0, 0, 7, 212.66
1569128692, 9, 57, 91, 26, 0, 0.61%, 0, 0, 7, 212.79
1569128824, 9, 57, 92, 27, 0, 0.61%, 0, 0, 7, 207.82
1569128854, 9, 57, 93, 28, 0, 0.61%, 0, 0, 7, 205.55
1569128952, 9, 57, 94, 29, 0, 0.61%, 0, 0, 7, 211.47
1569129044, 9, 57, 95, 30, 0, 0.62%, 0, 0, 7, 217.83
1569129464, 9, 57, 96, 31, 0, 0.62%, 0, 0, 7, 213.76
1569129770, 9, 57, 97, 32, 0, 0.62%, 0, 0, 7, 217.55
1569129898, 9, 57, 98, 33, 0, 0.63%, 0, 0, 7, 217.00
1569130761, 9, 57, 99, 34, 0, 0.63%, 0, 0, 7, 210.91
1569131257, 9, 57, 100, 35, 0, 0.63%, 0, 0, 7, 206.19
1569132176, 9, 57, 101, 36, 0, 0.64%, 0, 0, 7, 212.54
1569132895, 9, 57, 102, 37, 0, 0.64%, 0, 0, 7, 211.88
1569134240, 9, 57, 103, 38, 0, 0.64%, 0, 0, 7, 208.84
1569134822, 9, 57, 104, 39, 0, 0.65%, 0, 0, 7, 219.30
1569135206, 9, 57, 105, 40, 0, 0.65%, 0, 0, 7, 205.84
1569135359, 9, 57, 106, 41, 0, 0.65%, 0, 0, 7, 210.32
1569136548, 9, 57, 107, 42, 0, 0.65%, 0, 0, 7, 209.53
1569136711, 9, 57, 108, 43, 0, 0.66%, 0, 0, 7, 217.38
1569137594, 9, 57, 109, 44, 0, 0.66%, 0, 0, 7, 215.96
1569137991, 9, 57, 110, 45, 0, 0.67%, 0, 0, 7, 203.97
1569138308, 9, 57, 111, 46, 0, 0.67%, 0, 0, 7, 200.65
1569138615, 9, 57, 112, 47, 0, 0.67%, 0, 0, 7, 207.00
1569139677, 9, 57, 113, 48, 0, 0.67%, 0, 0, 7, 196.21
1569141543, 9, 57, 114, 49, 0, 0.67%, 0, 0, 7, 209.63
1569141731, 9, 57, 115, 50, 0, 0.68%, 0, 0, 7, 211.65
1569144174, 9, 57, 116, 51, 0, 0.68%, 0, 0, 7, 216.03
1569144506, 9, 57, 117, 52, 0, 0.68%, 0, 0, 7, 209.19
1569144879, 9, 57, 118, 53, 0, 0.68%, 0, 0, 7, 211.11
1569145155, 9, 57, 119, 54, 0, 0.68%, 0, 0, 7, 211.26
1569145600, 9, 57, 120, 55, 0, 0.69%, 0, 0, 7, 215.88
1569147234, 9, 57, 121, 56, 0, 0.69%, 0, 0, 7, 213.48
1569147831, 9, 57, 122, 57, 0, 0.69%, 0, 0, 7, 215.76
1569148859, 9, 57, 123, 58, 0, 0.69%, 0, 0, 7, 209.88
1569148905, 9, 57, 124, 59, 0, 0.69%, 0, 0, 7, 210.95
1569149768, 9, 57, 125, 60, 0, 0.69%, 0, 0, 7, 207.99
1569150892, 9, 57, 126, 61, 0, 0.70%, 0, 0, 7, 137.25
1569151429, 9, 57, 127, 62, 0, 0.70%, 0, 0, 7, 148.48
1569154408, 9, 57, 128, 63, 0, 0.70%, 0, 0, 7, 209.53
1569156906, 9, 83, 128, 62, 1, 0.70%, 0, 0, 7, 213.73
1569157135, 9, 90, 128, 61, 1, 0.70%, 0, 0, 7, 206.64
1569158084, 9, 90, 129, 62, 1, 0.70%, 0, 0, 7, 208.58
1569158616, 9, 90, 130, 63, 1, 0.70%, 0, 0, 7, 211.66
1569162436, 9, 90, 131, 64, 1, 0.71%, 0, 0, 7, 208.24
1569163786, 9, 90, 132, 65, 1, 0.71%, 0, 0, 7, 213.28
1569164515, 9, 90, 133, 66, 1, 0.71%, 0, 0, 7, 211.66
1569171857, 9, 90, 134, 67, 1, 0.72%, 0, 0, 7, 209.86
1569173285, 9, 90, 135, 68, 1, 0.72%, 0, 0, 7, 211.50
1569173925, 9, 90, 136, 69, 1, 0.73%, 0, 0, 7, 214.97
1569175305, 9, 90, 137, 70, 1, 0.73%, 0, 0, 7, 211.38
1569177048, 9, 90, 138, 71, 1, 0.73%, 0, 0, 7, 217.20
1569179526, 9, 90, 139, 72, 1, 0.73%, 0, 0, 7, 216.54
1569185685, 9, 128, 139, 71, 1, 0.73%, 0, 0, 7, 212.46
