# unix_time, cycles_done, cur_path, paths_total, pending_total, pending_favs, map_size, unique_crashes, unique_hangs, max_depth, execs_per_sec
1570704975, 0, 0, 2, 2, 1, 0.48%, 0, 0, 1, 35.01
1570704986, 0, 0, 3, 3, 1, 0.48%, 0, 0, 2, 38.10
1570704996, 0, 2, 3, 2, 1, 0.48%, 0, 1, 2, 39.74
1570705001, 0, 2, 3, 2, 1, 0.48%, 0, 2, 2, 43.49
1570705016, 0, 2, 4, 3, 1, 0.50%, 0, 2, 3, 36.10
1570705027, 0, 3, 4, 2, 1, 0.50%, 0, 2, 3, 36.79
1570705037, 0, 3, 5, 3, 1, 0.50%, 0, 2, 4, 36.94
1570705058, 0, 4, 5, 2, 1, 0.50%, 0, 3, 4, 23.33
1570705063, 0, 4, 5, 2, 1, 0.50%, 0, 4, 4, 27.95
1570705073, 0, 4, 5, 2, 1, 0.50%, 0, 5, 4, 31.63
1570705109, 1, 1, 5, 1, 0, 0.50%, 0, 5, 4, 33.03
1570705129, 1, 3, 5, 0, 0, 0.50%, 0, 5, 4, 31.59
1570705135, 2, 0, 5, 0, 0, 0.50%, 0, 5, 4, 31.55
1570705145, 2, 1, 5, 0, 0, 0.50%, 0, 5, 4, 33.22
1570705150, 2, 2, 5, 0, 0, 0.50%, 0, 5, 4, 32.39
1570705160, 2, 3, 5, 0, 0, 0.50%, 0, 5, 4, 31.22
1570705165, 2, 4, 5, 0, 0, 0.50%, 0, 5, 4, 32.38
1570705176, 3, 0, 5, 0, 0, 0.50%, 0, 5, 4, 32.14
1570705181, 3, 1, 5, 0, 0, 0.50%, 0, 5, 4, 31.88
1570705191, 3, 2, 5, 0, 0, 0.50%, 0, 5, 4, 33.36
1570705201, 3, 3, 5, 0, 0, 0.50%, 0, 5, 4, 32.19
1570705206, 3, 4, 5, 0, 0, 0.50%, 0, 5, 4, 33.15
1570705216, 4, 0, 5, 0, 0, 0.50%, 0, 5, 4, 31.17
1570705221, 4, 1, 5, 0, 0, 0.50%, 0, 5, 4, 31.72
1570705232, 4, 2, 5, 0, 0, 0.50%, 0, 5, 4, 34.38
1570705237, 4, 3, 5, 0, 0, 0.50%, 0, 5, 4, 33.86
1570705242, 4, 4, 5, 0, 0, 0.50%, 0, 5, 4, 32.15
1570705252, 5, 0, 5, 0, 0, 0.50%, 0, 5, 4, 31.94
1570705262, 5, 1, 5, 0, 0, 0.50%, 0, 5, 4, 32.98
1570705267, 5, 2, 5, 0, 0, 0.50%, 0, 5, 4, 33.75
1570705278, 5, 3, 5, 0, 0, 0.50%, 0, 5, 4, 30.26
1570705283, 5, 4, 5, 0, 0, 0.50%, 0, 5, 4, 29.37
1570705293, 6, 0, 5, 0, 0, 0.50%, 0, 5, 4, 31.87
1570705298, 6, 1, 5, 0, 0, 0.50%, 0, 5, 4, 30.92
1570705308, 6, 2, 5, 0, 0, 0.50%, 0, 5, 4, 32.60
1570705314, 6, 3, 5, 0, 0, 0.50%, 0, 5, 4, 31.66
1570705324, 6, 4, 5, 0, 0, 0.50%, 0, 5, 4, 31.13
1570705334, 7, 0, 5, 0, 0, 0.50%, 0, 5, 4, 32.26
1570705339, 7, 1, 5, 0, 0, 0.50%, 0, 5, 4, 32.16
1570705350, 7, 2, 5, 0, 0, 0.50%, 0, 5, 4, 31.93
1570705355, 7, 3, 5, 0, 0, 0.50%, 0, 5, 4, 30.39
1570705360, 7, 4, 5, 0, 0, 0.50%, 0, 5, 4, 29.71
1570705370, 8, 0, 5, 0, 0, 0.50%, 0, 5, 4, 32.72
1570705380, 8, 1, 5, 0, 0, 0.50%, 0, 5, 4, 32.00
1570705390, 8, 2, 5, 0, 0, 0.50%, 0, 5, 4, 32.64
1570705396, 8, 3, 5, 0, 0, 0.50%, 0, 5, 4, 31.37
1570705401, 8, 4, 5, 0, 0, 0.50%, 0, 5, 4, 31.40
1570705411, 9, 0, 5, 0, 0, 0.50%, 0, 5, 4, 31.34
1570705416, 9, 1, 5, 0, 0, 0.50%, 0, 5, 4, 33.18
1570705426, 9, 2, 5, 0, 0, 0.50%, 0, 5, 4, 33.66
1570705431, 9, 3, 5, 0, 0, 0.50%, 0, 5, 4, 34.65
1570705442, 9, 4, 5, 0, 0, 0.50%, 0, 5, 4, 31.13
1570705452, 10, 0, 5, 0, 0, 0.50%, 0, 5, 4, 31.68
1570705457, 10, 1, 5, 0, 0, 0.50%, 0, 5, 4, 31.90
1570705467, 10, 2, 5, 0, 0, 0.50%, 0, 5, 4, 30.70
1570705472, 10, 3, 5, 0, 0, 0.50%, 0, 5, 4, 30.81
1570705482, 10, 4, 5, 0, 0, 0.50%, 0, 5, 4, 31.67
1570705493, 11, 0, 5, 0, 0, 0.50%, 0, 5, 4, 32.14
1570705503, 11, 1, 5, 0, 0, 0.50%, 0, 5, 4, 30.76
1570705508, 11, 2, 5, 0, 0, 0.50%, 0, 5, 4, 30.47
1570705518, 11, 3, 5, 0, 0, 0.50%, 0, 5, 4, 30.36
1570705523, 11, 4, 5, 0, 0, 0.50%, 0, 5, 4, 32.07
1570705533, 12, 0, 5, 0, 0, 0.50%, 0, 5, 4, 29.32
1570705538, 12, 1, 5, 0, 0, 0.50%, 0, 5, 4, 29.10
1570705549, 12, 2, 5, 0, 0, 0.50%, 0, 5, 4, 29.16
1570705559, 12, 3, 5, 0, 0, 0.50%, 0, 5, 4, 28.69
1570705564, 12, 4, 5, 0, 0, 0.50%, 0, 5, 4, 28.54
1570705574, 13, 0, 5, 0, 0, 0.50%, 0, 5, 4, 29.90
1570705584, 13, 1, 5, 0, 0, 0.50%, 0, 5, 4, 30.04
1570705595, 13, 2, 5, 0, 0, 0.50%, 0, 5, 4, 29.05
1570705600, 13, 3, 5, 0, 0, 0.50%, 0, 5, 4, 29.55
1570705610, 13, 4, 5, 0, 0, 0.50%, 0, 5, 4, 28.04
1570705620, 14, 0, 5, 0, 0, 0.50%, 0, 5, 4, 30.44
1570705630, 14, 1, 5, 0, 0, 0.50%, 0, 5, 4, 29.97
1570705641, 14, 2, 5, 0, 0, 0.50%, 0, 5, 4, 30.94
1570705646, 14, 3, 5, 0, 0, 0.50%, 0, 5, 4, 29.63
1570705656, 14, 4, 5, 0, 0, 0.50%, 0, 5, 4, 29.87
1570705666, 15, 0, 5, 0, 0, 0.50%, 0, 5, 4, 30.11
1570705671, 15, 1, 5, 0, 0, 0.50%, 0, 5, 4, 29.53
1570705682, 15, 2, 5, 0, 0, 0.50%, 0, 5, 4, 29.85
1570705687, 15, 3, 5, 0, 0, 0.50%, 0, 5, 4, 30.85
1570705697, 15, 4, 5, 0, 0, 0.50%, 0, 5, 4, 30.31
1570705707, 16, 0, 5, 0, 0, 0.50%, 0, 5, 4, 31.42
1570705713, 16, 1, 5, 0, 0, 0.50%, 0, 5, 4, 31.65
1570705723, 16, 2, 5, 0, 0, 0.50%, 0, 5, 4, 30.54
1570705728, 16, 3, 5, 0, 0, 0.50%, 0, 5, 4, 30.82
1570705738, 16, 4, 5, 0, 0, 0.50%, 0, 5, 4, 30.62
1570705749, 17, 0, 5, 0, 0, 0.50%, 0, 5, 4, 30.73
1570705754, 17, 1, 5, 0, 0, 0.50%, 0, 5, 4, 31.00
1570705764, 17, 2, 5, 0, 0, 0.50%, 0, 5, 4, 31.33
1570705769, 17, 2, 6, 1, 0, 0.69%, 0, 5, 4, 31.66
1570705774, 17, 5, 7, 2, 2, 0.69%, 0, 6, 4, 26.26
1570705785, 17, 5, 8, 3, 2, 0.69%, 0, 6, 4, 17.80
1570705790, 17, 5, 9, 4, 2, 0.69%, 0, 9, 4, 32.86
1570705795, 17, 5, 9, 4, 2, 0.69%, 0, 10, 4, 31.01
1570705847, 17, 5, 10, 5, 2, 0.69%, 0, 11, 4, 3.24
1570705852, 17, 5, 11, 6, 2, 0.70%, 0, 12, 4, 31.43
1570705908, 17, 5, 14, 9, 2, 0.72%, 0, 13, 4, 22.30
1570705964, 17, 5, 15, 10, 2, 0.72%, 0, 13, 4, 32.35
1570705980, 17, 5, 20, 15, 2, 0.73%, 0, 14, 4, 29.99
1570705995, 17, 5, 23, 18, 2, 0.74%, 0, 14, 4, 32.81
1570706088, 17, 5, 23, 18, 2, 0.74%, 0, 15, 4, 23.98
1570706118, 17, 6, 23, 17, 13, 0.74%, 0, 15, 4, 29.79
1570706175, 17, 6, 23, 17, 13, 0.74%, 0, 16, 4, 32.95
1570706205, 17, 6, 24, 18, 13, 0.74%, 0, 16, 4, 30.50
1570706246, 17, 6, 24, 18, 13, 0.74%, 0, 17, 4, 34.65
1570706251, 17, 8, 24, 17, 12, 0.74%, 0, 17, 4, 29.31
1570706584, 17, 8, 25, 18, 12, 0.74%, 0, 17, 5, 24.30
1570706605, 17, 8, 26, 19, 12, 0.74%, 0, 17, 5, 21.52
1570706769, 17, 8, 27, 20, 12, 0.74%, 0, 17, 5, 24.01
1570706784, 17, 8, 27, 20, 12, 0.74%, 0, 18, 5, 22.28
1570706825, 17, 10, 27, 19, 11, 0.74%, 0, 18, 5, 23.75
1570706836, 17, 10, 27, 19, 11, 0.74%, 0, 19, 5, 2.65
1570707139, 17, 10, 28, 20, 11, 0.75%, 0, 19, 5, 24.13
1570707297, 17, 13, 28, 19, 11, 0.75%, 0, 19, 5, 13.77
1570707405, 17, 13, 29, 20, 11, 0.75%, 0, 19, 5, 34.71
1570707630, 17, 15, 29, 19, 11, 0.75%, 0, 19, 5, 15.33
1570707974, 17, 17, 29, 18, 10, 0.75%, 0, 19, 5, 19.95
1570708323, 17, 18, 29, 17, 9, 0.75%, 0, 19, 5, 17.98
1570708677, 17, 20, 29, 16, 8, 0.75%, 0, 19, 5, 23.23
1570708733, 17, 20, 29, 16, 8, 0.75%, 0, 20, 5, 33.82
1570708866, 17, 21, 29, 15, 7, 0.75%, 0, 20, 5, 29.13
1570708938, 17, 21, 29, 15, 7, 0.75%, 0, 21, 5, 32.82
1570709050, 17, 21, 30, 16, 7, 0.75%, 0, 21, 5, 24.84
1570709066, 17, 22, 30, 15, 6, 0.75%, 0, 21, 5, 23.22
1570709138, 17, 22, 30, 15, 6, 0.75%, 0, 22, 5, 33.79
1570709250, 17, 25, 30, 14, 5, 0.75%, 0, 22, 5, 26.43
1570709255, 17, 25, 31, 15, 5, 0.76%, 0, 22, 6, 30.86
1570709434, 17, 25, 32, 16, 5, 0.76%, 0, 22, 6, 29.01
1570709551, 17, 26, 32, 15, 5, 0.76%, 0, 22, 6, 29.46
1570709556, 17, 26, 32, 15, 5, 0.76%, 0, 23, 6, 33.51
1570709730, 17, 26, 33, 16, 5, 0.78%, 0, 23, 6, 31.98
1570709746, 17, 28, 33, 15, 4, 0.78%, 0, 23, 6, 28.96
1570710079, 17, 28, 34, 16, 4, 0.78%, 0, 23, 6, 26.38
1570710171, 17, 30, 34, 15, 3, 0.78%, 0, 23, 6, 30.67
1570710258, 17, 30, 34, 15, 3, 0.78%, 0, 24, 6, 34.41
1570710340, 17, 30, 35, 16, 3, 0.78%, 0, 24, 7, 31.99
1570710345, 17, 32, 35, 15, 3, 0.78%, 0, 25, 7, 33.57
1570710350, 17, 32, 37, 17, 3, 0.79%, 0, 25, 7, 30.38
1570710355, 17, 32, 39, 19, 3, 0.80%, 0, 25, 7, 32.20
1570710360, 17, 32, 40, 20, 3, 0.80%, 0, 25, 7, 31.48
1570710556, 17, 34, 40, 19, 5, 0.80%, 0, 26, 7, 3.48
1570710775, 17, 35, 40, 18, 4, 0.80%, 0, 27, 7, 31.30
1570710909, 17, 35, 41, 19, 4, 0.80%, 0, 27, 8, 30.73
1570710949, 17, 35, 42, 20, 4, 0.80%, 0, 27, 8, 30.03
1570711097, 17, 35, 43, 21, 4, 0.80%, 0, 27, 8, 30.84
1570711149, 17, 36, 43, 20, 3, 0.80%, 0, 28, 8, 3.43
1570711338, 17, 36, 44, 21, 3, 0.80%, 0, 28, 8, 32.56
1570711353, 17, 37, 44, 20, 2, 0.80%, 0, 29, 8, 37.63
1570711563, 18, 19, 44, 19, 1, 0.80%, 0, 29, 8, 14.91
1570711916, 18, 20, 44, 18, 0, 0.80%, 0, 29, 8, 28.65
1570711957, 18, 21, 44, 18, 0, 0.80%, 0, 29, 8, 29.29
1570711998, 18, 22, 44, 18, 0, 0.80%, 0, 29, 8, 24.95
1570712049, 18, 25, 44, 18, 0, 0.80%, 0, 29, 8, 28.59
1570712090, 18, 28, 44, 18, 0, 0.80%, 0, 29, 8, 28.02
1570712131, 18, 29, 44, 18, 0, 0.80%, 0, 29, 8, 18.21
1570712501, 18, 30, 44, 17, 0, 0.80%, 0, 29, 8, 27.55
1570712542, 18, 32, 44, 17, 0, 0.80%, 0, 29, 8, 29.56
1570712577, 18, 34, 44, 17, 0, 0.80%, 0, 29, 8, 33.35
1570712618, 18, 35, 44, 17, 0, 0.80%, 0, 29, 8, 29.17
1570712654, 18, 36, 44, 17, 0, 0.80%, 0, 29, 8, 28.88
1570712695, 18, 37, 44, 17, 0, 0.80%, 0, 29, 8, 31.31
1570712700, 18, 37, 45, 18, 0, 0.80%, 0, 29, 8, 30.96
1570712731, 18, 37, 46, 19, 0, 0.80%, 0, 29, 8, 29.65
1570712746, 18, 42, 46, 19, 0, 0.80%, 0, 29, 8, 27.84
1570713054, 18, 42, 47, 20, 0, 0.80%, 0, 29, 9, 30.85
1570713223, 18, 43, 47, 19, 0, 0.80%, 0, 29, 9, 31.21
1570713331, 18, 43, 48, 20, 0, 0.81%, 0, 29, 9, 33.51
1570713520, 18, 47, 48, 19, 1, 0.81%, 0, 29, 9, 27.44
1570713525, 18, 47, 49, 20, 1, 0.81%, 0, 30, 10, 5.51
1570713530, 18, 47, 50, 21, 1, 0.83%, 0, 30, 10, 23.01
1570713592, 18, 47, 51, 22, 1, 0.83%, 0, 31, 10, 6.17
1570713715, 18, 47, 52, 23, 1, 0.83%, 0, 31, 10, 28.76
1570713760, 18, 47, 53, 24, 1, 0.83%, 0, 31, 10, 29.30
1570713918, 18, 48, 53, 23, 3, 0.83%, 0, 31, 10, 28.44
1570714210, 18, 50, 53, 22, 2, 0.83%, 0, 31, 10, 30.76
1570714215, 18, 50, 54, 23, 2, 0.85%, 0, 31, 11, 28.78
1570714225, 18, 50, 54, 23, 2, 0.85%, 0, 32, 11, 28.41
1570714512, 18, 51, 54, 22, 2, 0.85%, 0, 32, 11, 19.11
1570714532, 18, 51, 55, 23, 2, 0.85%, 0, 32, 11, 31.47
1570714738, 18, 51, 56, 24, 2, 0.85%, 0, 32, 11, 33.17
1570714749, 18, 51, 57, 25, 2, 0.85%, 0, 32, 11, 32.74
1570715075, 18, 51, 58, 26, 2, 0.85%, 0, 32, 11, 27.53
1570715096, 18, 52, 58, 25, 3, 0.85%, 0, 32, 11, 28.52
1570715372, 18, 53, 58, 24, 3, 0.85%, 0, 32, 11, 30.70
1570715680, 18, 54, 58, 23, 2, 0.85%, 0, 32, 11, 23.03
1570715700, 18, 54, 59, 24, 2, 0.85%, 0, 32, 12, 28.91
1570715962, 18, 54, 60, 25, 2, 0.86%, 0, 32, 12, 29.94
1570716049, 18, 54, 61, 26, 2, 0.86%, 0, 32, 12, 34.28
1570716254, 18, 55, 61, 25, 4, 0.86%, 0, 32, 12, 14.01
1570716813, 18, 58, 61, 24, 3, 0.86%, 0, 32, 12, 25.39
1570717188, 18, 58, 62, 25, 3, 0.86%, 0, 32, 13, 31.82
1570717239, 18, 58, 63, 26, 3, 0.87%, 0, 32, 13, 31.95
1570717397, 18, 59, 63, 25, 4, 0.87%, 0, 32, 13, 16.66
1570717792, 18, 59, 64, 26, 4, 0.93%, 0, 32, 13, 34.70
1570717945, 18, 60, 64, 25, 4, 0.93%, 0, 32, 13, 16.05
1570718503, 18, 61, 64, 24, 3, 0.93%, 0, 32, 13, 26.87
1570719066, 18, 62, 64, 23, 2, 0.93%, 0, 32, 13, 18.05
1570719625, 18, 63, 64, 22, 1, 0.93%, 0, 32, 13, 25.91
1570719645, 18, 63, 69, 27, 1, 0.96%, 0, 32, 14, 30.26
1570719650, 18, 63, 73, 31, 1, 0.98%, 0, 32, 14, 32.86
1570719686, 18, 63, 74, 32, 1, 0.99%, 0, 32, 14, 34.74
1570719717, 18, 63, 78, 36, 1, 1.01%, 0, 32, 14, 30.37
1570719783, 18, 63, 80, 38, 1, 1.02%, 0, 32, 14, 32.51
1570719845, 18, 63, 81, 39, 1, 1.03%, 0, 32, 14, 32.64
1570719850, 18, 63, 82, 40, 1, 1.03%, 0, 32, 14, 32.99
1570719901, 18, 63, 83, 41, 1, 1.04%, 0, 32, 14, 28.58
1570719906, 18, 63, 87, 45, 1, 1.05%, 0, 32, 14, 33.79
1570719911, 18, 63, 92, 50, 1, 1.06%, 0, 32, 14, 34.67
1570719917, 18, 63, 97, 55, 1, 1.07%, 0, 32, 14, 33.63
1570719983, 18, 63, 101, 59, 1, 1.09%, 0, 32, 14, 34.83
1570720004, 18, 63, 106, 64, 1, 1.10%, 0, 32, 14, 33.99
1570720029, 18, 63, 107, 65, 1, 1.11%, 0, 32, 14, 33.76
1570720034, 18, 63, 108, 66, 1, 1.12%, 0, 32, 14, 34.36
1570720040, 18, 63, 109, 67, 1, 1.12%, 0, 32, 14, 33.50
1570720081, 18, 63, 112, 70, 1, 1.12%, 0, 32, 14, 32.68
1570720086, 18, 63, 113, 71, 1, 1.12%, 0, 32, 14, 32.55
1570720091, 18, 63, 115, 73, 1, 1.12%, 0, 32, 14, 34.15
1570720101, 18, 63, 116, 74, 1, 1.12%, 0, 32, 14, 34.14
1570720111, 18, 63, 119, 77, 1, 1.13%, 0, 32, 14, 28.52
1570720117, 18, 63, 121, 79, 1, 1.13%, 0, 32, 14, 26.85
1570720122, 18, 63, 124, 82, 1, 1.13%, 0, 32, 14, 26.20
1570720132, 18, 63, 126, 84, 1, 1.13%, 0, 32, 14, 26.63
1570720137, 18, 63, 129, 87, 1, 1.14%, 0, 32, 14, 25.96
1570720142, 18, 63, 132, 90, 1, 1.14%, 0, 32, 14, 28.02
1570720147, 18, 63, 133, 91, 1, 1.14%, 0, 32, 14, 26.17
1570720152, 18, 63, 134, 92, 1, 1.14%, 0, 32, 14, 28.56
1570720157, 18, 63, 136, 94, 1, 1.14%, 0, 32, 14, 26.23
1570720162, 18, 63, 139, 97, 1, 1.16%, 0, 32, 14, 27.66
1570720167, 18, 63, 141, 99, 1, 1.16%, 0, 32, 14, 28.00
1570720172, 18, 63, 143, 101, 1, 1.16%, 0, 32, 14, 29.47
1570720178, 18, 63, 145, 103, 1, 1.16%, 0, 32, 14, 27.79
1570720193, 18, 63, 146, 104, 1, 1.16%, 0, 32, 14, 26.70
1570720198, 18, 63, 149, 107, 1, 1.16%, 0, 32, 14, 26.39
1570720203, 18, 63, 150, 108, 1, 1.16%, 0, 32, 14, 27.12
1570720208, 18, 63, 151, 109, 1, 1.16%, 0, 32, 14, 25.26
1570720229, 18, 63, 152, 110, 1, 1.16%, 0, 32, 14, 27.49
1570720244, 18, 63, 153, 111, 1, 1.16%, 0, 32, 14, 25.57
1570720254, 18, 63, 154, 112, 1, 1.16%, 0, 32, 14, 25.80
1570720270, 18, 63, 155, 113, 1, 1.17%, 0, 32, 14, 24.48
1570720280, 18, 63, 156, 114, 1, 1.17%, 0, 32, 14, 28.05
1570720290, 18, 63, 157, 115, 1, 1.17%, 0, 32, 14, 24.96
1570720295, 18, 63, 158, 116, 1, 1.17%, 0, 32, 14, 25.06
1570720316, 18, 63, 159, 117, 1, 1.17%, 0, 32, 14, 25.21
1570720321, 18, 63, 160, 118, 1, 1.17%, 0, 32, 14, 25.58
1570720326, 18, 63, 162, 120, 1, 1.17%, 0, 32, 14, 24.55
1570720331, 18, 63, 167, 125, 1, 1.17%, 0, 32, 14, 26.64
1570720336, 18, 63, 168, 126, 1, 1.18%, 0, 32, 14, 30.45
1570720342, 18, 63, 169, 127, 1, 1.18%, 0, 32, 14, 28.62
1570720347, 18, 64, 169, 126, 45, 1.18%, 0, 32, 14, 22.08
1570720829, 18, 64, 170, 127, 45, 1.18%, 0, 32, 15, 25.91
1570720839, 18, 64, 171, 128, 45, 1.18%, 0, 32, 15, 25.83
1570720844, 18, 64, 172, 129, 45, 1.18%, 0, 32, 15, 26.70
1570720890, 18, 64, 173, 130, 45, 1.18%, 0, 32, 15, 25.26
1570720910, 18, 64, 174, 131, 45, 1.18%, 0, 32, 15, 25.40
1570720915, 18, 64, 175, 132, 45, 1.18%, 0, 32, 15, 27.16
1570720920, 18, 64, 176, 133, 45, 1.19%, 0, 32, 15, 26.51
1570720946, 18, 64, 177, 134, 45, 1.19%, 0, 32, 15, 25.85
1570720951, 18, 64, 178, 135, 45, 1.19%, 0, 32, 15, 27.13
1570720966, 18, 64, 179, 136, 45, 1.19%, 0, 32, 15, 26.80
1570720992, 18, 64, 180, 137, 45, 1.19%, 0, 32, 15, 27.95
1570721002, 18, 64, 181, 138, 45, 1.19%, 0, 32, 15, 27.00
1570721023, 18, 64, 182, 139, 45, 1.19%, 0, 32, 15, 28.02
1570721028, 18, 64, 184, 141, 45, 1.19%, 0, 32, 15, 28.61
1570721059, 18, 64, 185, 142, 45, 1.20%, 0, 32, 15, 27.48
1570721064, 18, 64, 186, 143, 45, 1.20%, 0, 32, 15, 26.63
1570721089, 18, 64, 188, 145, 45, 1.20%, 0, 32, 15, 28.48
1570721115, 18, 64, 190, 147, 45, 1.20%, 0, 32, 15, 28.98
1570721120, 18, 64, 193, 150, 45, 1.21%, 0, 32, 15, 31.69
1570721125, 18, 64, 196, 153, 45, 1.22%, 0, 32, 15, 31.29
1570721130, 18, 64, 197, 154, 45, 1.22%, 0, 32, 15, 27.48
1570721135, 18, 64, 198, 155, 45, 1.22%, 0, 32, 15, 31.18
1570721141, 18, 64, 201, 158, 45, 1.23%, 0, 32, 15, 29.63
1570721151, 18, 66, 201, 157, 55, 1.23%, 0, 32, 15, 14.44
1570721428, 18, 66, 204, 160, 55, 1.23%, 0, 32, 15, 32.78
1570721649, 18, 66, 205, 161, 55, 1.23%, 0, 32, 15, 26.28
1570721654, 18, 66, 206, 162, 55, 1.23%, 0, 32, 15, 24.92
1570721665, 18, 66, 207, 163, 55, 1.24%, 0, 32, 15, 27.73
1570721685, 18, 66, 208, 164, 55, 1.24%, 0, 32, 15, 28.91
1570721695, 18, 66, 209, 165, 55, 1.24%, 0, 32, 15, 28.56
1570721726, 18, 66, 210, 166, 55, 1.24%, 0, 32, 15, 30.82
1570721746, 18, 66, 211, 167, 55, 1.24%, 0, 32, 15, 30.99
1570721752, 18, 66, 212, 168, 55, 1.25%, 0, 32, 15, 30.59
1570721762, 18, 66, 213, 169, 55, 1.25%, 0, 32, 15, 29.09
1570721772, 18, 66, 215, 171, 55, 1.25%, 0, 32, 15, 26.14
1570721798, 18, 66, 216, 172, 55, 1.25%, 0, 32, 15, 27.81
1570721849, 18, 66, 217, 173, 55, 1.25%, 0, 32, 15, 25.05
1570721880, 18, 66, 221, 177, 55, 1.25%, 0, 32, 15, 28.07
1570721890, 18, 66, 222, 178, 55, 1.25%, 0, 32, 15, 25.53
1570721921, 18, 66, 223, 179, 55, 1.25%, 0, 32, 15, 29.31
1570721931, 18, 66, 224, 180, 55, 1.26%, 0, 32, 15, 22.71
1570721946, 18, 68, 224, 179, 64, 1.26%, 0, 32, 15, 18.32
1570722038, 18, 68, 225, 180, 64, 1.26%, 0, 32, 15, 29.27
1570722464, 18, 68, 226, 181, 64, 1.26%, 0, 32, 15, 27.38
1570722479, 18, 68, 227, 182, 64, 1.26%, 0, 32, 15, 25.30
1570722490, 18, 68, 228, 183, 64, 1.26%, 0, 32, 15, 25.90
1570722495, 18, 68, 229, 184, 64, 1.26%, 0, 32, 15, 27.98
1570722556, 18, 68, 230, 185, 64, 1.26%, 0, 32, 15, 27.77
1570722603, 18, 68, 231, 186, 64, 1.26%, 0, 32, 15, 27.46
1570722618, 18, 68, 233, 188, 64, 1.26%, 0, 32, 15, 27.95
1570722669, 18, 68, 234, 189, 64, 1.26%, 0, 32, 15, 25.15
1570722699, 18, 68, 236, 191, 64, 1.26%, 0, 32, 15, 30.71
1570722710, 18, 68, 237, 192, 64, 1.26%, 0, 32, 15, 26.90
1570722715, 18, 68, 238, 193, 64, 1.26%, 0, 32, 15, 27.85
1570722730, 18, 68, 239, 194, 64, 1.26%, 0, 32, 15, 30.28
1570722735, 18, 68, 240, 195, 64, 1.26%, 0, 32, 15, 29.75
1570722751, 18, 70, 240, 194, 65, 1.26%, 0, 32, 15, 14.23
1570723412, 18, 70, 241, 195, 65, 1.26%, 0, 32, 15, 30.16
1570723417, 18, 70, 242, 196, 65, 1.26%, 0, 32, 15, 31.79
1570723423, 18, 70, 243, 197, 65, 1.27%, 0, 32, 15, 27.55
1570723453, 18, 78, 243, 196, 66, 1.27%, 0, 32, 15, 15.32
1570723740, 18, 78, 244, 197, 66, 1.27%, 0, 32, 15, 31.97
1570723944, 18, 78, 246, 199, 66, 1.27%, 0, 32, 15, 29.26
1570723949, 18, 78, 247, 200, 66, 1.27%, 0, 32, 15, 28.78
1570723960, 18, 78, 248, 201, 66, 1.27%, 0, 32, 15, 28.20
1570723996, 18, 78, 249, 202, 66, 1.27%, 0, 32, 15, 26.93
1570724001, 18, 78, 250, 203, 66, 1.27%, 0, 32, 15, 28.35
1570724031, 18, 78, 251, 204, 66, 1.27%, 0, 32, 15, 27.47
1570724093, 18, 78, 252, 205, 66, 1.27%, 0, 32, 15, 26.90
1570724144, 18, 78, 253, 206, 66, 1.27%, 0, 32, 15, 26.84
1570724246, 18, 78, 254, 207, 66, 1.28%, 0, 32, 15, 28.41
1570724257, 18, 82, 254, 206, 71, 1.28%, 0, 32, 15, 14.03
1570724870, 18, 82, 255, 207, 71, 1.28%, 0, 32, 15, 25.55
1570725014, 18, 82, 256, 208, 71, 1.28%, 0, 32, 15, 29.49
1570725019, 18, 82, 257, 209, 71, 1.28%, 0, 32, 15, 29.04
1570725024, 18, 82, 258, 210, 71, 1.28%, 0, 32, 15, 29.98
1570725070, 18, 83, 258, 209, 73, 1.28%, 0, 32, 15, 19.43
1570725090, 18, 83, 259, 210, 73, 1.28%, 0, 32, 15, 29.25
1570725229, 18, 83, 261, 212, 73, 1.28%, 0, 32, 15, 32.49
1570725654, 18, 83, 262, 213, 73, 1.29%, 0, 32, 15, 25.39
1570725710, 18, 85, 262, 212, 74, 1.29%, 0, 32, 15, 15.88
1570725731, 18, 85, 263, 213, 74, 1.29%, 0, 32, 15, 30.42
1570726310, 18, 90, 263, 212, 74, 1.29%, 0, 32, 15, 17.11
1570726884, 18, 90, 264, 213, 74, 1.29%, 0, 32, 15, 30.73
1570726899, 18, 95, 264, 212, 71, 1.29%, 0, 32, 15, 14.54
1570727397, 18, 95, 265, 213, 71, 1.29%, 0, 32, 15, 28.20
1570727612, 18, 95, 266, 214, 71, 1.29%, 0, 32, 15, 23.90
1570727637, 18, 95, 267, 215, 71, 1.29%, 0, 32, 15, 30.21
1570727678, 18, 96, 267, 214, 71, 1.29%, 0, 32, 15, 17.61
1570727745, 18, 96, 268, 215, 71, 1.29%, 0, 32, 15, 30.98
1570728150, 18, 96, 269, 216, 71, 1.30%, 0, 32, 15, 29.41
1570728212, 18, 96, 270, 217, 71, 1.30%, 0, 32, 15, 28.13
1570728237, 18, 96, 271, 218, 71, 1.30%, 0, 32, 15, 26.66
1570728406, 18, 96, 272, 219, 71, 1.30%, 0, 32, 15, 28.41
1570728442, 18, 97, 272, 218, 74, 1.30%, 0, 32, 15, 28.16
1570728913, 18, 97, 274, 220, 74, 1.30%, 0, 32, 15, 27.11
1570729001, 18, 97, 275, 221, 74, 1.30%, 0, 32, 15, 31.19
1570729138, 18, 97, 276, 222, 74, 1.30%, 0, 32, 15, 32.61
1570729154, 18, 97, 277, 223, 74, 1.30%, 0, 32, 15, 28.75
1570729189, 18, 98, 277, 222, 75, 1.30%, 0, 32, 15, 24.27
1570729466, 18, 98, 278, 223, 75, 1.30%, 0, 32, 15, 34.90
1570729666, 18, 98, 279, 224, 75, 1.30%, 0, 32, 15, 27.46
1570729707, 18, 98, 280, 225, 75, 1.31%, 0, 32, 15, 29.10
1570729973, 18, 100, 280, 224, 76, 1.31%, 0, 32, 15, 15.47
1570730579, 18, 100, 281, 225, 76, 1.31%, 0, 32, 15, 32.96
1570730599, 18, 100, 282, 226, 76, 1.31%, 0, 32, 15, 28.32
1570730609, 18, 102, 282, 225, 75, 1.31%, 0, 32, 15, 15.55
1570731203, 18, 102, 283, 226, 75, 1.31%, 0, 32, 15, 31.83
1570731244, 18, 105, 283, 225, 74, 1.31%, 0, 32, 15, 16.07
1570731393, 18, 105, 284, 226, 74, 1.31%, 0, 32, 15, 31.23
1570731896, 18, 105, 285, 227, 74, 1.31%, 0, 32, 15, 29.69
1570731916, 18, 115, 285, 226, 75, 1.31%, 0, 32, 15, 15.37
1570732214, 18, 115, 286, 227, 75, 1.31%, 0, 32, 15, 35.30
1570732495, 18, 115, 287, 228, 75, 1.31%, 0, 32, 15, 28.68
1570732577, 18, 115, 288, 229, 75, 1.31%, 0, 32, 15, 27.12
1570732689, 18, 126, 288, 228, 74, 1.31%, 0, 32, 15, 22.58
1570732889, 18, 126, 289, 229, 74, 1.31%, 0, 32, 15, 34.18
1570733012, 18, 126, 293, 233, 74, 1.32%, 0, 32, 15, 36.22
1570733017, 18, 126, 294, 234, 74, 1.32%, 0, 32, 15, 36.52
1570733263, 18, 126, 295, 235, 74, 1.32%, 0, 32, 15, 35.61
1570733448, 18, 126, 296, 236, 74, 1.32%, 0, 32, 15, 27.34
1570733453, 18, 137, 296, 235, 80, 1.32%, 0, 32, 15, 27.84
1570734047, 18, 137, 297, 236, 80, 1.32%, 0, 32, 15, 31.57
1570734052, 18, 137, 298, 237, 80, 1.32%, 0, 32, 15, 32.68
1570734083, 18, 137, 299, 238, 80, 1.32%, 0, 32, 15, 27.91
1570734094, 18, 143, 299, 237, 78, 1.32%, 0, 32, 15, 18.70
1570734217, 18, 143, 300, 238, 78, 1.32%, 0, 32, 15, 33.19
1570734222, 18, 143, 301, 239, 78, 1.33%, 0, 32, 15, 31.91
1570734463, 18, 143, 302, 240, 78, 1.33%, 0, 32, 15, 35.11
1570734494, 18, 143, 303, 241, 78, 1.33%, 0, 32, 15, 37.46
1570734499, 18, 143, 304, 242, 78, 1.33%, 0, 32, 15, 36.85
1570734888, 18, 143, 305, 243, 78, 1.33%, 0, 32, 15, 31.31
1570734934, 18, 143, 306, 244, 78, 1.33%, 0, 32, 15, 31.63
1570735073, 18, 143, 306, 244, 78, 1.33%, 0, 33, 15, 25.36
1570735160, 18, 146, 306, 243, 83, 1.33%, 0, 33, 15, 15.84
1570735738, 18, 146, 307, 244, 83, 1.33%, 0, 33, 15, 27.87
1570735748, 18, 146, 308, 245, 83, 1.33%, 0, 33, 15, 28.00
1570735759, 18, 146, 309, 246, 83, 1.33%, 0, 33, 15, 33.10
1570735779, 18, 146, 310, 247, 83, 1.33%, 0, 33, 15, 28.89
1570735805, 18, 151, 310, 246, 81, 1.33%, 0, 33, 15, 20.04
1570736343, 18, 151, 312, 248, 81, 1.34%, 0, 33, 15, 35.37
1570736415, 18, 151, 313, 249, 81, 1.34%, 0, 33, 15, 25.78
1570736676, 18, 157, 313, 248, 82, 1.34%, 0, 33, 15, 16.79
1570737086, 18, 157, 314, 249, 82, 1.34%, 0, 33, 15, 34.16
1570737343, 18, 157, 315, 250, 82, 1.34%, 0, 33, 15, 29.26
1570737348, 18, 157, 316, 251, 82, 1.34%, 0, 33, 15, 28.34
1570737358, 18, 162, 316, 250, 82, 1.34%, 0, 33, 15, 28.50
1570737414, 18, 162, 316, 250, 82, 1.34%, 1, 33, 15, 32.78
1570738168, 18, 162, 317, 251, 82, 1.34%, 1, 33, 15, 30.03
1570738480, 18, 162, 318, 252, 82, 1.34%, 1, 33, 15, 27.73
1570738557, 18, 162, 319, 253, 82, 1.34%, 1, 33, 15, 26.89
1570738705, 18, 162, 320, 254, 82, 1.34%, 1, 33, 15, 28.06
1570738710, 18, 162, 321, 255, 82, 1.34%, 1, 33, 15, 26.38
1570738751, 18, 170, 321, 254, 83, 1.34%, 1, 33, 15, 20.49
1570738853, 18, 170, 322, 255, 83, 1.34%, 1, 33, 16, 34.90
1570739263, 18, 170, 323, 256, 83, 1.34%, 1, 33, 16, 28.28
1570739299, 18, 170, 324, 257, 83, 1.34%, 1, 33, 16, 27.93
1570739397, 18, 170, 325, 258, 83, 1.34%, 1, 33, 16, 28.56
1570739483, 18, 170, 326, 259, 83, 1.34%, 1, 33, 16, 28.84
1570739494, 18, 170, 327, 260, 83, 1.35%, 1, 33, 16, 28.22
1570739545, 18, 176, 327, 259, 85, 1.35%, 1, 33, 16, 16.64
1570739566, 18, 176, 328, 260, 85, 1.35%, 1, 33, 16, 31.17
1570740263, 18, 177, 328, 259, 84, 1.35%, 1, 33, 16, 15.72
1570740330, 18, 177, 329, 260, 84, 1.35%, 1, 33, 16, 33.07
1570740684, 18, 177, 330, 261, 84, 1.35%, 1, 33, 16, 35.67
1570740914, 18, 177, 331, 262, 84, 1.35%, 1, 33, 16, 30.80
1570740940, 18, 177, 332, 263, 84, 1.35%, 1, 33, 16, 30.93
1570740950, 18, 183, 332, 262, 86, 1.35%, 1, 33, 16, 23.88
1570741011, 18, 183, 333, 263, 86, 1.35%, 1, 33, 16, 32.84
1570741027, 18, 183, 334, 264, 86, 1.35%, 1, 33, 16, 33.71
1570741176, 18, 183, 335, 265, 86, 1.35%, 1, 33, 16, 34.59
1570741581, 18, 183, 336, 266, 86, 1.35%, 1, 33, 16, 35.02
1570741586, 18, 183, 337, 267, 86, 1.35%, 1, 33, 16, 36.24
1570741657, 18, 183, 338, 268, 86, 1.35%, 1, 33, 16, 25.72
1570741668, 18, 183, 339, 269, 86, 1.35%, 1, 33, 16, 25.84
1570741775, 18, 183, 340, 270, 86, 1.35%, 1, 33, 16, 24.64
1570741846, 18, 183, 341, 271, 86, 1.35%, 1, 33, 16, 26.80
1570741918, 18, 183, 343, 273, 86, 1.35%, 1, 33, 16, 29.66
1570741923, 18, 183, 344, 274, 86, 1.35%, 1, 33, 16, 29.27
1570741928, 18, 183, 345, 275, 86, 1.35%, 1, 33, 16, 28.57
1570741975, 18, 184, 345, 274, 91, 1.35%, 1, 33, 16, 14.47
1570742482, 18, 184, 346, 275, 91, 1.36%, 1, 33, 16, 28.24
1570742784, 18, 185, 346, 274, 91, 1.36%, 1, 33, 16, 19.90
1570743154, 18, 185, 347, 275, 91, 1.36%, 1, 33, 16, 34.60
1570743169, 18, 185, 349, 277, 91, 1.36%, 1, 33, 16, 33.47
1570743591, 18, 185, 350, 278, 91, 1.36%, 1, 33, 16, 29.91
1570743637, 18, 185, 351, 279, 91, 1.36%, 1, 33, 16, 27.14
1570743668, 18, 185, 352, 280, 91, 1.36%, 1, 33, 16, 25.97
1570743887, 18, 186, 352, 279, 94, 1.36%, 1, 33, 16, 19.75
1570744480, 18, 186, 353, 280, 94, 1.36%, 1, 33, 16, 31.18
1570744521, 18, 186, 354, 281, 94, 1.36%, 1, 33, 16, 29.46
1570744531, 18, 187, 354, 280, 94, 1.36%, 1, 33, 16, 16.91
1570745217, 18, 188, 354, 279, 93, 1.36%, 1, 33, 16, 31.69
1570746063, 18, 188, 355, 280, 93, 1.36%, 1, 33, 16, 27.31
1570746247, 18, 193, 355, 279, 92, 1.36%, 1, 33, 16, 17.52
1570746555, 18, 193, 356, 280, 92, 1.36%, 1, 33, 16, 33.55
1570747170, 18, 193, 357, 281, 92, 1.36%, 1, 33, 16, 28.61
1570747200, 18, 198, 357, 280, 91, 1.36%, 1, 33, 16, 30.99
1570747252, 18, 198, 358, 281, 91, 1.36%, 1, 33, 16, 36.47
1570747477, 18, 198, 359, 282, 91, 1.36%, 1, 33, 16, 36.13
1570747533, 18, 198, 361, 284, 91, 1.37%, 1, 33, 16, 33.89
1570747983, 18, 198, 362, 285, 91, 1.37%, 1, 33, 16, 27.21
1570748189, 18, 200, 362, 284, 92, 1.37%, 1, 33, 16, 14.52
1570748579, 18, 200, 363, 285, 92, 1.37%, 1, 33, 16, 35.80
1570748871, 18, 200, 364, 286, 92, 1.37%, 1, 33, 16, 28.71
1570748876, 18, 200, 365, 287, 92, 1.37%, 1, 33, 16, 27.24
1570748917, 18, 201, 365, 286, 93, 1.37%, 1, 33, 16, 18.58
1570749399, 18, 201, 366, 287, 93, 1.37%, 1, 33, 16, 27.21
1570749654, 18, 201, 367, 288, 93, 1.37%, 1, 33, 16, 32.06
1570749680, 18, 203, 367, 287, 92, 1.37%, 1, 33, 16, 17.51
1570749700, 18, 203, 368, 288, 92, 1.37%, 1, 33, 16, 32.61
1570750243, 18, 203, 369, 289, 92, 1.37%, 1, 33, 16, 28.13
1570750279, 18, 206, 369, 288, 92, 1.37%, 1, 33, 16, 16.36
1570750935, 18, 207, 369, 287, 91, 1.37%, 1, 33, 16, 23.64
1570751571, 18, 208, 369, 286, 90, 1.37%, 1, 33, 16, 18.64
1570752032, 18, 208, 370, 287, 90, 1.37%, 1, 33, 16, 34.36
1570752099, 18, 208, 371, 288, 90, 1.38%, 1, 33, 16, 35.25
1570752202, 18, 208, 372, 289, 90, 1.38%, 1, 33, 16, 28.20
1570752289, 18, 208, 373, 290, 90, 1.38%, 1, 33, 16, 29.18
1570752447, 18, 208, 374, 291, 90, 1.38%, 1, 33, 16, 26.93
1570752473, 18, 210, 374, 290, 91, 1.38%, 1, 33, 16, 17.43
1570752904, 18, 210, 375, 291, 91, 1.38%, 1, 33, 16, 33.92
1570753155, 18, 210, 377, 293, 91, 1.38%, 1, 33, 16, 30.89
1570753185, 18, 211, 377, 292, 92, 1.38%, 1, 33, 16, 16.56
1570753713, 18, 211, 378, 293, 92, 1.38%, 1, 33, 16, 29.10
1570753960, 18, 211, 379, 294, 92, 1.38%, 1, 33, 16, 26.87
1570753970, 18, 211, 380, 295, 92, 1.38%, 1, 33, 16, 30.13
1570753980, 18, 211, 381, 296, 92, 1.38%, 1, 33, 16, 31.67
1570753985, 18, 211, 382, 297, 92, 1.38%, 1, 33, 16, 29.68
1570754005, 18, 211, 385, 300, 92, 1.38%, 1, 33, 16, 29.97
1570754010, 18, 211, 387, 302, 92, 1.38%, 1, 33, 16, 28.43
1570754026, 18, 213, 387, 301, 91, 1.38%, 1, 33, 16, 21.85
1570754118, 18, 213, 388, 302, 91, 1.38%, 1, 33, 16, 35.90
1570754184, 18, 213, 388, 302, 91, 1.38%, 2, 33, 16, 35.01
1570754195, 18, 213, 388, 302, 91, 1.38%, 3, 33, 16, 35.74
1570754205, 18, 213, 388, 302, 91, 1.38%, 4, 33, 16, 35.66
1570754215, 18, 213, 388, 302, 91, 1.38%, 5, 33, 16, 35.45
1570754302, 18, 213, 389, 303, 91, 1.38%, 5, 33, 16, 36.68
1570754595, 18, 213, 390, 304, 91, 1.38%, 5, 33, 16, 35.81
1570754646, 18, 213, 391, 305, 91, 1.38%, 5, 33, 16, 24.93
1570754666, 18, 213, 392, 306, 91, 1.38%, 5, 33, 16, 24.33
1570754697, 18, 213, 393, 307, 91, 1.38%, 5, 33, 16, 27.40
1570754713, 18, 213, 394, 308, 91, 1.38%, 5, 33, 16, 26.41
1570754918, 18, 215, 394, 307, 93, 1.38%, 5, 33, 16, 22.06
1570755343, 18, 215, 395, 308, 93, 1.38%, 5, 33, 16, 33.53
1570755512, 18, 215, 398, 311, 93, 1.39%, 5, 33, 16, 28.67
1570755522, 18, 215, 399, 312, 93, 1.39%, 5, 33, 16, 30.42
1570755538, 18, 215, 400, 313, 93, 1.39%, 5, 33, 16, 29.85
1570755558, 18, 216, 400, 312, 94, 1.39%, 5, 33, 16, 19.53
1570756193, 18, 217, 400, 311, 93, 1.39%, 5, 33, 16, 19.16
1570756833, 18, 220, 400, 310, 92, 1.39%, 5, 33, 16, 22.39
1570757408, 18, 220, 401, 311, 92, 1.39%, 5, 33, 16, 25.83
1570757643, 18, 223, 401, 310, 91, 1.39%, 5, 33, 16, 13.53
1570758833, 18, 223, 402, 311, 91, 1.39%, 5, 33, 16, 28.10
1570759068, 18, 224, 402, 310, 90, 1.39%, 5, 33, 16, 24.03
1570759689, 18, 233, 402, 309, 89, 1.39%, 5, 33, 16, 14.17
1570759704, 18, 233, 403, 310, 89, 1.39%, 5, 33, 16, 28.53
1570760749, 18, 233, 404, 311, 89, 1.39%, 5, 33, 16, 27.22
1570760779, 18, 233, 405, 312, 89, 1.39%, 5, 33, 16, 24.99
1570760820, 18, 233, 406, 313, 89, 1.39%, 5, 33, 16, 27.09
1570760953, 18, 236, 406, 312, 88, 1.39%, 5, 33, 16, 15.58
1570761609, 18, 240, 406, 311, 87, 1.39%, 5, 33, 16, 22.26
1570762276, 18, 240, 407, 312, 87, 1.40%, 5, 33, 16, 28.09
1570762297, 18, 240, 408, 313, 87, 1.40%, 5, 33, 16, 27.62
1570762338, 18, 241, 408, 312, 87, 1.40%, 5, 33, 16, 25.23
1570763379, 18, 242, 408, 311, 86, 1.40%, 5, 33, 16, 27.79
1570763702, 18, 242, 409, 312, 86, 1.40%, 5, 33, 16, 32.88
1570763999, 18, 242, 410, 313, 86, 1.40%, 5, 33, 16, 28.09
1570764010, 18, 242, 411, 314, 86, 1.40%, 5, 33, 16, 26.76
1570764137, 18, 242, 412, 315, 86, 1.40%, 5, 33, 16, 26.37
1570764286, 18, 243, 412, 314, 88, 1.40%, 5, 33, 16, 15.25
1570764896, 18, 245, 412, 313, 87, 1.40%, 5, 33, 16, 16.76
1570765537, 18, 245, 413, 314, 87, 1.40%, 5, 33, 16, 27.37
1570765573, 18, 245, 414, 315, 87, 1.40%, 5, 33, 16, 26.22
1570765681, 18, 245, 415, 316, 87, 1.40%, 5, 33, 16, 25.81
1570765753, 18, 246, 415, 315, 87, 1.40%, 5, 33, 16, 15.02
1570765789, 18, 246, 416, 316, 87, 1.40%, 5, 33, 16, 34.10
1570766518, 18, 246, 417, 317, 87, 1.41%, 5, 33, 16, 28.39
1570766523, 18, 246, 418, 318, 87, 1.41%, 5, 33, 16, 26.05
1570766534, 18, 246, 419, 319, 87, 1.41%, 5, 33, 16, 28.24
1570766657, 18, 246, 420, 320, 87, 1.41%, 5, 33, 16, 26.95
1570766744, 18, 246, 421, 321, 87, 1.41%, 5, 33, 16, 28.96
1570766790, 18, 253, 421, 320, 87, 1.41%, 5, 33, 16, 20.45
1570767399, 18, 255, 421, 319, 86, 1.41%, 5, 33, 16, 31.08
1570767968, 18, 255, 422, 320, 86, 1.41%, 5, 33, 16, 25.58
1570768148, 18, 257, 422, 319, 85, 1.41%, 5, 33, 16, 21.45
1570768850, 18, 257, 424, 321, 85, 1.41%, 5, 33, 16, 28.10
1570768911, 18, 259, 424, 320, 84, 1.41%, 5, 33, 16, 15.41
1570769510, 18, 260, 424, 319, 83, 1.41%, 5, 33, 16, 19.52
1570769971, 18, 260, 425, 320, 83, 1.41%, 5, 33, 16, 27.79
1570770236, 18, 262, 425, 319, 82, 1.41%, 5, 33, 16, 21.07
1570770714, 18, 262, 427, 321, 82, 1.41%, 5, 33, 16, 27.03
1570770739, 18, 262, 428, 322, 82, 1.41%, 5, 33, 16, 27.14
1570770963, 18, 262, 429, 323, 82, 1.41%, 5, 33, 16, 29.08
1570770983, 18, 262, 430, 324, 82, 1.41%, 5, 33, 16, 27.79
1570770989, 18, 262, 431, 325, 82, 1.41%, 5, 33, 16, 29.41
1570771020, 18, 265, 431, 324, 81, 1.41%, 5, 33, 16, 18.09
1570771711, 18, 266, 431, 323, 80, 1.41%, 5, 33, 16, 17.83
1570772335, 18, 267, 431, 322, 79, 1.41%, 5, 33, 16, 14.07
1570772966, 18, 268, 431, 321, 78, 1.41%, 5, 33, 16, 24.92
1570773632, 18, 269, 431, 320, 77, 1.41%, 5, 33, 16, 24.60
1570774062, 18, 269, 432, 321, 77, 1.41%, 5, 33, 16, 34.63
1570774359, 18, 270, 432, 320, 77, 1.41%, 5, 33, 16, 17.03
1570775199, 18, 274, 432, 319, 76, 1.41%, 5, 33, 16, 17.82
1570776222, 18, 275, 432, 318, 75, 1.41%, 5, 33, 16, 16.91
1570777303, 18, 276, 432, 317, 74, 1.41%, 5, 33, 16, 14.72
1570777620, 18, 276, 433, 318, 74, 1.41%, 5, 33, 16, 21.38
1570777723, 18, 276, 434, 319, 74, 1.41%, 5, 33, 16, 21.87
1570778427, 18, 277, 434, 318, 73, 1.41%, 5, 33, 16, 13.56
1570779211, 18, 277, 435, 319, 73, 1.41%, 5, 33, 16, 20.98
1570779532, 18, 279, 435, 318, 72, 1.41%, 5, 33, 16, 12.42
1570780656, 18, 283, 435, 317, 71, 1.41%, 5, 33, 16, 12.39
1570781571, 18, 284, 435, 316, 70, 1.41%, 5, 33, 16, 13.31
1570782566, 18, 284, 436, 317, 70, 1.41%, 5, 33, 16, 21.01
1570782597, 18, 288, 436, 316, 69, 1.41%, 5, 33, 16, 22.12
1570783661, 18, 288, 437, 317, 69, 1.41%, 5, 33, 16, 21.39
1570783722, 18, 289, 437, 316, 68, 1.41%, 5, 33, 16, 12.83
1570784841, 18, 290, 437, 315, 67, 1.41%, 5, 33, 16, 15.01
1570785971, 18, 291, 437, 314, 66, 1.41%, 5, 33, 16, 19.79
1570786915, 18, 291, 438, 315, 66, 1.41%, 5, 33, 16, 20.70
1570787310, 18, 293, 438, 314, 65, 1.41%, 5, 33, 16, 13.90
1570788385, 18, 293, 439, 315, 65, 1.42%, 5, 33, 16, 20.26
1570788436, 18, 293, 440, 316, 65, 1.42%, 5, 33, 16, 20.91
1570788447, 18, 293, 441, 317, 65, 1.42%, 5, 33, 16, 21.14
1570788452, 18, 294, 441, 316, 65, 1.42%, 5, 33, 16, 17.06
1570789605, 18, 295, 441, 315, 64, 1.42%, 5, 33, 16, 18.12
1570789641, 18, 295, 442, 316, 64, 1.42%, 5, 33, 16, 21.90
1570790776, 18, 298, 442, 315, 64, 1.42%, 5, 33, 16, 16.14
1570790806, 18, 298, 443, 316, 64, 1.42%, 5, 33, 16, 22.48
1570792099, 18, 298, 445, 318, 64, 1.42%, 5, 33, 16, 20.08
1570792160, 18, 298, 446, 319, 64, 1.42%, 5, 33, 16, 19.14
1570792217, 18, 298, 447, 320, 64, 1.42%, 5, 33, 16, 20.43
1570792289, 18, 298, 448, 321, 64, 1.42%, 5, 33, 16, 20.56
1570792402, 18, 298, 449, 322, 64, 1.42%, 5, 33, 16, 20.54
1570792509, 18, 299, 449, 321, 63, 1.42%, 5, 33, 16, 18.22
1570793784, 18, 300, 449, 320, 62, 1.42%, 5, 33, 16, 12.58
1570795058, 18, 300, 450, 321, 62, 1.42%, 5, 33, 16, 19.44
1570795458, 18, 300, 451, 322, 62, 1.42%, 5, 33, 16, 13.82
1570795519, 18, 301, 451, 321, 62, 1.42%, 5, 33, 16, 12.14
1570797137, 18, 302, 451, 320, 61, 1.42%, 5, 33, 16, 11.77
1570798731, 18, 303, 451, 319, 60, 1.42%, 5, 33, 16, 12.47
1570800313, 18, 304, 451, 318, 59, 1.42%, 5, 33, 16, 17.40
1570801374, 18, 304, 452, 319, 59, 1.42%, 5, 33, 16, 17.46
1570801415, 18, 304, 453, 320, 59, 1.42%, 5, 33, 16, 17.90
1570801624, 18, 304, 454, 321, 59, 1.42%, 5, 33, 16, 19.68
1570801814, 18, 306, 454, 320, 58, 1.42%, 5, 33, 16, 16.19
1570801865, 18, 306, 455, 321, 58, 1.42%, 5, 33, 16, 21.20
1570802055, 18, 306, 455, 321, 58, 1.42%, 6, 33, 16, 20.15
1570802080, 18, 306, 455, 321, 58, 1.42%, 7, 33, 16, 20.87
1570802101, 18, 306, 455, 321, 58, 1.42%, 8, 33, 16, 20.87
1570802142, 18, 306, 455, 321, 58, 1.42%, 9, 33, 16, 20.68
1570802270, 18, 306, 456, 322, 58, 1.42%, 9, 33, 16, 20.71
1570802919, 18, 306, 457, 323, 58, 1.42%, 9, 33, 16, 21.83
1570802992, 18, 306, 458, 324, 58, 1.42%, 9, 33, 16, 17.72
1570803181, 18, 306, 459, 325, 58, 1.42%, 9, 33, 16, 18.61
1570803227, 18, 306, 460, 326, 58, 1.42%, 9, 33, 16, 19.45
1570803401, 18, 310, 460, 325, 56, 1.42%, 9, 33, 16, 20.04
1570804595, 18, 310, 461, 326, 56, 1.42%, 9, 33, 16, 19.51
1570804615, 18, 311, 461, 325, 55, 1.42%, 9, 33, 16, 18.90
1570805832, 18, 312, 461, 324, 54, 1.42%, 9, 33, 16, 11.93
1570806298, 18, 312, 462, 325, 54, 1.42%, 9, 33, 16, 20.26
1570806677, 18, 312, 463, 326, 54, 1.42%, 9, 33, 16, 17.43
1570807035, 18, 312, 464, 327, 54, 1.42%, 9, 33, 16, 17.88
1570807092, 18, 313, 464, 326, 53, 1.42%, 9, 33, 16, 11.88
1570808182, 18, 313, 465, 327, 53, 1.42%, 9, 33, 16, 19.05
1570808187, 18, 313, 466, 328, 53, 1.42%, 9, 33, 16, 18.63
1570808259, 18, 316, 466, 327, 52, 1.42%, 9, 33, 16, 14.51
1570808346, 18, 316, 466, 327, 52, 1.42%, 10, 33, 16, 18.03
1570810352, 18, 319, 466, 326, 51, 1.42%, 10, 33, 16, 16.34
1570811589, 18, 321, 466, 325, 50, 1.42%, 10, 33, 16, 13.97
1570812648, 18, 322, 466, 324, 49, 1.42%, 10, 33, 16, 16.89
1570813726, 18, 322, 467, 325, 49, 1.42%, 10, 33, 17, 20.56
1570813762, 18, 329, 467, 324, 48, 1.42%, 10, 33, 17, 13.31
1570814216, 18, 329, 468, 325, 48, 1.42%, 10, 33, 17, 21.85
1570814891, 18, 332, 468, 324, 48, 1.42%, 10, 33, 17, 15.20
1570814994, 18, 332, 469, 325, 48, 1.42%, 10, 33, 17, 20.80
1570816303, 18, 333, 469, 324, 47, 1.42%, 10, 33, 17, 14.60
1570817719, 18, 336, 469, 323, 46, 1.42%, 10, 33, 17, 14.22
1570818930, 18, 338, 469, 322, 45, 1.42%, 10, 33, 17, 17.09
1570820389, 18, 345, 469, 321, 44, 1.42%, 10, 33, 17, 15.85
1570821887, 18, 345, 470, 322, 44, 1.42%, 10, 33, 17, 19.17
1570821948, 18, 346, 470, 321, 43, 1.42%, 10, 33, 17, 13.99
1570823546, 18, 347, 470, 320, 42, 1.42%, 10, 33, 17, 17.11
1570825134, 18, 351, 470, 319, 41, 1.42%, 10, 33, 17, 15.62
1570825252, 18, 351, 471, 320, 41, 1.42%, 10, 33, 17, 21.05
1570827033, 18, 351, 472, 321, 41, 1.42%, 10, 33, 17, 17.39
1570827324, 18, 351, 473, 322, 41, 1.42%, 10, 33, 17, 19.47
1570827371, 18, 353, 473, 321, 40, 1.42%, 10, 33, 17, 14.63
1570829899, 18, 353, 474, 322, 40, 1.42%, 10, 33, 17, 18.25
1570829920, 18, 357, 474, 321, 39, 1.42%, 10, 33, 17, 13.79
1570830232, 18, 357, 475, 322, 39, 1.42%, 10, 33, 17, 19.43
1570831346, 18, 358, 475, 321, 38, 1.42%, 10, 33, 17, 13.11
1570832590, 18, 358, 476, 322, 38, 1.42%, 10, 33, 17, 18.64
1570832784, 18, 358, 477, 323, 38, 1.42%, 10, 33, 17, 18.52
1570832887, 18, 358, 478, 324, 38, 1.42%, 10, 33, 17, 18.60
1570832969, 18, 360, 478, 323, 37, 1.42%, 10, 33, 17, 12.77
1570834481, 18, 362, 478, 322, 36, 1.42%, 10, 33, 17, 16.36
1570835633, 18, 363, 478, 321, 35, 1.42%, 10, 33, 17, 13.48
1570835796, 18, 363, 479, 322, 35, 1.43%, 10, 33, 17, 20.49
1570836761, 18, 363, 480, 323, 35, 1.43%, 10, 33, 17, 17.50
1570836766, 18, 363, 481, 324, 35, 1.43%, 10, 33, 17, 18.28
1570836812, 18, 363, 482, 325, 35, 1.43%, 10, 33, 17, 17.41
1570836843, 18, 363, 483, 326, 35, 1.43%, 10, 33, 17, 18.73
1570837165, 18, 364, 483, 325, 35, 1.43%, 10, 33, 17, 11.65
1570837374, 18, 364, 484, 326, 35, 1.43%, 10, 33, 17, 19.87
1570838384, 18, 364, 485, 327, 35, 1.43%, 10, 33, 17, 18.31
1570838824, 18, 367, 485, 326, 35, 1.43%, 10, 33, 17, 12.50
1570839642, 18, 367, 486, 327, 35, 1.43%, 10, 33, 17, 19.04
1570839703, 18, 367, 487, 328, 35, 1.43%, 10, 33, 17, 18.31
1570840026, 18, 369, 487, 327, 34, 1.43%, 10, 33, 17, 13.74
1570841249, 18, 369, 488, 328, 34, 1.43%, 10, 33, 17, 18.27
1570841617, 18, 369, 489, 329, 34, 1.43%, 10, 33, 17, 17.85
1570841688, 18, 370, 489, 328, 33, 1.43%, 10, 33, 17, 17.90
1570842816, 18, 370, 490, 329, 33, 1.43%, 10, 33, 17, 19.45
1570843184, 18, 374, 490, 328, 32, 1.43%, 10, 33, 17, 14.18
