# unix_time, cycles_done, cur_path, paths_total, pending_total, pending_favs, map_size, unique_crashes, unique_hangs, max_depth, execs_per_sec
1570686235, 0, 0, 2, 2, 1, 1.88%, 0, 0, 1, 30.12
1570686240, 0, 0, 5, 5, 1, 1.90%, 0, 0, 2, 31.28
1570686246, 0, 0, 7, 7, 1, 1.91%, 0, 0, 2, 31.41
1570686251, 0, 0, 9, 9, 1, 1.91%, 0, 0, 2, 31.13
1570686256, 0, 0, 10, 10, 1, 1.91%, 0, 0, 2, 30.34
1570686261, 0, 0, 11, 11, 1, 1.92%, 0, 0, 2, 30.53
1570686266, 0, 0, 13, 13, 1, 1.92%, 0, 0, 2, 32.75
1570686271, 0, 0, 15, 15, 1, 1.93%, 0, 0, 2, 31.26
1570686281, 0, 0, 17, 17, 1, 1.93%, 0, 0, 2, 32.06
1570686286, 0, 0, 18, 18, 1, 1.93%, 0, 0, 2, 31.60
1570686291, 0, 0, 19, 19, 1, 1.93%, 0, 0, 2, 31.58
1570686302, 0, 0, 20, 20, 1, 1.93%, 0, 0, 2, 31.57
1570686307, 0, 0, 22, 22, 1, 1.96%, 0, 0, 2, 31.94
1570686312, 0, 0, 23, 23, 1, 1.96%, 0, 0, 2, 32.46
1570686322, 0, 0, 24, 24, 1, 1.97%, 0, 0, 2, 32.29
1570686327, 0, 0, 25, 25, 1, 1.97%, 0, 0, 2, 31.54
1570686333, 0, 0, 26, 26, 1, 1.97%, 0, 0, 2, 32.17
1570686338, 0, 0, 27, 27, 1, 1.97%, 0, 0, 2, 32.46
1570686343, 0, 0, 28, 28, 1, 1.97%, 0, 0, 2, 32.59
1570686348, 0, 0, 29, 29, 1, 1.97%, 0, 0, 2, 32.70
1570686353, 0, 0, 30, 30, 1, 1.98%, 0, 0, 2, 32.77
1570686384, 0, 0, 31, 31, 1, 1.98%, 0, 0, 2, 32.24
1570686389, 0, 0, 32, 32, 1, 1.98%, 0, 0, 2, 32.42
1570686394, 0, 0, 33, 33, 1, 1.98%, 0, 0, 2, 32.31
1570686399, 0, 0, 34, 34, 1, 1.98%, 0, 0, 2, 32.50
1570686405, 0, 0, 35, 35, 1, 1.98%, 0, 0, 2, 32.84
1570686410, 0, 0, 37, 37, 1, 1.99%, 0, 0, 2, 29.03
1570686425, 0, 0, 38, 38, 1, 1.99%, 0, 0, 2, 28.49
1570686430, 0, 0, 39, 39, 1, 1.99%, 0, 0, 2, 26.99
1570686435, 0, 0, 40, 40, 1, 1.99%, 0, 0, 2, 28.72
1570686440, 0, 0, 41, 41, 1, 1.99%, 0, 0, 2, 28.19
1570686455, 0, 0, 42, 42, 1, 1.99%, 0, 0, 2, 28.16
1570686481, 0, 0, 43, 43, 1, 1.99%, 0, 0, 2, 27.09
1570686491, 0, 0, 44, 44, 1, 1.99%, 0, 0, 2, 26.62
1570686506, 0, 0, 46, 46, 1, 2.00%, 0, 0, 2, 25.94
1570686521, 0, 10, 46, 45, 6, 2.00%, 0, 0, 2, 28.03
1570686527, 0, 10, 47, 46, 6, 2.00%, 0, 0, 3, 26.92
1570686547, 0, 10, 48, 47, 6, 2.00%, 0, 0, 3, 28.51
1570686552, 0, 10, 49, 48, 6, 2.01%, 0, 0, 3, 28.48
1570686572, 0, 12, 50, 48, 6, 2.01%, 0, 0, 3, 28.28
1570686588, 0, 13, 50, 47, 5, 2.01%, 0, 0, 3, 29.01
1570686598, 0, 14, 50, 46, 4, 2.01%, 0, 0, 3, 27.90
1570686624, 0, 16, 50, 45, 3, 2.01%, 0, 0, 3, 30.09
1570686634, 0, 20, 50, 44, 2, 2.01%, 0, 0, 3, 27.52
1570686639, 0, 20, 51, 45, 2, 2.01%, 0, 0, 3, 26.67
1570686654, 0, 20, 52, 46, 2, 2.02%, 0, 0, 3, 29.96
1570686685, 0, 20, 53, 47, 2, 2.02%, 0, 0, 3, 28.02
1570686690, 0, 20, 55, 49, 2, 2.02%, 0, 0, 3, 27.06
1570686721, 0, 48, 55, 48, 4, 2.02%, 0, 0, 3, 26.59
1570686731, 0, 50, 56, 48, 3, 2.03%, 0, 0, 4, 27.43
1570686736, 0, 50, 57, 49, 3, 2.03%, 0, 0, 4, 27.02
1570686777, 0, 50, 58, 50, 3, 2.04%, 0, 0, 4, 25.59
1570686797, 0, 51, 58, 49, 4, 2.04%, 0, 0, 4, 24.31
1570686812, 0, 51, 59, 50, 4, 2.04%, 0, 0, 4, 23.31
1570686843, 0, 51, 60, 51, 4, 2.04%, 0, 0, 4, 24.43
1570686853, 0, 51, 61, 52, 4, 2.08%, 0, 0, 4, 24.97
1570686863, 0, 51, 62, 53, 4, 2.08%, 0, 0, 4, 27.22
1570686868, 0, 51, 63, 54, 4, 2.09%, 0, 0, 4, 27.63
1570686873, 0, 51, 65, 56, 4, 2.11%, 0, 0, 4, 25.95
1570686878, 0, 51, 66, 57, 4, 2.11%, 0, 0, 4, 24.79
1570686935, 0, 51, 69, 60, 4, 2.11%, 0, 0, 4, 25.98
1570686976, 0, 51, 70, 61, 4, 2.11%, 0, 0, 4, 24.66
1570686996, 0, 51, 72, 63, 4, 2.12%, 0, 0, 4, 24.71
1570687016, 0, 51, 73, 64, 4, 2.12%, 0, 0, 4, 24.83
1570687026, 0, 51, 74, 65, 4, 2.12%, 0, 0, 4, 23.40
1570687036, 0, 51, 75, 66, 4, 2.16%, 0, 0, 4, 25.26
1570687092, 0, 51, 76, 67, 4, 2.16%, 0, 0, 4, 28.37
1570687123, 0, 54, 76, 66, 10, 2.16%, 0, 0, 4, 28.11
1570687144, 0, 56, 76, 65, 9, 2.16%, 0, 0, 4, 26.11
1570687190, 0, 56, 77, 66, 9, 2.16%, 0, 0, 5, 28.21
1570687195, 0, 56, 78, 67, 9, 2.16%, 0, 0, 5, 29.21
1570687200, 0, 56, 79, 68, 9, 2.17%, 0, 0, 5, 28.71
1570687205, 0, 56, 80, 69, 9, 2.17%, 0, 0, 5, 28.93
1570687210, 0, 56, 81, 70, 9, 2.17%, 0, 0, 5, 28.83
1570687292, 0, 56, 82, 71, 9, 2.17%, 0, 0, 5, 29.46
1570687323, 0, 56, 83, 72, 9, 2.17%, 0, 0, 5, 28.40
1570687394, 0, 56, 84, 73, 9, 2.17%, 0, 0, 5, 28.26
1570687415, 0, 56, 85, 74, 9, 2.18%, 0, 0, 5, 28.87
1570687430, 0, 56, 86, 75, 9, 2.18%, 0, 0, 5, 27.89
1570687435, 0, 57, 89, 77, 11, 2.20%, 0, 0, 5, 29.13
1570687440, 0, 57, 90, 78, 11, 2.20%, 0, 0, 5, 29.63
1570687455, 0, 57, 91, 79, 11, 2.21%, 0, 0, 5, 31.38
1570687486, 0, 57, 92, 80, 11, 2.21%, 0, 0, 5, 27.04
1570687506, 0, 61, 93, 80, 14, 2.21%, 0, 0, 5, 28.05
1570687511, 0, 61, 96, 83, 14, 2.22%, 0, 0, 5, 25.03
1570687517, 0, 61, 97, 84, 14, 2.22%, 0, 0, 5, 23.94
1570687537, 0, 61, 98, 85, 14, 2.22%, 0, 0, 5, 26.19
1570687603, 0, 61, 99, 86, 14, 2.22%, 0, 0, 5, 25.10
1570687608, 0, 61, 100, 87, 14, 2.23%, 0, 0, 5, 26.58
1570687639, 0, 62, 100, 86, 16, 2.23%, 0, 0, 5, 24.63
1570687654, 0, 62, 101, 87, 16, 2.23%, 0, 0, 5, 23.42
1570687664, 0, 62, 102, 88, 16, 2.23%, 0, 0, 5, 25.12
1570687674, 0, 62, 103, 89, 16, 2.23%, 0, 0, 5, 24.09
1570687792, 0, 62, 105, 91, 16, 2.24%, 0, 0, 5, 26.21
1570687797, 0, 62, 106, 92, 16, 2.24%, 0, 0, 5, 27.52
1570687832, 0, 62, 107, 93, 16, 2.24%, 0, 0, 5, 28.27
1570687883, 0, 62, 109, 95, 16, 2.26%, 0, 0, 5, 27.85
1570688011, 0, 62, 110, 96, 16, 2.27%, 0, 0, 5, 28.06
1570688031, 0, 66, 110, 95, 18, 2.27%, 0, 0, 5, 23.53
1570688143, 0, 66, 111, 96, 18, 2.27%, 0, 0, 5, 28.04
1570688327, 0, 67, 111, 95, 18, 2.27%, 0, 0, 5, 26.13
1570688674, 0, 71, 111, 94, 17, 2.27%, 0, 0, 5, 26.51
1570688679, 0, 71, 112, 95, 17, 2.28%, 0, 0, 5, 24.41
1570688725, 0, 71, 115, 98, 17, 2.29%, 0, 0, 5, 27.10
1570688823, 0, 71, 116, 99, 17, 2.29%, 0, 0, 5, 23.77
1570688838, 0, 71, 117, 100, 17, 2.29%, 0, 0, 5, 28.53
1570688853, 0, 74, 117, 99, 21, 2.29%, 0, 0, 5, 27.40
1570688879, 0, 74, 118, 100, 21, 2.29%, 0, 0, 5, 29.77
1570688925, 0, 74, 119, 101, 21, 2.29%, 0, 0, 5, 31.46
1570688945, 0, 74, 120, 102, 21, 2.29%, 0, 0, 5, 28.42
1570688966, 0, 78, 120, 101, 23, 2.29%, 0, 0, 5, 28.43
1570689058, 0, 83, 120, 100, 22, 2.29%, 0, 0, 5, 28.31
1570689063, 0, 83, 121, 101, 22, 2.29%, 0, 0, 6, 29.48
1570689073, 0, 83, 122, 102, 22, 2.29%, 0, 0, 6, 28.39
1570689119, 0, 86, 122, 101, 21, 2.29%, 0, 0, 6, 27.45
1570689190, 0, 87, 122, 100, 20, 2.29%, 0, 0, 6, 26.06
1570689247, 0, 87, 123, 101, 20, 2.29%, 0, 0, 6, 27.87
1570689272, 0, 88, 123, 100, 19, 2.29%, 0, 0, 6, 26.60
1570689278, 0, 88, 124, 101, 19, 2.29%, 0, 0, 6, 26.04
1570689293, 0, 88, 125, 102, 19, 2.29%, 0, 0, 6, 25.50
1570689329, 0, 88, 126, 103, 19, 2.30%, 0, 0, 6, 28.62
1570689349, 0, 90, 127, 103, 21, 2.31%, 0, 0, 6, 29.12
1570689411, 0, 93, 127, 102, 21, 2.31%, 0, 0, 6, 26.96
1570689529, 0, 94, 127, 101, 20, 2.31%, 0, 0, 6, 26.86
1570689656, 0, 95, 127, 100, 19, 2.31%, 0, 0, 6, 26.84
1570689712, 0, 95, 128, 101, 19, 2.31%, 0, 0, 6, 25.86
1570689773, 0, 96, 128, 100, 18, 2.31%, 0, 0, 6, 29.75
1570689814, 0, 96, 129, 101, 18, 2.31%, 0, 0, 6, 27.13
1570689855, 0, 96, 130, 102, 18, 2.31%, 0, 0, 6, 28.19
1570689886, 0, 97, 130, 101, 18, 2.31%, 0, 0, 6, 27.56
1570690008, 0, 100, 130, 100, 17, 2.31%, 0, 0, 6, 29.89
1570690141, 0, 102, 130, 99, 16, 2.31%, 0, 0, 6, 29.05
1570690207, 0, 102, 131, 100, 16, 2.31%, 0, 0, 6, 29.61
1570690253, 0, 102, 132, 101, 16, 2.32%, 0, 0, 6, 28.34
1570690278, 0, 105, 132, 100, 16, 2.32%, 0, 0, 6, 29.89
1570690355, 0, 105, 133, 101, 16, 2.32%, 0, 0, 6, 27.16
1570690365, 0, 105, 134, 102, 16, 2.33%, 0, 0, 6, 27.02
1570690416, 0, 105, 135, 103, 16, 2.33%, 0, 0, 6, 27.47
1570690457, 0, 105, 136, 104, 16, 2.33%, 0, 0, 6, 27.41
1570690528, 0, 111, 136, 103, 15, 2.33%, 0, 0, 6, 26.99
1570690533, 0, 111, 138, 105, 15, 2.33%, 0, 0, 6, 23.80
1570690538, 0, 111, 139, 106, 15, 2.33%, 0, 0, 6, 24.79
1570690609, 0, 111, 140, 107, 15, 2.34%, 0, 0, 6, 27.41
1570690625, 0, 111, 141, 108, 15, 2.34%, 0, 0, 6, 27.64
1570690687, 0, 112, 141, 107, 17, 2.34%, 0, 0, 6, 32.01
1570690728, 0, 112, 142, 108, 17, 2.35%, 0, 0, 6, 26.94
1570690835, 0, 113, 142, 107, 17, 2.35%, 0, 0, 6, 27.49
1570690840, 0, 113, 143, 108, 17, 2.35%, 0, 0, 6, 28.27
1570690871, 0, 113, 144, 109, 17, 2.35%, 0, 0, 6, 28.25
1570690881, 0, 113, 145, 110, 17, 2.35%, 0, 0, 6, 26.93
1570690968, 0, 113, 146, 111, 17, 2.36%, 0, 0, 6, 26.07
1570690988, 0, 114, 146, 110, 17, 2.36%, 0, 0, 6, 26.39
1570691090, 0, 115, 146, 109, 16, 2.36%, 0, 0, 6, 28.10
1570691177, 0, 115, 147, 110, 16, 2.36%, 0, 0, 6, 24.69
1570691218, 0, 115, 148, 111, 16, 2.36%, 0, 0, 6, 27.73
1570691233, 0, 115, 149, 112, 16, 2.36%, 0, 0, 6, 26.05
1570691259, 0, 118, 149, 111, 16, 2.36%, 0, 0, 6, 29.29
1570691310, 0, 118, 150, 112, 16, 2.36%, 0, 0, 6, 26.60
1570691377, 0, 121, 150, 111, 15, 2.36%, 0, 0, 6, 29.45
1570691392, 0, 123, 150, 110, 14, 2.36%, 0, 0, 6, 26.37
1570691459, 0, 124, 150, 109, 13, 2.36%, 0, 0, 6, 27.62
1570691499, 0, 124, 151, 110, 13, 2.36%, 0, 0, 7, 28.65
1570691525, 0, 125, 151, 109, 12, 2.36%, 0, 0, 7, 27.85
1570691576, 0, 125, 152, 110, 12, 2.37%, 0, 0, 7, 28.26
1570691597, 0, 126, 152, 109, 11, 2.37%, 0, 0, 7, 30.27
1570691658, 0, 128, 152, 108, 10, 2.37%, 0, 0, 7, 29.61
1570691775, 0, 130, 152, 107, 9, 2.37%, 0, 0, 7, 28.40
1570691852, 0, 130, 153, 108, 9, 2.37%, 0, 0, 7, 28.86
1570691918, 0, 131, 153, 107, 8, 2.37%, 0, 0, 7, 30.17
1570691923, 0, 131, 154, 108, 8, 2.37%, 0, 0, 7, 30.74
1570691928, 0, 131, 155, 109, 8, 2.37%, 0, 0, 7, 28.16
1570691959, 0, 131, 156, 110, 8, 2.37%, 0, 0, 7, 29.09
1570691974, 0, 131, 157, 111, 8, 2.37%, 0, 0, 7, 27.61
1570692041, 0, 131, 158, 112, 8, 2.38%, 0, 0, 7, 30.20
1570692056, 0, 136, 158, 111, 7, 2.38%, 0, 0, 7, 29.61
1570692174, 0, 136, 159, 112, 7, 2.38%, 0, 0, 7, 30.20
1570692210, 0, 139, 159, 111, 6, 2.38%, 0, 0, 7, 28.03
1570692266, 0, 139, 160, 112, 6, 2.38%, 0, 0, 7, 26.20
1570692368, 0, 141, 160, 111, 5, 2.38%, 0, 0, 7, 26.64
1570692419, 0, 141, 161, 112, 5, 2.38%, 0, 0, 7, 27.31
1570692439, 0, 141, 162, 113, 5, 2.38%, 0, 0, 7, 30.88
1570692521, 0, 144, 162, 112, 5, 2.38%, 0, 0, 7, 29.06
1570692679, 0, 148, 162, 111, 4, 2.38%, 0, 0, 7, 25.94
1570692853, 0, 154, 162, 110, 3, 2.38%, 0, 0, 7, 26.77
1570692894, 0, 154, 163, 111, 3, 2.38%, 0, 0, 8, 21.28
1570692904, 0, 154, 164, 112, 3, 2.38%, 0, 0, 8, 17.50
1570693012, 0, 154, 165, 113, 3, 2.39%, 0, 0, 8, 24.51
1570693043, 0, 157, 165, 112, 2, 2.39%, 0, 0, 8, 31.07
1570693166, 0, 157, 166, 113, 2, 2.39%, 0, 0, 8, 31.61
1570693186, 0, 160, 166, 112, 1, 2.39%, 0, 0, 8, 29.63
1570693242, 0, 160, 167, 113, 1, 2.39%, 0, 0, 8, 26.36
1570693278, 0, 160, 168, 114, 1, 2.39%, 0, 0, 8, 28.00
1570693340, 1, 2, 168, 113, 0, 2.39%, 0, 0, 8, 28.54
1570693365, 1, 3, 168, 112, 0, 2.39%, 0, 0, 8, 31.08
1570693386, 1, 9, 168, 111, 0, 2.39%, 0, 0, 8, 29.95
1570693412, 1, 14, 168, 110, 0, 2.39%, 0, 0, 8, 28.94
1570693417, 1, 17, 168, 110, 0, 2.39%, 0, 0, 8, 28.94
1570693427, 1, 28, 168, 109, 0, 2.39%, 0, 0, 8, 30.89
1570693437, 1, 29, 168, 108, 0, 2.39%, 0, 0, 8, 29.97
1570693458, 1, 31, 168, 107, 0, 2.39%, 0, 0, 8, 29.66
1570693473, 1, 41, 168, 106, 0, 2.39%, 0, 0, 8, 29.34
1570693483, 1, 42, 168, 105, 0, 2.39%, 0, 0, 8, 30.10
1570693509, 1, 44, 168, 104, 0, 2.39%, 0, 0, 8, 27.92
1570693530, 1, 49, 168, 103, 0, 2.39%, 0, 0, 8, 30.17
1570693545, 1, 50, 168, 102, 0, 2.39%, 0, 0, 8, 27.53
1570693550, 1, 53, 168, 102, 0, 2.39%, 0, 0, 8, 24.17
1570693565, 1, 53, 169, 103, 0, 2.39%, 0, 0, 8, 23.51
1570693596, 1, 60, 169, 102, 0, 2.39%, 0, 0, 8, 23.38
1570693739, 1, 60, 170, 103, 0, 2.39%, 0, 0, 8, 23.66
1570693769, 1, 61, 170, 102, 0, 2.39%, 0, 0, 8, 23.49
1570693774, 1, 64, 171, 103, 0, 2.39%, 0, 0, 8, 22.17
1570694014, 1, 64, 172, 104, 0, 2.39%, 0, 0, 8, 23.43
1570694039, 1, 64, 173, 105, 0, 2.39%, 0, 0, 8, 23.38
1570694085, 1, 67, 173, 104, 0, 2.39%, 0, 0, 8, 24.04
1570694090, 1, 68, 173, 104, 0, 2.39%, 0, 0, 8, 23.75
1570694151, 1, 70, 173, 103, 0, 2.39%, 0, 0, 8, 25.16
1570694443, 1, 72, 173, 102, 0, 2.39%, 0, 0, 8, 23.57
1570694453, 1, 72, 174, 103, 0, 2.39%, 0, 0, 8, 25.71
1570694484, 1, 83, 174, 102, 0, 2.39%, 0, 0, 8, 25.87
1570694489, 1, 86, 174, 102, 0, 2.39%, 0, 0, 8, 25.03
1570694494, 1, 87, 174, 102, 0, 2.39%, 0, 0, 8, 23.57
1570694499, 1, 90, 174, 102, 0, 2.39%, 0, 0, 8, 25.26
1570694505, 1, 92, 174, 102, 0, 2.39%, 0, 0, 8, 26.39
1570694545, 1, 92, 175, 103, 0, 2.40%, 0, 0, 8, 21.99
1570694642, 1, 94, 175, 102, 0, 2.40%, 0, 0, 8, 24.33
1570694647, 1, 95, 175, 102, 0, 2.40%, 0, 0, 8, 23.24
1570694652, 1, 96, 175, 102, 0, 2.40%, 0, 0, 8, 22.42
1570694657, 1, 97, 175, 102, 0, 2.40%, 0, 0, 8, 22.13
1570694662, 1, 99, 175, 102, 0, 2.40%, 0, 0, 8, 24.19
1570694703, 1, 99, 176, 103, 0, 2.40%, 0, 0, 8, 23.75
1570694800, 1, 99, 177, 104, 0, 2.40%, 0, 0, 8, 25.15
1570694821, 1, 100, 177, 103, 0, 2.40%, 0, 0, 8, 25.67
1570694826, 1, 103, 177, 103, 0, 2.40%, 0, 0, 8, 24.66
1570695107, 1, 103, 178, 104, 0, 2.40%, 0, 0, 8, 24.40
1570695199, 1, 105, 178, 103, 0, 2.40%, 0, 0, 8, 24.77
1570695205, 1, 113, 178, 103, 0, 2.40%, 0, 0, 8, 25.05
1570695210, 1, 114, 178, 103, 0, 2.40%, 0, 0, 8, 27.59
1570695215, 1, 118, 178, 103, 0, 2.40%, 0, 0, 8, 28.20
1570695220, 1, 123, 178, 103, 0, 2.40%, 0, 0, 8, 28.38
1570695225, 1, 124, 178, 103, 0, 2.40%, 0, 0, 8, 28.10
1570695230, 1, 126, 178, 103, 0, 2.40%, 0, 0, 8, 27.22
1570695235, 1, 128, 178, 103, 0, 2.40%, 0, 0, 8, 29.21
1570695240, 1, 136, 178, 103, 0, 2.40%, 0, 0, 8, 29.48
1570695245, 1, 139, 178, 103, 0, 2.40%, 0, 0, 8, 29.53
1570695251, 1, 142, 178, 103, 0, 2.40%, 0, 0, 8, 28.74
1570695266, 1, 142, 179, 104, 0, 2.40%, 0, 0, 8, 27.88
1570695419, 1, 144, 179, 103, 0, 2.40%, 0, 0, 8, 20.45
1570695424, 1, 145, 179, 103, 0, 2.40%, 0, 0, 8, 23.40
1570695429, 1, 145, 180, 104, 0, 2.40%, 0, 0, 8, 21.61
1570695444, 1, 145, 181, 105, 0, 2.41%, 0, 0, 8, 23.62
1570695633, 1, 148, 181, 104, 0, 2.41%, 0, 0, 8, 12.05
1570695643, 1, 153, 181, 104, 0, 2.41%, 0, 0, 8, 11.60
1570695838, 1, 157, 181, 103, 0, 2.41%, 0, 0, 8, 22.04
1570695843, 1, 160, 181, 103, 0, 2.41%, 0, 0, 8, 21.95
1570695848, 1, 165, 181, 103, 0, 2.41%, 0, 0, 8, 23.22
1570695884, 1, 167, 181, 102, 0, 2.41%, 0, 0, 8, 23.67
1570696073, 1, 168, 181, 101, 0, 2.41%, 0, 0, 8, 22.67
1570696104, 1, 168, 182, 102, 0, 2.41%, 0, 0, 8, 21.52
1570696150, 1, 171, 182, 101, 0, 2.41%, 0, 0, 8, 22.55
1570696257, 1, 171, 183, 102, 0, 2.41%, 0, 0, 8, 21.08
1570696512, 1, 171, 184, 103, 0, 2.41%, 0, 0, 8, 19.81
1570696742, 1, 171, 185, 104, 0, 2.41%, 0, 0, 8, 19.10
1570697773, 1, 184, 185, 103, 0, 2.41%, 0, 0, 8, 21.37
1570698184, 1, 184, 186, 104, 0, 2.42%, 0, 0, 8, 19.75
1570698593, 1, 184, 187, 105, 0, 2.42%, 0, 0, 8, 18.28
1570699318, 1, 184, 188, 106, 0, 2.42%, 0, 0, 8, 21.13
1570699323, 1, 184, 189, 107, 0, 2.42%, 0, 0, 8, 20.60
1570699364, 1, 184, 190, 108, 0, 2.42%, 0, 0, 8, 23.30
1570699405, 1, 184, 191, 109, 0, 2.43%, 0, 0, 8, 21.89
1570699517, 1, 190, 191, 108, 1, 2.43%, 0, 0, 8, 22.23
1570699522, 1, 190, 192, 109, 1, 2.43%, 0, 0, 8, 22.90
1570699527, 1, 190, 194, 111, 1, 2.43%, 0, 0, 8, 24.33
1570699552, 1, 190, 195, 112, 1, 2.43%, 0, 0, 8, 22.85
1570699695, 1, 190, 196, 113, 1, 2.43%, 0, 0, 8, 20.74
1570699895, 1, 190, 197, 114, 1, 2.43%, 0, 0, 8, 22.02
1570699905, 1, 190, 199, 116, 1, 2.43%, 0, 0, 8, 21.79
1570699915, 1, 190, 200, 117, 1, 2.44%, 0, 0, 8, 21.69
1570699972, 1, 190, 201, 118, 1, 2.44%, 0, 0, 8, 23.40
1570700151, 1, 191, 201, 117, 1, 2.44%, 0, 0, 8, 21.84
1570700249, 1, 191, 202, 118, 1, 2.44%, 0, 0, 9, 21.44
1570700715, 1, 191, 203, 119, 1, 2.44%, 0, 0, 9, 20.88
1570700761, 1, 191, 204, 120, 1, 2.44%, 0, 0, 9, 23.82
1570700822, 1, 191, 205, 121, 1, 2.44%, 0, 0, 9, 22.33
1570700929, 1, 191, 206, 122, 1, 2.44%, 0, 0, 9, 25.46
1570700964, 1, 192, 206, 121, 0, 2.44%, 0, 0, 9, 23.19
1570701210, 1, 192, 207, 122, 0, 2.44%, 0, 0, 9, 24.12
1570701521, 1, 197, 207, 121, 0, 2.44%, 0, 0, 9, 21.04
1570701542, 1, 197, 208, 122, 0, 2.44%, 0, 0, 9, 21.33
1570701609, 1, 197, 209, 123, 0, 2.44%, 0, 0, 9, 20.48
1570701681, 1, 197, 210, 124, 0, 2.45%, 0, 0, 9, 20.34
1570701946, 1, 197, 211, 125, 0, 2.45%, 0, 0, 9, 19.49
1570702064, 1, 199, 211, 124, 0, 2.45%, 0, 0, 9, 20.11
1570702074, 1, 199, 212, 125, 0, 2.45%, 0, 0, 9, 20.97
1570702222, 1, 199, 213, 126, 0, 2.45%, 0, 0, 9, 19.86
1570702313, 1, 199, 214, 127, 0, 2.45%, 0, 0, 9, 23.16
1570702671, 1, 199, 215, 128, 0, 2.45%, 0, 0, 9, 19.96
1570702783, 1, 201, 215, 127, 0, 2.45%, 0, 0, 9, 20.57
1570702793, 1, 201, 216, 128, 0, 2.45%, 0, 0, 10, 21.33
1570702824, 1, 201, 218, 130, 0, 2.45%, 0, 0, 10, 21.55
1570703191, 1, 201, 219, 131, 0, 2.46%, 0, 0, 10, 21.48
