# unix_time, cycles_done, cur_path, paths_total, pending_total, pending_favs, map_size, unique_crashes, unique_hangs, max_depth, execs_per_sec
1570686405, 0, 0, 2, 2, 1, 0.46%, 0, 0, 1, 29.47
1570686421, 0, 0, 3, 3, 1, 0.47%, 0, 0, 2, 33.06
1570686431, 0, 2, 3, 2, 1, 0.47%, 0, 0, 2, 31.33
1570686436, 0, 2, 3, 2, 1, 0.47%, 0, 1, 2, 32.97
1570686452, 0, 2, 3, 2, 1, 0.47%, 0, 3, 2, 31.73
1570686457, 1, 0, 3, 1, 0, 0.47%, 0, 3, 2, 31.06
1570686462, 1, 1, 3, 1, 0, 0.47%, 0, 3, 2, 32.03
1570686482, 2, 0, 3, 0, 0, 0.47%, 0, 3, 2, 30.28
1570686487, 2, 1, 3, 0, 0, 0.47%, 0, 3, 2, 30.11
1570686498, 2, 2, 3, 0, 0, 0.47%, 0, 3, 2, 29.42
1570686503, 3, 0, 3, 0, 0, 0.47%, 0, 3, 2, 29.36
1570686508, 3, 1, 3, 0, 0, 0.47%, 0, 3, 2, 29.75
1570686513, 3, 1, 4, 1, 0, 0.49%, 0, 3, 2, 30.02
1570686518, 3, 3, 4, 1, 1, 0.49%, 0, 3, 2, 31.04
1570686533, 3, 3, 5, 2, 1, 0.49%, 0, 3, 3, 31.25
1570686559, 3, 3, 5, 2, 1, 0.49%, 0, 4, 3, 30.31
1570686579, 3, 4, 5, 1, 1, 0.49%, 0, 6, 3, 23.31
1570686630, 3, 4, 5, 1, 1, 0.49%, 0, 7, 3, 32.44
1570686641, 4, 0, 5, 0, 0, 0.49%, 0, 7, 3, 29.21
1570686646, 4, 1, 5, 0, 0, 0.49%, 0, 7, 3, 30.29
1570686656, 4, 2, 5, 0, 0, 0.49%, 0, 7, 3, 32.54
1570686666, 4, 3, 5, 0, 0, 0.49%, 0, 7, 3, 29.69
1570686672, 4, 4, 5, 0, 0, 0.49%, 0, 7, 3, 30.83
1570686682, 5, 0, 5, 0, 0, 0.49%, 0, 7, 3, 28.87
1570686687, 5, 1, 5, 0, 0, 0.49%, 0, 7, 3, 30.99
1570686697, 5, 2, 5, 0, 0, 0.49%, 0, 7, 3, 30.56
1570686707, 5, 3, 5, 0, 0, 0.49%, 0, 7, 3, 29.42
1570686718, 5, 4, 5, 0, 0, 0.49%, 0, 7, 3, 28.98
1570686723, 6, 0, 5, 0, 0, 0.49%, 0, 7, 3, 29.09
1570686733, 6, 1, 5, 0, 0, 0.49%, 0, 7, 3, 29.20
1570686743, 6, 2, 5, 0, 0, 0.49%, 0, 7, 3, 32.20
1570686748, 6, 3, 5, 0, 0, 0.49%, 0, 7, 3, 32.08
1570686758, 6, 4, 5, 0, 0, 0.49%, 0, 7, 3, 29.25
1570686763, 7, 0, 5, 0, 0, 0.49%, 0, 7, 3, 28.66
1570686774, 7, 1, 5, 0, 0, 0.49%, 0, 7, 3, 29.01
1570686784, 7, 2, 5, 0, 0, 0.49%, 0, 7, 3, 29.08
1570686789, 7, 3, 5, 0, 0, 0.49%, 0, 7, 3, 28.69
1570686799, 7, 4, 5, 0, 0, 0.49%, 0, 7, 3, 27.89
1570686810, 8, 0, 5, 0, 0, 0.49%, 0, 7, 3, 31.31
1570686815, 8, 1, 5, 0, 0, 0.49%, 0, 7, 3, 30.67
1570686825, 8, 2, 5, 0, 0, 0.49%, 0, 7, 3, 29.49
1570686830, 8, 3, 5, 0, 0, 0.49%, 0, 7, 3, 29.30
1570686840, 8, 4, 5, 0, 0, 0.49%, 0, 7, 3, 29.66
1570686845, 9, 0, 5, 0, 0, 0.49%, 0, 7, 3, 28.46
1570686855, 9, 1, 5, 0, 0, 0.49%, 0, 7, 3, 29.73
1570686866, 9, 2, 5, 0, 0, 0.49%, 0, 7, 3, 31.35
1570686871, 9, 3, 5, 0, 0, 0.49%, 0, 7, 3, 31.67
1570686881, 9, 4, 5, 0, 0, 0.49%, 0, 7, 3, 27.28
1570686886, 10, 0, 5, 0, 0, 0.49%, 0, 7, 3, 27.48
1570686896, 10, 1, 5, 0, 0, 0.49%, 0, 7, 3, 28.58
1570686907, 10, 2, 5, 0, 0, 0.49%, 0, 7, 3, 27.26
1570686917, 10, 3, 5, 0, 0, 0.49%, 0, 7, 3, 27.93
1570686922, 10, 4, 5, 0, 0, 0.49%, 0, 7, 3, 27.66
1570686932, 11, 0, 5, 0, 0, 0.49%, 0, 7, 3, 27.28
1570686942, 11, 1, 5, 0, 0, 0.49%, 0, 7, 3, 29.08
1570686952, 11, 2, 5, 0, 0, 0.49%, 0, 7, 3, 29.45
1570686958, 11, 3, 5, 0, 0, 0.49%, 0, 7, 3, 29.09
1570686968, 11, 4, 5, 0, 0, 0.49%, 0, 7, 3, 28.38
1570686978, 12, 0, 5, 0, 0, 0.49%, 0, 7, 3, 28.37
1570686983, 12, 1, 5, 0, 0, 0.49%, 0, 7, 3, 28.83
1570686994, 12, 2, 5, 0, 0, 0.49%, 0, 7, 3, 28.69
1570687004, 12, 3, 5, 0, 0, 0.49%, 0, 7, 3, 28.38
1570687009, 12, 4, 5, 0, 0, 0.49%, 0, 7, 3, 28.26
1570687019, 13, 0, 5, 0, 0, 0.49%, 0, 7, 3, 28.94
1570687024, 13, 1, 5, 0, 0, 0.49%, 0, 7, 3, 28.13
1570687040, 13, 2, 5, 0, 0, 0.49%, 0, 7, 3, 28.86
1570687045, 13, 3, 5, 0, 0, 0.49%, 0, 7, 3, 26.90
1570687055, 13, 4, 5, 0, 0, 0.49%, 0, 7, 3, 27.36
1570687065, 14, 0, 5, 0, 0, 0.49%, 0, 7, 3, 29.42
1570687071, 14, 1, 5, 0, 0, 0.49%, 0, 7, 3, 29.35
1570687081, 14, 2, 5, 0, 0, 0.49%, 0, 7, 3, 32.27
1570687086, 14, 3, 5, 0, 0, 0.49%, 0, 7, 3, 31.75
1570687096, 14, 4, 5, 0, 0, 0.49%, 0, 7, 3, 30.75
1570687101, 15, 0, 5, 0, 0, 0.49%, 0, 7, 3, 31.57
1570687107, 15, 1, 5, 0, 0, 0.49%, 0, 7, 3, 31.49
1570687117, 15, 2, 5, 0, 0, 0.49%, 0, 7, 3, 31.99
1570687122, 15, 3, 5, 0, 0, 0.49%, 0, 7, 3, 31.93
1570687132, 15, 4, 5, 0, 0, 0.49%, 0, 7, 3, 30.57
1570687138, 16, 0, 5, 0, 0, 0.49%, 0, 7, 3, 30.26
1570687148, 16, 1, 5, 0, 0, 0.49%, 0, 7, 3, 33.81
1570687158, 16, 2, 5, 0, 0, 0.49%, 0, 7, 3, 32.56
1570687163, 16, 3, 5, 0, 0, 0.49%, 0, 7, 3, 30.69
1570687174, 16, 4, 5, 0, 0, 0.49%, 0, 7, 3, 29.43
1570687184, 17, 0, 5, 0, 0, 0.49%, 0, 7, 3, 32.28
1570687189, 17, 1, 5, 0, 0, 0.49%, 0, 7, 3, 31.60
1570687199, 17, 2, 5, 0, 0, 0.49%, 0, 7, 3, 32.20
1570687204, 17, 3, 5, 0, 0, 0.49%, 0, 7, 3, 31.53
1570687210, 17, 4, 5, 0, 0, 0.49%, 0, 7, 3, 30.30
1570687220, 18, 0, 5, 0, 0, 0.49%, 0, 7, 3, 33.47
1570687225, 18, 1, 5, 0, 0, 0.49%, 0, 7, 3, 32.89
1570687235, 18, 2, 5, 0, 0, 0.49%, 0, 7, 3, 32.26
1570687240, 18, 3, 5, 0, 0, 0.49%, 0, 7, 3, 31.71
1570687251, 18, 4, 5, 0, 0, 0.49%, 0, 7, 3, 32.37
1570687261, 19, 0, 5, 0, 0, 0.49%, 0, 7, 3, 31.84
1570687266, 19, 1, 5, 0, 0, 0.49%, 0, 7, 3, 30.84
1570687276, 19, 2, 5, 0, 0, 0.49%, 0, 7, 3, 30.80
1570687281, 19, 3, 5, 0, 0, 0.49%, 0, 7, 3, 30.22
1570687292, 19, 4, 5, 0, 0, 0.49%, 0, 7, 3, 30.83
1570687297, 20, 0, 5, 0, 0, 0.49%, 0, 7, 3, 31.92
1570687302, 20, 1, 5, 0, 0, 0.49%, 0, 7, 3, 32.76
1570687312, 20, 2, 5, 0, 0, 0.49%, 0, 7, 3, 32.69
1570687322, 20, 3, 5, 0, 0, 0.49%, 0, 7, 3, 31.65
1570687327, 20, 4, 5, 0, 0, 0.49%, 0, 7, 3, 30.52
1570687337, 21, 0, 5, 0, 0, 0.49%, 0, 7, 3, 31.53
1570687342, 21, 1, 5, 0, 0, 0.49%, 0, 7, 3, 32.14
1570687353, 21, 2, 5, 0, 0, 0.49%, 0, 7, 3, 30.49
1570687358, 21, 3, 5, 0, 0, 0.49%, 0, 7, 3, 30.65
1570687363, 21, 4, 5, 0, 0, 0.49%, 0, 7, 3, 30.07
1570687373, 22, 0, 5, 0, 0, 0.49%, 0, 7, 3, 31.98
1570687378, 22, 1, 5, 0, 0, 0.49%, 0, 7, 3, 32.23
1570687389, 22, 2, 5, 0, 0, 0.49%, 0, 7, 3, 32.63
1570687394, 22, 3, 5, 0, 0, 0.49%, 0, 7, 3, 30.71
1570687404, 22, 4, 6, 1, 0, 0.64%, 0, 7, 4, 30.72
1570687409, 22, 4, 6, 1, 0, 0.64%, 0, 8, 4, 29.29
1570687414, 22, 5, 6, 1, 1, 0.64%, 0, 8, 4, 29.10
1570687419, 22, 5, 7, 2, 1, 0.64%, 0, 8, 5, 26.91
1570687481, 22, 5, 7, 2, 1, 0.64%, 0, 9, 5, 24.22
1570687496, 22, 5, 8, 3, 1, 0.67%, 0, 9, 5, 29.40
1570687501, 22, 5, 9, 4, 1, 0.69%, 0, 9, 5, 28.19
1570687511, 22, 5, 10, 5, 1, 0.71%, 0, 9, 5, 29.84
1570687531, 22, 5, 11, 6, 1, 0.71%, 0, 9, 5, 28.38
1570687536, 22, 5, 11, 6, 1, 0.71%, 0, 10, 5, 22.70
1570687557, 22, 5, 11, 6, 1, 0.71%, 0, 11, 5, 27.60
1570687577, 22, 5, 11, 6, 1, 0.71%, 0, 12, 5, 26.21
1570687593, 22, 5, 11, 6, 1, 0.71%, 0, 13, 5, 33.52
1570687624, 22, 5, 12, 7, 1, 0.71%, 0, 13, 5, 27.63
1570687629, 22, 5, 13, 8, 1, 0.71%, 0, 13, 5, 28.35
1570687659, 22, 5, 14, 9, 1, 0.71%, 0, 13, 5, 30.79
1570687726, 22, 5, 15, 10, 1, 0.71%, 0, 13, 5, 29.49
1570687736, 22, 5, 16, 11, 1, 0.71%, 0, 13, 5, 29.60
1570687746, 22, 5, 16, 11, 1, 0.71%, 0, 14, 5, 29.22
1570687756, 22, 5, 16, 11, 1, 0.71%, 0, 15, 5, 29.75
1570687761, 22, 6, 16, 10, 6, 0.71%, 0, 16, 5, 29.85
1570687895, 22, 6, 17, 11, 6, 0.71%, 0, 16, 6, 30.35
1570687910, 22, 6, 18, 12, 6, 0.72%, 0, 16, 6, 31.12
1570687920, 22, 7, 20, 13, 6, 0.72%, 0, 16, 6, 29.13
1570687926, 22, 7, 21, 14, 6, 0.72%, 0, 16, 6, 29.12
1570687946, 22, 7, 21, 14, 6, 0.72%, 0, 19, 6, 9.45
1570687967, 22, 7, 23, 16, 6, 0.73%, 0, 20, 6, 32.25
1570688054, 22, 7, 24, 17, 6, 0.73%, 0, 20, 6, 28.38
1570688084, 22, 7, 24, 17, 6, 0.73%, 0, 21, 6, 30.04
1570688125, 22, 7, 25, 18, 6, 0.73%, 0, 21, 6, 29.76
1570688140, 22, 7, 26, 19, 6, 0.73%, 0, 21, 6, 34.60
1570688186, 22, 7, 27, 20, 6, 0.74%, 0, 21, 6, 30.72
1570688191, 22, 7, 28, 21, 6, 0.74%, 0, 21, 6, 29.68
1570688279, 22, 7, 29, 22, 6, 0.74%, 0, 21, 6, 30.07
1570688289, 22, 12, 29, 21, 12, 0.74%, 0, 21, 6, 26.59
1570688305, 22, 12, 30, 22, 12, 0.74%, 0, 22, 6, 2.65
1570688586, 22, 12, 31, 23, 12, 0.74%, 0, 22, 6, 28.50
1570688657, 22, 12, 31, 23, 12, 0.74%, 0, 23, 6, 31.51
1570688724, 22, 14, 31, 22, 12, 0.74%, 0, 23, 6, 14.23
1570689318, 22, 14, 32, 23, 12, 0.75%, 0, 23, 6, 26.36
1570689457, 22, 17, 32, 22, 12, 0.75%, 0, 23, 6, 18.34
1570689508, 22, 17, 32, 22, 12, 0.75%, 0, 24, 6, 34.36
1570689805, 22, 18, 32, 21, 11, 0.75%, 0, 24, 6, 30.19
1570689990, 22, 19, 32, 20, 10, 0.75%, 0, 24, 6, 29.80
1570690031, 22, 19, 32, 20, 10, 0.75%, 0, 25, 6, 21.53
1570690179, 22, 19, 33, 21, 10, 0.75%, 0, 25, 7, 28.14
1570690184, 22, 20, 33, 20, 9, 0.75%, 0, 25, 7, 27.09
1570690390, 22, 21, 33, 19, 8, 0.75%, 0, 25, 7, 26.11
1570690395, 22, 21, 34, 20, 8, 0.75%, 0, 25, 7, 26.74
1570690559, 22, 21, 35, 21, 8, 0.75%, 0, 25, 7, 32.07
1570690579, 22, 22, 35, 20, 8, 0.75%, 0, 25, 7, 32.91
1570690589, 22, 22, 36, 21, 8, 0.76%, 0, 25, 7, 32.66
1570690763, 22, 23, 36, 20, 8, 0.76%, 0, 25, 7, 24.99
1570691148, 22, 23, 39, 23, 8, 0.76%, 0, 25, 7, 31.69
1570691154, 22, 23, 40, 24, 8, 0.76%, 0, 25, 7, 33.64
1570691174, 22, 25, 40, 23, 7, 0.76%, 0, 25, 7, 29.98
1570691348, 22, 26, 40, 22, 6, 0.76%, 0, 25, 7, 27.92
1570691394, 22, 26, 46, 28, 6, 0.79%, 0, 25, 7, 31.36
1570691559, 22, 26, 46, 28, 6, 0.79%, 0, 26, 7, 30.18
1570691564, 22, 27, 46, 27, 8, 0.79%, 0, 26, 7, 26.30
1570691825, 22, 27, 47, 28, 8, 0.79%, 0, 26, 7, 31.77
1570691830, 22, 29, 47, 27, 7, 0.79%, 0, 26, 7, 30.59
1570692097, 22, 29, 47, 27, 7, 0.79%, 0, 27, 7, 24.46
1570692122, 22, 32, 47, 26, 6, 0.79%, 0, 27, 7, 27.81
1570692148, 22, 32, 47, 26, 6, 0.79%, 0, 28, 7, 4.79
1570692331, 22, 33, 47, 25, 5, 0.79%, 0, 29, 7, 10.85
1570692530, 22, 35, 47, 24, 4, 0.79%, 0, 29, 7, 28.45
1570692734, 22, 40, 47, 23, 3, 0.79%, 0, 29, 7, 29.33
1570692893, 22, 40, 48, 24, 3, 0.79%, 0, 29, 8, 29.57
1570693000, 22, 44, 48, 23, 3, 0.79%, 0, 29, 8, 30.26
1570693026, 22, 44, 48, 23, 3, 0.79%, 0, 30, 8, 6.97
1570693200, 22, 45, 48, 22, 2, 0.79%, 0, 30, 8, 28.77
1570693231, 22, 45, 48, 22, 2, 0.79%, 0, 31, 8, 8.81
1570693415, 22, 47, 48, 21, 1, 0.79%, 0, 31, 8, 29.70
1570693686, 23, 2, 48, 20, 0, 0.79%, 0, 31, 8, 27.66
1570693696, 23, 3, 48, 20, 0, 0.79%, 0, 31, 8, 27.28
1570693706, 23, 6, 48, 20, 0, 0.79%, 0, 31, 8, 27.46
1570693752, 23, 9, 48, 20, 0, 0.79%, 0, 31, 8, 14.77
1570694190, 23, 10, 48, 19, 0, 0.79%, 0, 31, 8, 26.61
1570694446, 23, 11, 48, 18, 0, 0.79%, 0, 31, 8, 27.72
1570694579, 23, 11, 49, 19, 0, 0.79%, 0, 31, 8, 26.53
1570694737, 23, 14, 49, 18, 0, 0.79%, 0, 31, 8, 22.96
1570694783, 23, 17, 49, 18, 0, 0.79%, 0, 31, 8, 24.19
1570694829, 23, 17, 50, 19, 0, 0.79%, 0, 31, 8, 25.70
1570694835, 23, 18, 50, 19, 0, 0.79%, 0, 31, 8, 24.62
1570694875, 23, 19, 50, 19, 0, 0.79%, 0, 31, 8, 28.76
1570694922, 23, 20, 50, 19, 0, 0.79%, 0, 31, 8, 28.33
1570694962, 23, 21, 50, 19, 0, 0.79%, 0, 31, 8, 26.48
1570695003, 23, 22, 50, 19, 0, 0.79%, 0, 31, 8, 27.13
1570695044, 23, 23, 50, 19, 0, 0.79%, 0, 31, 8, 29.04
1570695091, 23, 25, 50, 19, 0, 0.79%, 0, 31, 8, 28.25
1570695132, 23, 27, 50, 19, 0, 0.79%, 0, 31, 8, 26.98
1570695178, 23, 29, 50, 19, 0, 0.79%, 0, 31, 8, 28.58
1570695208, 23, 29, 51, 20, 0, 0.79%, 0, 31, 8, 30.51
1570695218, 23, 31, 51, 20, 0, 0.79%, 0, 31, 8, 24.96
1570696072, 23, 32, 51, 19, 0, 0.79%, 0, 31, 8, 14.17
1570696118, 23, 33, 51, 19, 0, 0.79%, 0, 31, 8, 24.36
1570696164, 23, 35, 51, 19, 0, 0.79%, 0, 31, 8, 26.58
1570696210, 23, 41, 51, 19, 0, 0.79%, 0, 31, 8, 23.34
1570696470, 23, 44, 51, 18, 0, 0.79%, 0, 31, 8, 24.17
1570696516, 23, 45, 51, 18, 0, 0.79%, 0, 31, 8, 24.83
1570696557, 23, 47, 51, 18, 0, 0.79%, 0, 31, 8, 26.52
1570696628, 23, 49, 51, 18, 0, 0.79%, 0, 31, 8, 16.29
1570696639, 23, 49, 52, 19, 0, 0.79%, 0, 31, 8, 24.95
1570697276, 23, 49, 53, 20, 0, 0.79%, 0, 31, 8, 21.37
1570697389, 23, 49, 54, 21, 0, 0.79%, 0, 31, 8, 19.88
1570697414, 23, 49, 54, 21, 0, 0.79%, 0, 32, 8, 19.73
1570697613, 23, 50, 54, 20, 0, 0.79%, 0, 32, 8, 22.57
1570697935, 23, 53, 54, 19, 0, 0.79%, 0, 32, 8, 19.06
1570698016, 23, 53, 55, 20, 0, 0.79%, 0, 32, 9, 29.61
1570698869, 23, 53, 55, 20, 0, 0.79%, 0, 33, 9, 26.52
1570698885, 23, 53, 55, 20, 0, 0.79%, 0, 34, 9, 20.90
1570698937, 23, 53, 55, 20, 0, 0.79%, 0, 35, 9, 4.95
1570699014, 24, 1, 55, 19, 0, 0.79%, 0, 35, 9, 24.50
1570699024, 24, 2, 55, 19, 0, 0.79%, 0, 35, 9, 26.75
1570699034, 24, 3, 55, 19, 0, 0.79%, 0, 35, 9, 27.11
1570699044, 24, 6, 55, 19, 0, 0.79%, 0, 35, 9, 25.06
1570699090, 24, 8, 55, 19, 0, 0.79%, 0, 35, 9, 23.60
1570699373, 24, 14, 55, 18, 0, 0.79%, 0, 35, 9, 22.92
1570699424, 24, 15, 55, 18, 0, 0.79%, 0, 35, 9, 15.38
1570699976, 24, 17, 55, 17, 0, 0.79%, 0, 35, 9, 21.75
1570700032, 24, 18, 55, 17, 0, 0.79%, 0, 35, 9, 22.73
1570700078, 24, 19, 55, 17, 0, 0.79%, 0, 35, 9, 24.93
1570700124, 24, 20, 55, 17, 0, 0.79%, 0, 35, 9, 25.08
1570700175, 24, 21, 55, 17, 0, 0.79%, 0, 35, 9, 24.42
1570700221, 24, 22, 55, 17, 0, 0.79%, 0, 35, 9, 25.08
1570700267, 24, 25, 55, 17, 0, 0.79%, 0, 35, 9, 25.30
1570700313, 24, 27, 55, 17, 0, 0.79%, 0, 35, 9, 24.12
1570700360, 24, 29, 55, 17, 0, 0.79%, 0, 35, 9, 24.78
1570700411, 24, 32, 55, 17, 0, 0.79%, 0, 35, 9, 25.13
1570700457, 24, 33, 55, 17, 0, 0.79%, 0, 35, 9, 24.18
1570700503, 24, 35, 55, 17, 0, 0.79%, 0, 35, 9, 24.63
1570700549, 24, 37, 55, 17, 0, 0.79%, 0, 35, 9, 25.54
1570701127, 24, 44, 55, 16, 0, 0.79%, 0, 35, 9, 24.32
1570701173, 24, 45, 55, 16, 0, 0.79%, 0, 35, 9, 23.91
1570701214, 24, 47, 55, 16, 0, 0.79%, 0, 35, 9, 26.57
1570701281, 24, 50, 55, 16, 0, 0.79%, 0, 35, 9, 26.17
1570701332, 24, 51, 55, 16, 0, 0.79%, 0, 35, 9, 16.29
1570702169, 25, 1, 55, 15, 0, 0.79%, 0, 35, 9, 24.21
1570702179, 25, 3, 55, 15, 0, 0.79%, 0, 35, 9, 23.91
1570702189, 25, 6, 55, 15, 0, 0.79%, 0, 35, 9, 25.80
1570702240, 25, 8, 55, 15, 0, 0.79%, 0, 35, 9, 25.60
1570702286, 25, 14, 55, 15, 0, 0.79%, 0, 35, 9, 23.58
1570702337, 25, 17, 55, 15, 0, 0.79%, 0, 35, 9, 22.24
1570702388, 25, 18, 55, 15, 0, 0.79%, 0, 35, 9, 25.80
1570702429, 25, 19, 55, 15, 0, 0.79%, 0, 35, 9, 23.62
1570702476, 25, 20, 55, 15, 0, 0.79%, 0, 35, 9, 25.62
1570702522, 25, 21, 55, 15, 0, 0.79%, 0, 35, 9, 24.24
1570702568, 25, 22, 55, 15, 0, 0.79%, 0, 35, 9, 24.68
1570702619, 25, 25, 55, 15, 0, 0.79%, 0, 35, 9, 24.24
1570702664, 25, 27, 55, 15, 0, 0.79%, 0, 35, 9, 23.34
1570702720, 25, 29, 55, 15, 0, 0.79%, 0, 35, 9, 22.24
1570702731, 25, 29, 56, 16, 0, 0.79%, 0, 35, 9, 23.74
1570702782, 25, 32, 56, 16, 0, 0.79%, 0, 35, 9, 22.71
1570702833, 25, 33, 56, 16, 0, 0.79%, 0, 35, 9, 23.66
1570702874, 25, 35, 56, 16, 0, 0.79%, 0, 35, 9, 24.24
1570702920, 25, 44, 56, 16, 0, 0.79%, 0, 35, 9, 24.82
1570702961, 25, 45, 56, 16, 0, 0.79%, 0, 35, 9, 24.88
1570703007, 25, 47, 56, 16, 0, 0.79%, 0, 35, 9, 26.50
1570703073, 25, 51, 56, 16, 0, 0.79%, 0, 35, 9, 27.93
1570703155, 25, 54, 56, 16, 0, 0.79%, 0, 35, 9, 15.01
