# unix_time, cycles_done, cur_path, paths_total, pending_total, pending_favs, map_size, unique_crashes, unique_hangs, max_depth, execs_per_sec
1569638530, 0, 0, 4, 4, 1, 0.43%, 0, 0, 1, 49.08
1569638535, 0, 0, 6, 6, 1, 0.44%, 0, 0, 2, 47.81
1569638540, 0, 0, 7, 7, 1, 0.45%, 0, 0, 2, 47.88
1569638551, 0, 0, 8, 8, 1, 0.45%, 0, 0, 2, 47.42
1569638556, 0, 0, 9, 9, 1, 0.45%, 0, 0, 2, 47.56
1569638566, 0, 0, 10, 10, 1, 0.46%, 0, 0, 2, 47.62
1569638581, 0, 6, 10, 9, 1, 0.46%, 0, 0, 2, 48.15
1569638586, 0, 6, 11, 10, 1, 0.47%, 0, 0, 3, 47.80
1569638591, 0, 6, 12, 11, 1, 0.47%, 0, 0, 3, 48.10
1569638612, 0, 9, 12, 10, 0, 0.47%, 0, 0, 3, 48.18
1569638617, 0, 9, 13, 11, 0, 0.47%, 0, 0, 3, 48.19
1569638648, 0, 9, 14, 12, 0, 0.48%, 0, 0, 3, 48.00
1569638653, 0, 9, 15, 13, 0, 0.49%, 0, 0, 3, 47.52
1569638668, 0, 12, 15, 12, 1, 0.49%, 0, 0, 3, 48.54
1569638679, 0, 12, 17, 14, 1, 0.49%, 0, 0, 4, 48.67
1569638720, 0, 15, 17, 13, 1, 0.49%, 0, 0, 4, 48.00
1569638760, 0, 15, 18, 14, 1, 0.50%, 0, 0, 5, 47.63
1569638786, 1, 2, 18, 13, 0, 0.50%, 0, 0, 5, 48.47
1569638817, 1, 4, 18, 12, 0, 0.50%, 0, 0, 5, 48.94
1569638847, 1, 6, 18, 11, 0, 0.50%, 0, 0, 5, 47.60
1569638852, 1, 11, 18, 11, 0, 0.50%, 0, 0, 5, 47.56
1569638867, 1, 11, 19, 12, 0, 0.50%, 0, 0, 5, 47.56
1569638883, 1, 11, 20, 13, 0, 0.50%, 0, 0, 5, 47.40
1569638898, 1, 15, 20, 12, 0, 0.50%, 0, 0, 5, 47.36
1569638903, 1, 18, 20, 12, 0, 0.50%, 0, 0, 5, 47.84
1569638913, 1, 18, 21, 13, 0, 0.51%, 0, 0, 5, 47.64
1569638918, 1, 18, 22, 14, 0, 0.51%, 0, 0, 5, 47.63
1569638959, 1, 18, 23, 15, 0, 0.51%, 0, 0, 5, 48.33
1569638990, 1, 18, 24, 16, 0, 0.51%, 0, 0, 5, 48.81
1569639000, 1, 18, 25, 17, 0, 0.52%, 0, 0, 5, 48.59
1569639005, 1, 18, 26, 18, 0, 0.52%, 0, 0, 5, 48.61
1569639051, 1, 18, 27, 19, 0, 0.52%, 0, 0, 5, 47.89
1569639087, 1, 18, 28, 20, 0, 0.52%, 0, 0, 5, 48.60
1569639118, 1, 18, 29, 21, 0, 0.53%, 0, 0, 5, 48.54
1569639138, 1, 18, 30, 22, 0, 0.54%, 0, 0, 5, 47.04
1569639271, 1, 25, 30, 21, 2, 0.54%, 0, 0, 5, 48.52
1569639312, 1, 25, 31, 22, 2, 0.54%, 0, 0, 6, 48.89
1569639333, 1, 25, 32, 23, 2, 0.54%, 0, 0, 6, 48.50
1569639338, 1, 25, 33, 24, 2, 0.54%, 0, 0, 6, 48.58
1569639399, 1, 25, 34, 25, 2, 0.55%, 0, 0, 6, 47.22
1569639450, 1, 25, 35, 26, 2, 0.55%, 0, 0, 6, 47.66
1569639599, 1, 25, 36, 27, 2, 0.55%, 0, 0, 6, 47.96
1569639639, 1, 32, 36, 26, 2, 0.55%, 0, 0, 6, 47.19
1569639685, 1, 34, 36, 25, 1, 0.55%, 0, 0, 6, 48.07
1569639716, 1, 34, 37, 26, 1, 0.55%, 0, 0, 7, 48.46
1569639748, 1, 34, 38, 27, 1, 0.56%, 0, 0, 7, 48.58
1569639855, 1, 36, 38, 26, 1, 0.56%, 0, 0, 7, 48.69
1569639901, 2, 1, 38, 25, 0, 0.56%, 0, 0, 7, 47.23
1569639932, 2, 3, 38, 24, 0, 0.56%, 0, 0, 7, 48.04
1569639952, 2, 3, 39, 25, 0, 0.56%, 0, 0, 7, 47.60
1569639963, 2, 12, 39, 24, 0, 0.56%, 0, 0, 7, 48.42
1569639968, 2, 16, 39, 24, 0, 0.56%, 0, 0, 7, 48.36
1569639993, 2, 16, 40, 25, 0, 0.56%, 0, 0, 7, 48.69
1569640024, 2, 16, 41, 26, 0, 0.56%, 0, 0, 7, 47.80
1569640055, 2, 25, 41, 25, 0, 0.56%, 0, 0, 7, 47.30
1569640060, 2, 26, 41, 25, 0, 0.56%, 0, 0, 7, 47.34
1569640106, 2, 30, 41, 24, 0, 0.56%, 0, 0, 7, 48.68
1569640178, 2, 30, 42, 25, 0, 0.57%, 0, 0, 7, 47.22
1569640193, 2, 30, 43, 26, 0, 0.57%, 0, 0, 7, 46.51
1569640234, 2, 30, 44, 27, 0, 0.57%, 0, 0, 7, 47.71
1569640275, 2, 30, 45, 28, 0, 0.58%, 0, 0, 7, 47.48
1569640402, 2, 32, 45, 27, 0, 0.58%, 0, 0, 7, 48.86
1569640407, 2, 33, 45, 27, 0, 0.58%, 0, 0, 7, 47.96
1569640474, 2, 33, 46, 28, 0, 0.58%, 0, 0, 7, 47.92
1569640515, 2, 33, 47, 29, 0, 0.58%, 0, 0, 7, 48.29
1569640531, 2, 33, 48, 30, 0, 0.59%, 0, 0, 7, 47.48
1569640546, 2, 33, 49, 31, 0, 0.59%, 0, 0, 7, 47.85
1569640607, 2, 33, 50, 32, 0, 0.59%, 0, 0, 7, 48.11
1569640827, 2, 46, 50, 31, 1, 0.59%, 0, 0, 7, 48.22
1569640874, 3, 12, 50, 30, 0, 0.59%, 0, 0, 7, 46.73
1569640879, 3, 17, 50, 30, 0, 0.59%, 0, 0, 7, 47.41
1569640945, 3, 19, 50, 29, 0, 0.59%, 0, 0, 7, 48.34
1569641006, 3, 21, 50, 28, 0, 0.59%, 0, 0, 7, 47.71
1569641047, 3, 21, 51, 29, 0, 0.60%, 0, 0, 7, 46.82
1569641113, 3, 25, 51, 28, 0, 0.60%, 0, 0, 7, 47.64
1569641118, 3, 32, 51, 28, 0, 0.60%, 0, 0, 7, 48.16
1569641124, 3, 36, 51, 28, 0, 0.60%, 0, 0, 7, 48.12
1569641129, 3, 37, 51, 28, 0, 0.60%, 0, 0, 7, 48.40
1569641313, 3, 37, 52, 29, 0, 0.60%, 0, 0, 8, 48.77
1569641421, 3, 39, 52, 28, 0, 0.60%, 0, 0, 8, 47.55
1569641426, 3, 39, 53, 29, 0, 0.60%, 0, 0, 8, 47.62
1569641457, 3, 39, 54, 30, 0, 0.60%, 0, 0, 8, 48.06
1569641513, 3, 42, 54, 29, 0, 0.60%, 0, 0, 8, 48.74
1569641682, 3, 45, 54, 28, 0, 0.60%, 0, 0, 8, 48.60
1569641810, 3, 46, 54, 27, 0, 0.60%, 0, 0, 8, 48.52
1569641820, 3, 50, 54, 27, 0, 0.60%, 0, 0, 8, 48.35
1569641861, 3, 53, 54, 26, 0, 0.60%, 0, 0, 8, 48.54
1569641953, 4, 5, 54, 25, 0, 0.60%, 0, 0, 8, 48.36
1569641984, 4, 7, 54, 24, 0, 0.60%, 0, 0, 8, 48.66
1569642015, 4, 12, 54, 23, 0, 0.60%, 0, 0, 8, 48.63
1569642020, 4, 13, 54, 23, 0, 0.60%, 0, 0, 8, 48.79
1569642082, 4, 20, 54, 22, 0, 0.60%, 0, 0, 8, 47.34
1569642127, 4, 20, 55, 23, 0, 0.61%, 0, 0, 8, 47.77
1569642188, 4, 25, 55, 22, 0, 0.61%, 0, 0, 8, 48.86
1569642194, 4, 27, 55, 22, 0, 0.61%, 0, 0, 8, 48.82
1569642265, 4, 32, 55, 21, 0, 0.61%, 0, 0, 8, 48.48
1569642270, 4, 36, 55, 21, 0, 0.61%, 0, 0, 8, 48.45
1569642275, 4, 46, 55, 21, 0, 0.61%, 0, 0, 8, 48.45
1569642281, 4, 47, 55, 21, 0, 0.61%, 0, 0, 8, 48.88
1569642332, 4, 47, 56, 22, 0, 0.61%, 0, 0, 8, 47.88
1569642889, 4, 47, 57, 23, 0, 0.61%, 0, 0, 8, 47.62
1569642996, 4, 47, 58, 24, 0, 0.61%, 0, 0, 8, 47.70
1569643069, 4, 51, 58, 23, 0, 0.61%, 0, 0, 8, 48.37
1569643418, 4, 55, 58, 22, 0, 0.61%, 0, 0, 8, 47.73
1569644308, 4, 56, 58, 21, 0, 0.61%, 0, 0, 8, 48.09
1569644457, 4, 56, 59, 22, 0, 0.62%, 0, 0, 9, 46.40
1569644761, 4, 56, 60, 23, 0, 0.62%, 0, 0, 9, 48.55
1569645190, 4, 59, 60, 22, 0, 0.62%, 0, 0, 9, 47.28
1569645231, 4, 59, 61, 23, 0, 0.62%, 0, 0, 10, 46.98
1569645933, 4, 59, 62, 24, 0, 0.63%, 0, 0, 10, 47.37
1569646050, 4, 59, 63, 25, 0, 0.63%, 0, 0, 10, 47.29
1569646156, 4, 59, 64, 26, 0, 0.63%, 0, 0, 10, 47.89
1569646203, 5, 24, 64, 25, 0, 0.63%, 0, 0, 10, 47.09
1569646321, 5, 25, 64, 24, 0, 0.63%, 0, 0, 10, 48.38
1569646326, 5, 31, 64, 24, 0, 0.63%, 0, 0, 10, 48.49
1569646663, 5, 32, 64, 23, 0, 0.63%, 0, 0, 10, 48.03
1569646669, 5, 34, 64, 23, 0, 0.63%, 0, 0, 10, 48.27
1569646674, 5, 35, 64, 23, 0, 0.63%, 0, 0, 10, 47.24
1569646761, 5, 36, 64, 22, 0, 0.63%, 0, 0, 10, 48.15
1569646766, 5, 38, 64, 22, 0, 0.63%, 0, 0, 10, 48.22
1569646813, 5, 43, 64, 21, 0, 0.63%, 0, 0, 10, 48.35
1569646859, 5, 46, 64, 20, 0, 0.63%, 0, 0, 10, 46.25
1569646864, 6, 2, 64, 20, 0, 0.63%, 0, 0, 10, 46.82
1569646874, 6, 12, 64, 20, 0, 0.63%, 0, 0, 10, 47.31
1569646879, 6, 22, 64, 20, 0, 0.63%, 0, 0, 10, 47.69
1569646962, 6, 25, 64, 19, 0, 0.63%, 0, 0, 10, 48.13
1569646978, 6, 32, 64, 19, 0, 0.63%, 0, 0, 10, 47.60
1569646983, 6, 35, 64, 19, 0, 0.63%, 0, 0, 10, 47.73
1569646998, 6, 36, 64, 19, 0, 0.63%, 0, 0, 10, 48.50
1569647003, 6, 38, 64, 19, 0, 0.63%, 0, 0, 10, 48.43
1569647018, 6, 40, 64, 19, 0, 0.63%, 0, 0, 10, 48.02
1569647485, 6, 40, 65, 20, 0, 0.63%, 0, 0, 10, 47.55
1569647674, 6, 41, 65, 19, 0, 0.63%, 0, 0, 10, 47.44
1569647710, 6, 41, 66, 20, 0, 0.64%, 0, 0, 10, 48.01
1569647853, 6, 41, 67, 21, 0, 0.64%, 0, 0, 10, 47.17
1569647919, 6, 46, 67, 20, 0, 0.64%, 0, 0, 10, 48.75
1569647924, 6, 47, 67, 20, 0, 0.64%, 0, 0, 10, 48.43
1569647955, 6, 48, 67, 20, 0, 0.64%, 0, 0, 10, 48.39
1569648097, 6, 60, 67, 19, 0, 0.64%, 0, 0, 10, 48.32
1569648563, 6, 60, 68, 20, 0, 0.64%, 0, 0, 11, 48.57
1569649030, 6, 60, 69, 21, 0, 0.65%, 0, 0, 11, 48.24
1569649041, 6, 68, 69, 20, 0, 0.65%, 0, 0, 11, 48.27
1569649619, 6, 68, 70, 21, 0, 0.65%, 0, 0, 12, 49.84
1569649865, 7, 10, 70, 20, 0, 0.65%, 0, 0, 12, 48.21
1569649901, 7, 12, 70, 19, 0, 0.65%, 0, 0, 12, 47.96
1569649906, 7, 13, 70, 19, 0, 0.65%, 0, 0, 12, 48.20
1569649917, 7, 20, 70, 19, 0, 0.65%, 0, 0, 12, 48.33
1569649932, 7, 22, 70, 19, 0, 0.65%, 0, 0, 12, 48.19
1569649948, 7, 25, 70, 19, 0, 0.65%, 0, 0, 12, 47.11
1569649963, 7, 32, 70, 19, 0, 0.65%, 0, 0, 12, 47.28
1569649968, 7, 36, 70, 19, 0, 0.65%, 0, 0, 12, 47.14
1569649973, 7, 46, 70, 19, 0, 0.65%, 0, 0, 12, 47.11
1569649978, 7, 55, 70, 19, 0, 0.65%, 0, 0, 12, 47.09
1569649998, 7, 57, 70, 19, 0, 0.65%, 0, 0, 12, 47.24
1569650946, 7, 62, 70, 18, 0, 0.65%, 0, 0, 12, 47.16
1569651147, 7, 65, 70, 17, 0, 0.65%, 0, 0, 12, 47.53
1569651212, 7, 65, 71, 18, 0, 0.65%, 0, 0, 12, 47.29
1569651248, 7, 65, 72, 19, 0, 0.65%, 0, 0, 12, 47.33
1569651387, 7, 65, 73, 20, 0, 0.65%, 0, 0, 12, 48.34
1569651608, 7, 66, 73, 19, 0, 0.65%, 0, 0, 12, 48.15
1569651890, 7, 67, 73, 18, 0, 0.65%, 0, 0, 12, 48.77
1569652167, 7, 67, 74, 19, 0, 0.65%, 0, 0, 12, 49.44
1569652642, 7, 67, 75, 20, 0, 0.65%, 0, 0, 12, 47.02
1569652698, 7, 67, 76, 21, 0, 0.66%, 0, 0, 12, 46.91
1569652969, 7, 70, 76, 20, 0, 0.66%, 0, 0, 12, 46.97
1569653020, 7, 70, 77, 21, 0, 0.66%, 0, 0, 12, 47.88
1569653299, 8, 12, 77, 20, 0, 0.66%, 0, 0, 12, 47.27
1569653309, 8, 25, 77, 20, 0, 0.66%, 0, 0, 12, 47.92
1569653324, 8, 29, 77, 20, 0, 0.66%, 0, 0, 12, 47.93
1569653329, 8, 29, 78, 21, 0, 0.66%, 0, 0, 12, 47.94
1569653457, 8, 32, 78, 20, 0, 0.66%, 0, 0, 12, 48.30
1569653462, 8, 36, 78, 20, 0, 0.66%, 0, 0, 12, 46.80
1569653468, 8, 46, 78, 20, 0, 0.66%, 0, 0, 12, 47.25
1569653473, 8, 54, 78, 20, 0, 0.66%, 0, 0, 12, 48.33
1569653622, 8, 54, 79, 21, 0, 0.67%, 0, 0, 12, 47.02
1569653632, 8, 63, 79, 20, 0, 0.67%, 0, 0, 12, 47.39
1569654619, 8, 71, 79, 19, 0, 0.67%, 0, 0, 12, 48.06
1569654955, 8, 76, 79, 18, 0, 0.67%, 0, 0, 12, 47.65
1569655140, 8, 76, 80, 19, 0, 0.67%, 0, 0, 12, 47.86
1569655406, 8, 79, 80, 18, 0, 0.67%, 0, 0, 12, 48.01
1569655646, 9, 2, 80, 17, 0, 0.67%, 0, 0, 12, 47.36
1569655656, 9, 12, 80, 17, 0, 0.67%, 0, 0, 12, 47.79
1569655661, 9, 24, 80, 17, 0, 0.67%, 0, 0, 12, 47.63
1569655676, 9, 25, 80, 17, 0, 0.67%, 0, 0, 12, 47.52
1569655691, 9, 28, 80, 17, 0, 0.67%, 0, 0, 12, 47.31
1569655825, 9, 32, 80, 16, 0, 0.67%, 0, 0, 12, 48.48
1569655830, 9, 36, 80, 16, 0, 0.67%, 0, 0, 12, 48.21
1569655835, 9, 44, 80, 16, 0, 0.67%, 0, 0, 12, 48.43
1569655952, 9, 44, 81, 17, 0, 0.67%, 0, 0, 12, 47.33
1569656228, 9, 46, 81, 16, 0, 0.67%, 0, 0, 12, 47.93
1569656233, 9, 61, 81, 16, 0, 0.67%, 0, 0, 12, 47.15
1569656371, 9, 61, 82, 17, 0, 0.67%, 0, 0, 12, 48.66
1569656433, 9, 61, 83, 18, 0, 0.68%, 0, 0, 12, 47.54
1569656622, 9, 61, 84, 19, 0, 0.68%, 0, 0, 12, 46.64
1569656897, 9, 61, 85, 20, 0, 0.68%, 0, 0, 12, 47.40
1569656907, 9, 61, 86, 21, 0, 0.69%, 0, 0, 12, 47.46
1569657194, 9, 63, 86, 20, 0, 0.69%, 0, 0, 12, 47.41
1569657214, 9, 74, 86, 20, 0, 0.69%, 0, 0, 12, 46.11
1569658172, 9, 75, 86, 19, 0, 0.69%, 0, 0, 12, 47.99
1569658441, 9, 75, 87, 20, 0, 0.69%, 0, 0, 13, 46.83
1569658462, 9, 84, 87, 19, 0, 0.69%, 0, 0, 13, 46.67
1569659011, 9, 84, 88, 20, 0, 0.69%, 0, 0, 13, 47.09
1569659422, 10, 12, 88, 19, 0, 0.69%, 0, 0, 13, 47.40
1569659427, 10, 23, 88, 19, 0, 0.69%, 0, 0, 13, 47.70
1569659442, 10, 23, 89, 20, 0, 0.69%, 0, 0, 13, 47.41
1569659549, 10, 25, 89, 19, 0, 0.69%, 0, 0, 13, 47.81
1569659564, 10, 32, 89, 19, 0, 0.69%, 0, 0, 13, 48.05
1569659569, 10, 36, 89, 19, 0, 0.69%, 0, 0, 13, 48.05
1569659574, 10, 46, 89, 19, 0, 0.69%, 0, 0, 13, 47.84
1569659579, 10, 47, 89, 19, 0, 0.69%, 0, 0, 13, 47.83
1569659594, 10, 49, 89, 19, 0, 0.69%, 0, 0, 13, 47.90
1569659691, 10, 59, 89, 18, 0, 0.69%, 0, 0, 13, 47.75
1569659711, 10, 65, 89, 18, 0, 0.69%, 0, 0, 13, 47.57
1569659756, 10, 72, 89, 18, 0, 0.69%, 0, 0, 13, 47.24
1569660077, 10, 72, 90, 19, 0, 0.70%, 0, 0, 13, 47.29
1569660092, 10, 77, 90, 18, 0, 0.70%, 0, 0, 13, 47.72
1569660148, 10, 77, 91, 19, 0, 0.70%, 0, 0, 13, 47.78
1569660290, 10, 80, 91, 18, 0, 0.70%, 0, 0, 13, 47.06
1569660662, 10, 80, 92, 19, 0, 0.70%, 0, 0, 13, 47.15
1569660942, 10, 90, 92, 18, 0, 0.70%, 0, 0, 13, 46.80
1569661139, 10, 91, 92, 17, 0, 0.70%, 0, 0, 13, 48.15
1569661282, 10, 91, 93, 18, 0, 0.70%, 0, 0, 13, 47.16
1569661337, 10, 91, 94, 19, 0, 0.70%, 0, 0, 13, 47.87
1569661541, 10, 91, 95, 20, 0, 0.71%, 0, 0, 13, 47.31
1569661827, 11, 6, 95, 19, 0, 0.71%, 0, 0, 13, 47.90
1569661837, 11, 12, 95, 19, 0, 0.71%, 0, 0, 13, 47.98
1569661847, 11, 15, 95, 19, 0, 0.71%, 0, 0, 13, 48.00
1569661858, 11, 25, 95, 19, 0, 0.71%, 0, 0, 13, 47.89
1569661873, 11, 32, 95, 19, 0, 0.71%, 0, 0, 13, 47.67
1569661878, 11, 36, 95, 19, 0, 0.71%, 0, 0, 13, 47.05
1569661883, 11, 40, 95, 19, 0, 0.71%, 0, 0, 13, 46.90
1569661919, 11, 46, 95, 19, 0, 0.71%, 0, 0, 13, 46.89
1569661924, 11, 49, 95, 19, 0, 0.71%, 0, 0, 13, 46.85
1569661950, 11, 50, 95, 19, 0, 0.71%, 0, 0, 13, 46.81
1569661960, 11, 52, 95, 19, 0, 0.71%, 0, 0, 13, 46.64
1569662072, 11, 73, 95, 18, 0, 0.71%, 0, 0, 13, 47.12
1569662570, 11, 73, 96, 19, 0, 0.71%, 0, 0, 13, 47.88
1569663029, 12, 8, 96, 18, 0, 0.71%, 0, 0, 13, 47.83
1569663065, 12, 12, 96, 17, 0, 0.71%, 0, 0, 13, 47.71
1569663075, 12, 24, 96, 17, 0, 0.71%, 0, 0, 13, 47.59
1569663090, 12, 25, 96, 17, 0, 0.71%, 0, 0, 13, 47.72
1569663105, 12, 32, 96, 17, 0, 0.71%, 0, 0, 13, 47.32
1569663110, 12, 36, 96, 17, 0, 0.71%, 0, 0, 13, 47.02
1569663115, 12, 42, 96, 17, 0, 0.71%, 0, 0, 13, 46.49
1569663146, 12, 46, 96, 17, 0, 0.71%, 0, 0, 13, 47.88
1569663151, 12, 67, 96, 17, 0, 0.71%, 0, 0, 13, 47.90
1569663176, 12, 67, 97, 18, 0, 0.71%, 0, 0, 13, 46.70
1569663197, 12, 81, 97, 18, 0, 0.71%, 0, 0, 13, 46.76
1569663609, 12, 81, 98, 19, 0, 0.72%, 0, 0, 13, 48.01
1569664158, 12, 94, 98, 18, 0, 0.72%, 0, 0, 13, 46.98
1569664498, 13, 12, 98, 17, 0, 0.72%, 0, 0, 13, 48.19
1569664503, 13, 25, 98, 17, 0, 0.72%, 0, 0, 13, 47.90
1569664518, 13, 32, 98, 17, 0, 0.72%, 0, 0, 13, 47.02
1569664524, 13, 36, 98, 17, 0, 0.72%, 0, 0, 13, 46.86
1569664529, 13, 46, 98, 17, 0, 0.72%, 0, 0, 13, 46.97
1569664539, 13, 69, 98, 17, 0, 0.72%, 0, 0, 13, 47.33
1569665369, 13, 87, 98, 16, 0, 0.72%, 0, 0, 13, 46.60
1569666325, 13, 89, 98, 15, 0, 0.72%, 0, 0, 13, 47.48
1569667344, 13, 89, 99, 16, 0, 0.72%, 0, 0, 13, 47.35
1569667533, 13, 89, 100, 17, 0, 0.72%, 0, 0, 13, 46.41
1569667849, 13, 89, 101, 18, 0, 0.72%, 0, 0, 13, 46.34
1569670023, 13, 89, 102, 19, 0, 0.73%, 0, 0, 13, 46.62
1569671003, 13, 89, 103, 20, 0, 0.73%, 0, 0, 13, 47.56
1569679450, 13, 89, 104, 21, 0, 0.73%, 0, 0, 13, 48.01
1569684512, 13, 89, 105, 22, 0, 0.73%, 0, 0, 13, 47.28
1569684962, 13, 89, 106, 23, 0, 0.74%, 0, 0, 13, 47.78
1569685778, 13, 97, 106, 22, 0, 0.74%, 0, 0, 13, 48.04
1569686070, 13, 97, 107, 23, 0, 0.74%, 0, 0, 13, 48.49
1569686731, 13, 98, 107, 22, 0, 0.74%, 0, 0, 13, 48.26
1569689059, 13, 98, 108, 23, 0, 0.74%, 0, 0, 13, 47.02
1569689454, 13, 98, 109, 24, 0, 0.74%, 0, 0, 13, 48.32
1569692510, 13, 98, 110, 25, 0, 0.74%, 0, 0, 13, 47.93
1569692892, 13, 98, 111, 26, 0, 0.75%, 0, 0, 13, 47.14
1569693134, 13, 98, 112, 27, 0, 0.75%, 0, 0, 13, 48.24
1569693600, 13, 98, 113, 28, 0, 0.75%, 0, 0, 13, 48.13
1569693733, 13, 98, 114, 29, 0, 0.75%, 0, 0, 13, 48.10
1569695872, 13, 98, 115, 30, 0, 0.75%, 0, 0, 13, 47.29
1569698579, 13, 98, 116, 31, 0, 0.76%, 0, 0, 13, 48.36
1569705631, 13, 98, 117, 32, 0, 0.76%, 0, 0, 13, 51.62
1569705982, 13, 101, 117, 31, 0, 0.76%, 0, 0, 13, 51.34
1569710946, 13, 101, 118, 32, 0, 0.76%, 0, 0, 13, 50.91
1569712456, 13, 101, 119, 33, 0, 0.76%, 0, 0, 13, 51.87
1569713318, 13, 101, 120, 34, 0, 0.76%, 0, 0, 13, 51.72
1569715812, 13, 101, 121, 35, 0, 0.77%, 0, 0, 13, 50.75
1569716037, 13, 101, 122, 36, 0, 0.77%, 0, 0, 13, 51.71
1569719321, 13, 101, 123, 37, 0, 0.77%, 0, 0, 13, 51.47
1569723923, 13, 102, 123, 36, 0, 0.77%, 0, 0, 13, 51.50
1569726370, 13, 102, 124, 37, 0, 0.77%, 0, 0, 13, 49.73
1569729430, 13, 102, 125, 38, 0, 0.78%, 0, 0, 13, 52.02
1569729587, 13, 102, 126, 39, 0, 0.78%, 0, 0, 13, 51.38
1569729776, 13, 102, 127, 40, 0, 0.78%, 0, 0, 13, 51.97
1569731019, 13, 102, 128, 41, 0, 0.78%, 0, 0, 13, 51.94
1569732460, 13, 102, 129, 42, 0, 0.79%, 0, 0, 13, 51.96
1569732803, 13, 102, 130, 43, 0, 0.79%, 0, 0, 13, 51.67
1569735975, 13, 102, 131, 44, 0, 0.79%, 0, 0, 13, 49.53
1569736067, 13, 102, 132, 45, 0, 0.80%, 0, 0, 13, 49.30
1569737385, 13, 102, 133, 46, 0, 0.80%, 0, 0, 13, 49.69
1569738083, 13, 102, 134, 47, 0, 0.80%, 0, 0, 13, 49.33
1569738644, 13, 102, 135, 48, 0, 0.80%, 0, 0, 13, 48.48
1569740356, 13, 102, 136, 49, 0, 0.81%, 0, 0, 13, 48.94
1569740606, 13, 102, 137, 50, 0, 0.81%, 0, 0, 13, 49.26
1569742038, 13, 102, 138, 51, 0, 0.81%, 0, 0, 13, 49.71
1569742318, 13, 133, 138, 50, 1, 0.81%, 0, 0, 13, 49.41
1569742645, 13, 133, 139, 51, 1, 0.82%, 0, 0, 13, 49.63
1569743043, 13, 133, 140, 52, 1, 0.82%, 0, 0, 13, 48.26
1569743156, 13, 133, 141, 53, 1, 0.82%, 0, 0, 13, 49.74
1569743313, 13, 133, 142, 54, 1, 0.82%, 0, 0, 13, 48.73
