# unix_time, cycles_done, cur_path, paths_total, pending_total, pending_favs, map_size, unique_crashes, unique_hangs, max_depth, execs_per_sec
1567644894, 0, 0, 4, 4, 1, 1.84%, 0, 0, 1, 193.94
1567644899, 0, 3, 5, 5, 1, 1.85%, 0, 0, 2, 195.52
1567644904, 0, 3, 6, 6, 1, 1.85%, 0, 0, 2, 196.15
1567644909, 0, 3, 7, 7, 1, 1.85%, 0, 0, 2, 198.85
1567644914, 0, 3, 8, 8, 1, 1.85%, 0, 0, 2, 199.10
1567644924, 0, 3, 9, 9, 1, 1.86%, 0, 0, 2, 198.97
1567644929, 0, 3, 11, 11, 1, 1.86%, 0, 0, 2, 198.91
1567644934, 0, 3, 12, 12, 1, 1.86%, 0, 0, 2, 197.89
1567644939, 0, 3, 13, 13, 1, 1.87%, 0, 0, 2, 199.28
1567644949, 0, 3, 14, 14, 1, 1.87%, 0, 0, 2, 199.34
1567645000, 0, 3, 16, 16, 1, 1.88%, 0, 0, 2, 194.95
1567645071, 0, 4, 16, 15, 2, 1.88%, 0, 0, 2, 196.92
1567645081, 0, 4, 17, 16, 2, 1.88%, 0, 0, 3, 195.56
1567645086, 0, 11, 17, 15, 1, 1.88%, 0, 0, 3, 195.69
1567645092, 0, 12, 17, 14, 0, 1.88%, 0, 0, 3, 196.07
1567645097, 1, 6, 18, 14, 0, 1.89%, 0, 0, 3, 195.24
1567645112, 1, 15, 18, 13, 0, 1.89%, 0, 0, 3, 198.92
1567645132, 2, 7, 18, 12, 0, 1.89%, 0, 0, 3, 198.03
1567645142, 2, 9, 18, 11, 0, 1.89%, 0, 0, 3, 198.98
1567645152, 2, 17, 18, 10, 0, 1.89%, 0, 0, 3, 198.84
1567645172, 3, 0, 18, 9, 0, 1.89%, 0, 0, 3, 197.88
1567645183, 3, 1, 18, 8, 0, 1.89%, 0, 0, 3, 192.81
1567645198, 3, 5, 18, 7, 0, 1.89%, 0, 0, 3, 195.99
1567645213, 3, 10, 18, 6, 0, 1.89%, 0, 0, 3, 200.09
1567645219, 3, 13, 18, 5, 0, 1.89%, 0, 0, 3, 200.55
1567645234, 4, 4, 18, 4, 0, 1.89%, 0, 0, 3, 195.53
1567645239, 4, 14, 18, 4, 0, 1.89%, 0, 0, 3, 200.17
1567645249, 5, 2, 18, 3, 0, 1.89%, 0, 0, 3, 198.87
1567645259, 5, 4, 18, 2, 0, 1.89%, 0, 0, 3, 195.51
1567645265, 5, 8, 18, 2, 0, 1.89%, 0, 0, 3, 197.94
1567645280, 5, 9, 18, 1, 0, 1.89%, 0, 0, 3, 198.68
1567645285, 6, 1, 18, 1, 0, 1.89%, 0, 0, 3, 198.69
1567645290, 6, 11, 18, 1, 0, 1.89%, 0, 0, 3, 195.98
1567645295, 6, 16, 18, 1, 0, 1.89%, 0, 0, 3, 196.63
1567645310, 7, 11, 18, 0, 0, 1.89%, 0, 0, 3, 202.47
1567645315, 8, 5, 18, 0, 0, 1.89%, 0, 0, 3, 195.27
1567645321, 9, 4, 18, 0, 0, 1.89%, 0, 0, 3, 194.30
1567645326, 10, 11, 18, 0, 0, 1.89%, 0, 0, 3, 194.58
1567645331, 11, 4, 18, 0, 0, 1.89%, 0, 0, 3, 196.00
1567645336, 12, 3, 18, 0, 0, 1.89%, 0, 0, 3, 197.01
1567645341, 12, 9, 18, 0, 0, 1.89%, 0, 0, 3, 192.59
1567645346, 13, 4, 18, 0, 0, 1.89%, 0, 0, 3, 196.75
1567645352, 13, 10, 18, 0, 0, 1.89%, 0, 0, 3, 197.39
1567645357, 14, 4, 18, 0, 0, 1.89%, 0, 0, 3, 196.38
1567645362, 14, 13, 18, 0, 0, 1.89%, 0, 0, 3, 192.75
1567645367, 15, 4, 18, 0, 0, 1.89%, 0, 0, 3, 195.63
1567645372, 16, 4, 18, 0, 0, 1.89%, 0, 0, 3, 199.58
1567645377, 16, 14, 18, 0, 0, 1.89%, 0, 0, 3, 201.58
1567645382, 17, 4, 18, 0, 0, 1.89%, 0, 0, 3, 201.84
1567645387, 17, 13, 18, 0, 0, 1.89%, 0, 0, 3, 200.55
1567645393, 18, 4, 18, 0, 0, 1.89%, 0, 0, 3, 201.30
1567645398, 19, 4, 18, 0, 0, 1.89%, 0, 0, 3, 197.14
1567645403, 20, 4, 18, 0, 0, 1.89%, 0, 0, 3, 192.67
1567645408, 21, 4, 18, 0, 0, 1.89%, 0, 0, 3, 195.40
1567645413, 21, 14, 18, 0, 0, 1.89%, 0, 0, 3, 197.59
1567645418, 23, 4, 18, 0, 0, 1.89%, 0, 0, 3, 196.80
1567645423, 24, 4, 18, 0, 0, 1.89%, 0, 0, 3, 201.04
1567645428, 25, 4, 18, 0, 0, 1.89%, 0, 0, 3, 202.34
1567645434, 26, 4, 18, 0, 0, 1.89%, 0, 0, 3, 201.80
1567645439, 27, 4, 18, 0, 0, 1.89%, 0, 0, 3, 200.66
1567645444, 27, 11, 18, 0, 0, 1.89%, 0, 0, 3, 200.26
1567645449, 28, 11, 18, 0, 0, 1.89%, 0, 0, 3, 199.77
1567645454, 28, 16, 18, 0, 0, 1.89%, 0, 0, 3, 199.78
1567645459, 29, 4, 18, 0, 0, 1.89%, 0, 0, 3, 201.72
1567645464, 30, 4, 18, 0, 0, 1.89%, 0, 0, 3, 201.52
1567645469, 30, 11, 18, 0, 0, 1.89%, 0, 0, 3, 202.01
1567645475, 31, 4, 18, 0, 0, 1.89%, 0, 0, 3, 202.42
1567645480, 31, 14, 18, 0, 0, 1.89%, 0, 0, 3, 201.55
1567645485, 32, 11, 18, 0, 0, 1.89%, 0, 0, 3, 200.75
1567645490, 33, 16, 18, 0, 0, 1.89%, 0, 0, 3, 201.14
1567645495, 34, 4, 18, 0, 0, 1.89%, 0, 0, 3, 199.90
1567645500, 35, 4, 18, 0, 0, 1.89%, 0, 0, 3, 200.46
1567645505, 35, 15, 18, 0, 0, 1.89%, 0, 0, 3, 197.68
1567645511, 36, 2, 18, 0, 0, 1.89%, 0, 0, 3, 195.88
1567645516, 36, 4, 18, 0, 0, 1.89%, 0, 0, 3, 196.60
1567645521, 37, 4, 18, 0, 0, 1.89%, 0, 0, 3, 196.74
1567645526, 38, 11, 18, 0, 0, 1.89%, 0, 0, 3, 195.44
1567645531, 39, 4, 18, 0, 0, 1.89%, 0, 0, 3, 195.60
1567645536, 39, 16, 18, 0, 0, 1.89%, 0, 0, 3, 195.00
1567645541, 40, 0, 19, 1, 0, 1.89%, 0, 0, 3, 194.91
1567645546, 40, 11, 19, 1, 0, 1.89%, 0, 0, 3, 196.89
1567645551, 40, 18, 19, 1, 0, 1.89%, 0, 0, 3, 196.86
1567645587, 41, 11, 19, 0, 0, 1.89%, 0, 0, 3, 196.71
1567645592, 42, 11, 19, 0, 0, 1.89%, 0, 0, 3, 197.15
1567645597, 43, 15, 19, 0, 0, 1.89%, 0, 0, 3, 196.34
1567645602, 44, 2, 19, 0, 0, 1.89%, 0, 0, 3, 197.68
1567645607, 45, 4, 19, 0, 0, 1.89%, 0, 0, 3, 195.13
1567645612, 46, 4, 19, 0, 0, 1.89%, 0, 0, 3, 194.26
1567645617, 47, 4, 19, 0, 0, 1.89%, 0, 0, 3, 195.95
1567645622, 48, 4, 19, 0, 0, 1.89%, 0, 0, 3, 193.79
1567645628, 48, 8, 19, 0, 0, 1.89%, 0, 0, 3, 194.12
1567645633, 49, 11, 19, 0, 0, 1.89%, 0, 0, 3, 194.76
1567645638, 49, 18, 19, 0, 0, 1.89%, 0, 0, 3, 194.98
1567645648, 50, 4, 19, 0, 0, 1.89%, 0, 0, 3, 196.08
1567645653, 51, 4, 19, 0, 0, 1.89%, 0, 0, 3, 199.04
1567645659, 51, 15, 20, 1, 0, 1.89%, 0, 0, 3, 197.54
1567645664, 52, 4, 20, 1, 0, 1.89%, 0, 0, 3, 196.25
1567645669, 52, 18, 20, 1, 0, 1.89%, 0, 0, 3, 197.12
1567645684, 53, 11, 20, 1, 0, 1.89%, 0, 0, 3, 193.67
1567645689, 53, 18, 20, 1, 0, 1.89%, 0, 0, 3, 189.60
1567645705, 53, 19, 20, 1, 0, 1.89%, 0, 0, 3, 194.17
1567645710, 53, 19, 21, 2, 0, 1.89%, 0, 0, 4, 196.81
1567645715, 53, 19, 22, 3, 0, 1.89%, 0, 0, 4, 197.85
1567645786, 53, 21, 22, 2, 0, 1.89%, 0, 0, 4, 200.45
1567645796, 53, 21, 23, 3, 0, 1.90%, 0, 0, 5, 196.65
1567645811, 53, 21, 24, 4, 0, 1.90%, 0, 0, 5, 194.67
1567645949, 53, 21, 25, 5, 0, 1.90%, 0, 0, 5, 191.99
1567645959, 53, 21, 26, 6, 0, 1.90%, 0, 0, 5, 188.34
1567646056, 53, 21, 27, 7, 0, 1.91%, 0, 0, 5, 183.35
1567646219, 53, 21, 28, 8, 0, 1.91%, 0, 0, 5, 128.89
1567646255, 53, 21, 29, 9, 0, 1.91%, 0, 0, 5, 121.61
1567646286, 53, 21, 30, 10, 0, 1.91%, 0, 0, 5, 128.20
1567646332, 53, 21, 31, 11, 0, 1.91%, 0, 0, 5, 130.15
1567646756, 53, 21, 32, 12, 0, 1.92%, 0, 0, 5, 126.44
1567646817, 53, 21, 33, 13, 0, 1.92%, 0, 0, 5, 128.71
1567646985, 53, 21, 34, 14, 0, 1.92%, 0, 0, 5, 123.62
1567647066, 53, 21, 35, 15, 0, 1.93%, 0, 0, 5, 128.08
1567647153, 53, 21, 36, 16, 0, 1.93%, 0, 0, 5, 131.14
1567647250, 53, 21, 37, 17, 0, 1.93%, 0, 0, 5, 124.67
1567647492, 53, 21, 38, 18, 0, 1.93%, 0, 0, 5, 127.02
1567647604, 53, 21, 39, 19, 0, 1.93%, 0, 0, 5, 126.76
1567648068, 53, 21, 40, 20, 0, 1.93%, 0, 0, 5, 125.35
1567648340, 53, 21, 41, 21, 0, 1.94%, 0, 0, 5, 129.26
1567648442, 53, 21, 42, 22, 0, 1.94%, 0, 0, 5, 128.84
1567648549, 53, 21, 43, 23, 0, 1.94%, 0, 0, 5, 127.82
1567649842, 53, 21, 44, 24, 0, 1.94%, 0, 0, 5, 125.57
1567649938, 53, 21, 45, 25, 0, 1.94%, 0, 0, 5, 131.22
1567649979, 53, 21, 46, 26, 0, 1.95%, 0, 0, 5, 126.75
1567650219, 53, 21, 47, 27, 0, 1.95%, 0, 0, 5, 125.53
1567651087, 53, 21, 48, 28, 0, 1.95%, 0, 0, 5, 131.04
1567651453, 53, 21, 49, 29, 0, 1.95%, 0, 0, 5, 132.22
1567651652, 53, 21, 50, 30, 0, 1.95%, 0, 0, 5, 128.96
1567652209, 53, 21, 51, 31, 0, 1.96%, 0, 0, 5, 127.82
1567653203, 53, 21, 52, 32, 0, 1.96%, 0, 0, 5, 127.79
1567653556, 53, 21, 53, 33, 0, 1.96%, 0, 0, 5, 128.83
1567654020, 53, 21, 54, 34, 0, 1.96%, 0, 0, 5, 126.58
1567654076, 53, 21, 55, 35, 0, 1.96%, 0, 0, 5, 130.63
1567654547, 53, 21, 56, 36, 0, 1.96%, 0, 0, 5, 131.58
1567654740, 53, 21, 57, 37, 0, 1.96%, 0, 0, 5, 128.30
1567654822, 53, 21, 58, 38, 0, 1.96%, 0, 0, 5, 130.92
1567655609, 53, 21, 59, 39, 0, 1.97%, 0, 0, 5, 129.50
