# unix_time, cycles_done, cur_path, paths_total, pending_total, pending_favs, map_size, unique_crashes, unique_hangs, max_depth, execs_per_sec
1567667725, 0, 0, 1, 1, 1, 1.84%, 0, 0, 1, 65.79
1567667731, 0, 0, 5, 5, 1, 1.86%, 0, 0, 2, 70.08
1567667736, 0, 0, 6, 6, 1, 1.86%, 0, 0, 2, 72.17
1567667741, 0, 0, 7, 7, 1, 1.86%, 0, 0, 2, 71.97
1567667746, 0, 0, 8, 8, 1, 1.87%, 0, 0, 2, 70.39
1567667751, 0, 0, 9, 9, 1, 1.87%, 0, 0, 2, 71.82
1567667762, 0, 0, 11, 11, 1, 1.87%, 0, 0, 2, 72.28
1567667767, 0, 0, 13, 13, 1, 1.88%, 0, 0, 2, 71.97
1567667772, 0, 0, 14, 14, 1, 1.89%, 0, 0, 2, 76.22
1567667777, 0, 0, 15, 15, 1, 1.90%, 0, 0, 2, 76.61
1567667782, 0, 0, 16, 16, 1, 1.90%, 0, 0, 2, 77.42
1567667803, 0, 0, 17, 17, 1, 1.90%, 0, 0, 2, 77.24
1567667849, 0, 0, 18, 18, 1, 1.90%, 0, 0, 2, 74.67
1567667890, 0, 0, 19, 19, 1, 1.91%, 0, 0, 2, 76.43
1567667916, 0, 0, 20, 20, 1, 1.91%, 0, 0, 2, 77.21
1567667967, 0, 3, 20, 19, 5, 1.91%, 0, 0, 2, 75.32
1567667988, 0, 8, 20, 18, 4, 1.91%, 0, 0, 2, 73.49
1567667998, 0, 13, 20, 17, 3, 1.91%, 0, 0, 2, 74.86
1567668003, 0, 13, 21, 18, 3, 1.91%, 0, 0, 3, 73.57
1567668013, 0, 14, 21, 17, 3, 1.91%, 0, 0, 3, 74.85
1567668024, 0, 17, 21, 16, 2, 1.91%, 0, 0, 3, 74.80
1567668039, 0, 20, 21, 15, 1, 1.91%, 0, 0, 3, 74.38
1567668049, 1, 21, 22, 15, 1, 1.91%, 0, 0, 3, 75.55
1567668080, 2, 1, 22, 14, 0, 1.91%, 0, 0, 3, 74.24
1567668096, 2, 1, 23, 15, 0, 1.91%, 0, 0, 3, 74.73
1567668106, 2, 22, 23, 14, 1, 1.91%, 0, 0, 3, 72.73
1567668132, 3, 8, 23, 13, 0, 1.91%, 0, 0, 3, 73.68
1567668137, 3, 11, 23, 13, 0, 1.91%, 0, 0, 3, 74.97
1567668142, 3, 12, 23, 12, 0, 1.91%, 0, 0, 3, 73.94
1567668158, 3, 17, 23, 11, 0, 1.91%, 0, 0, 3, 71.84
1567668163, 3, 19, 23, 11, 0, 1.91%, 0, 0, 3, 71.59
1567668251, 3, 20, 23, 10, 0, 1.91%, 0, 0, 3, 71.53
1567668256, 3, 22, 23, 10, 0, 1.91%, 0, 0, 3, 71.58
1567668261, 4, 10, 23, 10, 0, 1.91%, 0, 0, 3, 71.42
1567668282, 4, 16, 23, 9, 0, 1.91%, 0, 0, 3, 74.62
1567668292, 4, 16, 24, 10, 0, 1.91%, 0, 0, 3, 72.49
1567668297, 4, 17, 24, 9, 0, 1.91%, 0, 0, 3, 73.97
1567668302, 4, 18, 24, 9, 0, 1.91%, 0, 0, 3, 73.49
1567668318, 4, 21, 24, 8, 0, 1.91%, 0, 0, 3, 72.74
1567668323, 4, 22, 24, 8, 0, 1.91%, 0, 0, 3, 72.27
1567668328, 5, 2, 24, 8, 0, 1.91%, 0, 0, 3, 72.29
1567668348, 5, 13, 24, 7, 0, 1.91%, 0, 0, 3, 74.17
1567668354, 5, 17, 24, 7, 0, 1.91%, 0, 0, 3, 72.84
1567668359, 5, 21, 24, 7, 0, 1.91%, 0, 0, 3, 73.71
1567668364, 5, 22, 24, 7, 0, 1.91%, 0, 0, 3, 72.96
1567668369, 6, 4, 24, 7, 0, 1.91%, 0, 0, 3, 74.57
1567668390, 6, 5, 24, 6, 0, 1.91%, 0, 0, 3, 75.60
1567668410, 6, 13, 24, 5, 0, 1.91%, 0, 0, 3, 77.10
1567668416, 6, 15, 24, 5, 0, 1.91%, 0, 0, 3, 74.20
1567668498, 6, 17, 24, 4, 0, 1.91%, 0, 0, 3, 73.26
1567668503, 6, 21, 24, 4, 0, 1.91%, 0, 0, 3, 75.60
1567668508, 6, 22, 24, 4, 0, 1.91%, 0, 0, 3, 76.47
1567668513, 6, 23, 25, 5, 0, 1.92%, 0, 0, 4, 75.97
1567668544, 7, 6, 25, 4, 0, 1.92%, 0, 0, 4, 76.25
1567668565, 7, 13, 25, 3, 0, 1.92%, 0, 0, 4, 76.05
1567668570, 7, 17, 25, 3, 0, 1.92%, 0, 0, 4, 76.00
1567668575, 7, 21, 25, 3, 0, 1.92%, 0, 0, 4, 75.59
1567668580, 7, 22, 25, 3, 0, 1.92%, 0, 0, 4, 73.21
1567668585, 8, 8, 25, 3, 0, 1.92%, 0, 0, 4, 71.79
1567668590, 8, 14, 25, 3, 0, 1.92%, 0, 0, 4, 72.46
1567668595, 8, 17, 25, 3, 0, 1.92%, 0, 0, 4, 71.14
1567668601, 8, 21, 25, 3, 0, 1.92%, 0, 0, 4, 71.37
1567668606, 8, 22, 25, 3, 0, 1.92%, 0, 0, 4, 71.99
1567668611, 9, 8, 25, 3, 0, 1.92%, 0, 0, 4, 73.43
1567668616, 9, 15, 25, 3, 0, 1.92%, 0, 0, 4, 74.36
1567668621, 9, 17, 25, 3, 0, 1.92%, 0, 0, 4, 74.03
1567668626, 9, 21, 25, 3, 0, 1.92%, 0, 0, 4, 75.24
1567668632, 9, 22, 25, 3, 0, 1.92%, 0, 0, 4, 75.06
1567668637, 10, 14, 25, 3, 0, 1.92%, 0, 0, 4, 75.05
1567668642, 10, 17, 25, 3, 0, 1.92%, 0, 0, 4, 73.14
1567668647, 10, 21, 25, 3, 0, 1.92%, 0, 0, 4, 76.06
1567668652, 10, 22, 25, 3, 0, 1.92%, 0, 0, 4, 76.49
1567668657, 11, 8, 25, 3, 0, 1.92%, 0, 0, 4, 76.89
1567668663, 11, 17, 25, 3, 0, 1.92%, 0, 0, 4, 77.13
1567668668, 11, 18, 25, 3, 0, 1.92%, 0, 0, 4, 74.09
1567668673, 11, 21, 25, 3, 0, 1.92%, 0, 0, 4, 75.43
1567668678, 12, 7, 25, 3, 0, 1.92%, 0, 0, 4, 76.73
1567668699, 12, 14, 25, 2, 0, 1.92%, 0, 0, 4, 73.57
1567668704, 12, 17, 25, 2, 0, 1.92%, 0, 0, 4, 71.71
1567668709, 12, 20, 25, 2, 0, 1.92%, 0, 0, 4, 72.18
1567668714, 12, 22, 25, 2, 0, 1.92%, 0, 0, 4, 71.41
1567668719, 13, 8, 25, 2, 0, 1.92%, 0, 0, 4, 73.28
1567668725, 13, 9, 25, 2, 0, 1.92%, 0, 0, 4, 73.32
1567668730, 13, 13, 25, 1, 0, 1.92%, 0, 0, 4, 72.49
1567668735, 13, 17, 25, 1, 0, 1.92%, 0, 0, 4, 73.81
1567668740, 13, 21, 25, 1, 0, 1.92%, 0, 0, 4, 73.98
1567668745, 13, 22, 25, 1, 0, 1.92%, 0, 0, 4, 73.96
1567668750, 14, 6, 25, 1, 0, 1.92%, 0, 0, 4, 74.02
1567668755, 14, 14, 25, 1, 0, 1.92%, 0, 0, 4, 75.90
1567668761, 14, 20, 25, 1, 0, 1.92%, 0, 0, 4, 76.81
1567668766, 14, 21, 25, 1, 0, 1.92%, 0, 0, 4, 77.70
1567668771, 15, 8, 25, 1, 0, 1.92%, 0, 0, 4, 76.08
1567668776, 15, 17, 25, 1, 0, 1.92%, 0, 0, 4, 70.25
1567668781, 15, 19, 25, 1, 0, 1.92%, 0, 0, 4, 69.40
1567668786, 15, 21, 25, 1, 0, 1.92%, 0, 0, 4, 74.09
1567668792, 15, 22, 25, 1, 0, 1.92%, 0, 0, 4, 75.48
1567668797, 16, 14, 25, 1, 0, 1.92%, 0, 0, 4, 74.68
1567668802, 16, 20, 25, 1, 0, 1.92%, 0, 0, 4, 75.53
1567668807, 16, 22, 25, 1, 0, 1.92%, 0, 0, 4, 75.31
1567668812, 17, 0, 25, 1, 0, 1.92%, 0, 0, 4, 74.85
1567668817, 17, 14, 25, 1, 0, 1.92%, 0, 0, 4, 74.77
1567668823, 17, 17, 25, 1, 0, 1.92%, 0, 0, 4, 74.93
1567668828, 17, 21, 25, 1, 0, 1.92%, 0, 0, 4, 75.56
1567668833, 17, 22, 25, 1, 0, 1.92%, 0, 0, 4, 75.20
1567668838, 18, 11, 25, 1, 0, 1.92%, 0, 0, 4, 75.68
1567668843, 18, 17, 25, 1, 0, 1.92%, 0, 0, 4, 75.12
1567668848, 18, 21, 25, 1, 0, 1.92%, 0, 0, 4, 74.42
1567668853, 18, 22, 25, 1, 0, 1.92%, 0, 0, 4, 73.78
1567668859, 19, 13, 25, 1, 0, 1.92%, 0, 0, 4, 76.55
1567668864, 19, 17, 26, 2, 0, 1.92%, 0, 0, 4, 76.84
1567668869, 19, 21, 26, 2, 0, 1.92%, 0, 0, 4, 77.49
1567668874, 19, 22, 26, 2, 0, 1.92%, 0, 0, 4, 76.59
1567668879, 20, 13, 26, 2, 0, 1.92%, 0, 0, 4, 75.71
1567668884, 20, 17, 26, 2, 0, 1.92%, 0, 0, 4, 75.75
1567668889, 20, 21, 26, 2, 0, 1.92%, 0, 0, 4, 75.91
1567668895, 20, 22, 26, 2, 0, 1.92%, 0, 0, 4, 75.24
1567668900, 20, 24, 26, 2, 0, 1.92%, 0, 0, 4, 76.07
1567668972, 20, 24, 27, 3, 0, 1.92%, 0, 0, 5, 75.00
1567669049, 20, 26, 27, 2, 1, 1.92%, 0, 0, 5, 73.83
1567669152, 21, 8, 27, 1, 0, 1.92%, 0, 0, 5, 70.61
1567669157, 21, 17, 27, 1, 0, 1.92%, 0, 0, 5, 73.26
1567669163, 21, 21, 27, 1, 0, 1.92%, 0, 0, 5, 73.08
1567669168, 21, 22, 27, 1, 0, 1.92%, 0, 0, 5, 73.38
1567669173, 21, 25, 27, 1, 0, 1.92%, 0, 0, 5, 74.15
1567669219, 21, 26, 27, 0, 0, 1.92%, 0, 0, 5, 70.96
1567669245, 21, 26, 28, 1, 0, 1.93%, 0, 0, 6, 73.07
1567669255, 22, 13, 28, 1, 0, 1.93%, 0, 0, 6, 71.86
1567669261, 22, 17, 28, 1, 0, 1.93%, 0, 0, 6, 70.84
1567669266, 22, 21, 28, 1, 0, 1.93%, 0, 0, 6, 71.53
1567669271, 22, 22, 28, 1, 0, 1.93%, 0, 0, 6, 71.52
1567669276, 22, 26, 28, 1, 0, 1.93%, 0, 0, 6, 70.90
1567669312, 22, 27, 28, 1, 0, 1.93%, 0, 0, 6, 63.44
1567669399, 23, 6, 28, 0, 0, 1.93%, 0, 0, 6, 71.71
1567669404, 23, 14, 28, 0, 0, 1.93%, 0, 0, 6, 71.67
1567669409, 23, 17, 28, 0, 0, 1.93%, 0, 0, 6, 71.89
1567669414, 23, 21, 28, 0, 0, 1.93%, 0, 0, 6, 71.57
1567669420, 23, 22, 28, 0, 0, 1.93%, 0, 0, 6, 71.82
1567669425, 23, 26, 28, 0, 0, 1.93%, 0, 0, 6, 71.11
1567669456, 24, 8, 28, 0, 0, 1.93%, 0, 0, 6, 74.02
1567669461, 24, 17, 28, 0, 0, 1.93%, 0, 0, 6, 73.67
1567669466, 24, 21, 28, 0, 0, 1.93%, 0, 0, 6, 73.68
1567669471, 24, 22, 28, 0, 0, 1.93%, 0, 0, 6, 74.30
1567669476, 24, 26, 28, 0, 0, 1.93%, 0, 0, 6, 74.52
1567669492, 24, 26, 29, 1, 0, 1.93%, 0, 0, 6, 62.90
1567669533, 25, 7, 29, 1, 0, 1.93%, 0, 0, 6, 62.07
1567669538, 25, 8, 29, 1, 0, 1.93%, 0, 0, 6, 61.59
1567669543, 25, 17, 29, 1, 0, 1.93%, 0, 0, 6, 61.36
1567669548, 25, 20, 29, 1, 0, 1.93%, 0, 0, 6, 61.86
1567669553, 25, 21, 29, 1, 0, 1.93%, 0, 0, 6, 61.36
1567669558, 25, 22, 29, 1, 0, 1.93%, 0, 0, 6, 67.87
1567669563, 25, 26, 29, 1, 0, 1.93%, 0, 0, 6, 74.63
1567669568, 25, 28, 29, 1, 0, 1.93%, 0, 0, 6, 75.01
1567669579, 25, 28, 30, 2, 0, 1.93%, 0, 0, 7, 73.46
1567669677, 26, 0, 30, 1, 0, 1.93%, 0, 0, 7, 75.06
1567669682, 26, 8, 30, 1, 0, 1.93%, 0, 0, 7, 74.82
1567669687, 26, 14, 30, 1, 0, 1.93%, 0, 0, 7, 76.11
1567669692, 26, 17, 30, 1, 0, 1.93%, 0, 0, 7, 76.16
1567669697, 26, 21, 30, 1, 0, 1.93%, 0, 0, 7, 76.64
1567669702, 26, 26, 30, 1, 0, 1.93%, 0, 0, 7, 76.67
1567669713, 27, 8, 30, 1, 0, 1.93%, 0, 0, 7, 71.82
1567669718, 27, 17, 30, 1, 0, 1.93%, 0, 0, 7, 71.56
1567669723, 27, 21, 31, 2, 0, 1.93%, 0, 0, 7, 74.80
1567669728, 27, 22, 31, 2, 0, 1.93%, 0, 0, 7, 76.21
1567669733, 27, 26, 31, 2, 0, 1.93%, 0, 0, 7, 76.68
1567669744, 27, 28, 31, 2, 0, 1.93%, 0, 0, 7, 76.58
1567669770, 28, 6, 31, 2, 0, 1.93%, 0, 0, 7, 73.19
1567669775, 28, 8, 31, 2, 0, 1.93%, 0, 0, 7, 72.95
1567669780, 28, 17, 31, 2, 0, 1.93%, 0, 0, 7, 72.75
1567669785, 28, 17, 32, 3, 0, 1.93%, 0, 0, 7, 72.85
1567669790, 28, 21, 32, 3, 0, 1.93%, 0, 0, 7, 74.14
1567669796, 28, 26, 32, 3, 0, 1.93%, 0, 0, 7, 74.01
1567669806, 29, 13, 32, 3, 0, 1.93%, 0, 0, 7, 73.82
1567669811, 29, 15, 32, 3, 0, 1.93%, 0, 0, 7, 72.89
1567669816, 29, 17, 32, 3, 0, 1.93%, 0, 0, 7, 74.90
1567669821, 29, 21, 32, 3, 0, 1.93%, 0, 0, 7, 75.76
1567669827, 29, 22, 32, 3, 0, 1.93%, 0, 0, 7, 75.99
1567669832, 29, 26, 32, 3, 0, 1.93%, 0, 0, 7, 75.90
1567669837, 29, 29, 32, 3, 0, 1.93%, 0, 0, 7, 76.32
1567669842, 29, 29, 33, 4, 0, 1.93%, 0, 0, 8, 76.05
1567669935, 30, 8, 33, 3, 0, 1.93%, 0, 0, 8, 75.62
1567669940, 30, 17, 33, 3, 0, 1.93%, 0, 0, 8, 76.08
1567669945, 30, 20, 33, 3, 0, 1.93%, 0, 0, 8, 75.16
1567669950, 30, 22, 33, 3, 0, 1.93%, 0, 0, 8, 76.10
1567669956, 30, 26, 33, 3, 0, 1.93%, 0, 0, 8, 75.20
1567669966, 31, 2, 33, 3, 0, 1.93%, 0, 0, 8, 72.31
1567669971, 31, 14, 33, 3, 0, 1.93%, 0, 0, 8, 72.66
1567669976, 31, 20, 33, 3, 0, 1.93%, 0, 0, 8, 72.13
1567669981, 31, 21, 33, 3, 0, 1.93%, 0, 0, 8, 73.11
1567669987, 31, 26, 33, 3, 0, 1.93%, 0, 0, 8, 73.33
1567669997, 31, 27, 33, 3, 0, 1.93%, 0, 0, 8, 74.36
1567670033, 32, 1, 33, 3, 0, 1.93%, 0, 0, 8, 74.33
1567670038, 32, 13, 33, 3, 0, 1.93%, 0, 0, 8, 74.30
1567670043, 32, 17, 33, 3, 0, 1.93%, 0, 0, 8, 74.58
1567670048, 32, 21, 33, 3, 0, 1.93%, 0, 0, 8, 74.64
1567670053, 32, 22, 33, 3, 0, 1.93%, 0, 0, 8, 74.24
1567670058, 32, 26, 33, 3, 0, 1.93%, 0, 0, 8, 74.55
1567670063, 33, 0, 33, 3, 0, 1.93%, 0, 0, 8, 75.46
1567670069, 33, 13, 33, 3, 0, 1.93%, 0, 0, 8, 76.76
1567670074, 33, 17, 33, 3, 0, 1.93%, 0, 0, 8, 76.59
1567670079, 33, 21, 33, 3, 0, 1.93%, 0, 0, 8, 75.68
1567670084, 33, 22, 33, 3, 0, 1.93%, 0, 0, 8, 75.17
1567670089, 33, 26, 33, 3, 0, 1.93%, 0, 0, 8, 75.20
1567670095, 34, 8, 33, 3, 0, 1.93%, 0, 0, 8, 75.43
1567670100, 34, 14, 33, 3, 0, 1.93%, 0, 0, 8, 73.88
1567670105, 34, 19, 33, 3, 0, 1.93%, 0, 0, 8, 72.88
1567670110, 34, 20, 33, 3, 0, 1.93%, 0, 0, 8, 71.70
1567670115, 34, 21, 33, 3, 0, 1.93%, 0, 0, 8, 72.08
1567670120, 34, 26, 33, 3, 0, 1.93%, 0, 0, 8, 74.48
1567670131, 35, 13, 33, 3, 0, 1.93%, 0, 0, 8, 75.92
1567670136, 35, 17, 33, 3, 0, 1.93%, 0, 0, 8, 76.08
1567670141, 35, 21, 33, 3, 0, 1.93%, 0, 0, 8, 75.67
1567670146, 35, 22, 33, 3, 0, 1.93%, 0, 0, 8, 76.10
1567670151, 35, 26, 33, 3, 0, 1.93%, 0, 0, 8, 76.72
1567670157, 35, 31, 33, 3, 0, 1.93%, 0, 0, 8, 76.21
1567671063, 35, 31, 34, 4, 0, 1.94%, 0, 0, 8, 68.59
1567671176, 35, 32, 34, 3, 0, 1.94%, 0, 0, 8, 72.39
1567671264, 35, 32, 35, 4, 0, 1.94%, 0, 0, 9, 74.33
1567671336, 35, 32, 36, 5, 0, 1.94%, 0, 0, 9, 76.75
1567671403, 36, 13, 36, 4, 0, 1.94%, 0, 0, 9, 75.61
1567671408, 36, 17, 36, 4, 0, 1.94%, 0, 0, 9, 75.13
1567671413, 36, 19, 36, 4, 0, 1.94%, 0, 0, 9, 74.99
1567671418, 36, 21, 36, 4, 0, 1.94%, 0, 0, 9, 74.76
1567671423, 36, 26, 36, 4, 0, 1.94%, 0, 0, 9, 74.75
1567671434, 36, 30, 36, 4, 0, 1.94%, 0, 0, 9, 75.46
1567671532, 37, 8, 36, 3, 0, 1.94%, 0, 0, 9, 75.60
1567671537, 37, 17, 36, 3, 0, 1.94%, 0, 0, 9, 76.06
1567671542, 37, 21, 36, 3, 0, 1.94%, 0, 0, 9, 74.97
1567671547, 37, 22, 36, 3, 0, 1.94%, 0, 0, 9, 74.68
1567671552, 37, 26, 36, 3, 0, 1.94%, 0, 0, 9, 73.74
1567671562, 37, 31, 36, 3, 0, 1.94%, 0, 0, 9, 73.57
1567671578, 37, 32, 36, 3, 0, 1.94%, 0, 0, 9, 71.14
1567671634, 38, 4, 36, 3, 0, 1.94%, 0, 0, 9, 73.53
1567671640, 38, 13, 36, 3, 0, 1.94%, 0, 0, 9, 72.51
1567671645, 38, 15, 36, 3, 0, 1.94%, 0, 0, 9, 70.98
1567671650, 38, 17, 36, 3, 0, 1.94%, 0, 0, 9, 71.11
1567671655, 38, 21, 36, 3, 0, 1.94%, 0, 0, 9, 72.88
1567671660, 38, 22, 37, 4, 0, 1.94%, 0, 0, 9, 72.65
1567671665, 38, 25, 37, 4, 0, 1.94%, 0, 0, 9, 72.49
1567671681, 38, 26, 37, 4, 0, 1.94%, 0, 0, 9, 72.70
1567671691, 38, 28, 37, 4, 0, 1.94%, 0, 0, 9, 72.53
1567671722, 38, 30, 37, 4, 0, 1.94%, 0, 0, 9, 76.05
1567671743, 38, 33, 37, 4, 0, 1.94%, 0, 0, 9, 73.19
1567671805, 38, 33, 38, 5, 0, 1.94%, 0, 0, 9, 74.01
1567672052, 38, 33, 39, 6, 0, 1.95%, 0, 0, 9, 76.30
1567672800, 38, 38, 40, 6, 0, 1.95%, 0, 0, 9, 73.42
1567673191, 38, 38, 41, 7, 0, 1.95%, 0, 0, 9, 74.46
1567673351, 38, 38, 42, 8, 0, 1.95%, 0, 0, 9, 74.00
1567673423, 38, 38, 43, 9, 0, 1.95%, 0, 0, 9, 74.83
1567673644, 38, 38, 44, 10, 0, 1.95%, 0, 0, 9, 71.73
1567673835, 38, 38, 45, 11, 0, 1.95%, 0, 0, 9, 74.77
1567673917, 38, 41, 45, 10, 0, 1.95%, 0, 0, 9, 72.97
1567674608, 38, 41, 46, 11, 0, 1.95%, 0, 0, 9, 75.30
1567675000, 38, 43, 46, 10, 0, 1.95%, 0, 0, 9, 74.94
1567675155, 38, 43, 47, 11, 0, 1.96%, 0, 0, 9, 72.90
1567675438, 38, 43, 48, 12, 0, 1.96%, 0, 0, 9, 71.98
