# unix_time, cycles_done, cur_path, paths_total, pending_total, pending_favs, map_size, unique_crashes, unique_hangs, max_depth, execs_per_sec
1569075182, 0, 0, 4, 4, 1, 0.30%, 0, 0, 1, 322.15
1569075187, 0, 1, 8, 8, 1, 0.32%, 0, 0, 2, 314.13
1569075192, 0, 1, 9, 9, 1, 0.32%, 0, 0, 2, 309.57
1569075197, 0, 1, 14, 14, 1, 0.34%, 0, 0, 2, 308.72
1569075202, 0, 1, 15, 15, 1, 0.34%, 0, 0, 2, 310.99
1569075207, 0, 1, 16, 16, 1, 0.34%, 0, 0, 2, 308.32
1569075212, 0, 1, 17, 17, 1, 0.35%, 0, 0, 2, 311.73
1569075227, 0, 1, 18, 18, 1, 0.35%, 0, 0, 2, 323.11
1569075237, 0, 1, 19, 19, 1, 0.35%, 0, 0, 2, 326.02
1569075258, 0, 1, 20, 20, 1, 0.35%, 0, 0, 2, 355.41
1569075263, 0, 1, 21, 21, 1, 0.36%, 0, 0, 2, 356.70
1569075273, 0, 1, 22, 22, 1, 0.36%, 0, 0, 2, 356.22
1569075284, 0, 1, 23, 23, 1, 0.36%, 0, 0, 2, 345.41
1569075289, 0, 9, 23, 21, 4, 0.36%, 0, 0, 2, 346.63
1569075294, 0, 10, 23, 20, 3, 0.36%, 0, 0, 2, 343.15
1569075299, 0, 12, 23, 18, 1, 0.36%, 0, 0, 2, 346.76
1569075304, 0, 22, 24, 18, 0, 0.36%, 0, 0, 3, 350.46
1569075309, 1, 0, 24, 17, 0, 0.36%, 0, 0, 3, 348.34
1569075315, 1, 9, 24, 16, 0, 0.36%, 0, 0, 3, 349.76
1569075320, 1, 13, 24, 16, 0, 0.36%, 0, 0, 3, 349.62
1569075325, 1, 15, 25, 16, 0, 0.37%, 0, 0, 3, 350.55
1569075330, 1, 16, 25, 15, 0, 0.37%, 0, 0, 3, 352.51
1569075335, 1, 17, 26, 15, 0, 0.37%, 0, 0, 3, 346.83
1569075340, 1, 18, 27, 15, 0, 0.37%, 0, 0, 3, 342.12
1569075345, 1, 23, 27, 14, 0, 0.37%, 0, 0, 3, 345.10
1569075350, 2, 4, 27, 13, 0, 0.37%, 0, 0, 3, 343.66
1569075355, 2, 7, 27, 12, 0, 0.37%, 0, 0, 3, 342.87
1569075366, 2, 7, 28, 13, 0, 0.38%, 0, 0, 3, 354.34
1569075371, 2, 7, 29, 14, 0, 0.38%, 0, 0, 3, 352.88
1569075376, 2, 19, 29, 13, 0, 0.38%, 0, 0, 3, 352.00
1569075381, 3, 10, 29, 12, 0, 0.38%, 0, 0, 3, 349.67
1569075386, 3, 20, 29, 12, 0, 0.38%, 0, 0, 3, 347.24
1569075391, 3, 21, 29, 11, 0, 0.38%, 0, 0, 3, 349.15
1569075396, 3, 27, 29, 10, 0, 0.38%, 0, 0, 3, 354.84
1569075412, 4, 9, 29, 9, 0, 0.38%, 0, 0, 3, 355.12
1569075417, 4, 24, 29, 9, 0, 0.38%, 0, 0, 3, 354.77
1569075422, 4, 24, 30, 10, 0, 0.38%, 0, 0, 4, 352.95
1569075432, 4, 29, 30, 9, 1, 0.38%, 0, 0, 4, 352.79
1569075448, 4, 29, 31, 10, 1, 0.39%, 0, 0, 5, 348.41
1569075484, 4, 30, 32, 10, 1, 0.39%, 0, 0, 6, 351.65
1569075504, 4, 31, 32, 9, 1, 0.39%, 0, 0, 6, 349.27
1569075520, 4, 31, 34, 11, 1, 0.39%, 0, 0, 7, 343.74
1569075587, 4, 31, 35, 12, 1, 0.39%, 0, 0, 7, 222.90
1569075602, 4, 31, 36, 13, 1, 0.40%, 0, 0, 7, 231.62
1569075612, 4, 31, 37, 14, 1, 0.40%, 0, 0, 7, 219.55
1569075623, 4, 31, 38, 15, 1, 0.40%, 0, 0, 7, 222.41
1569075628, 4, 33, 38, 14, 2, 0.40%, 0, 0, 7, 220.91
1569075663, 4, 33, 39, 15, 2, 0.41%, 0, 0, 8, 233.87
1569075673, 4, 33, 40, 16, 2, 0.41%, 0, 0, 8, 228.43
1569075714, 4, 33, 41, 17, 2, 0.41%, 0, 0, 8, 235.94
1569075770, 4, 36, 41, 16, 1, 0.41%, 0, 0, 8, 224.86
1569075795, 4, 36, 42, 17, 1, 0.42%, 0, 0, 8, 192.60
1569075801, 4, 36, 43, 18, 1, 0.42%, 0, 0, 8, 177.79
1569075826, 4, 36, 44, 19, 1, 0.42%, 0, 0, 8, 168.88
1569075831, 4, 36, 45, 20, 1, 0.42%, 0, 0, 8, 170.35
1569075867, 4, 36, 46, 21, 1, 0.43%, 0, 0, 8, 165.12
1569075877, 4, 36, 47, 22, 1, 0.43%, 0, 0, 8, 170.30
1569075908, 4, 38, 47, 21, 0, 0.43%, 0, 0, 8, 164.25
1569075933, 4, 38, 48, 22, 0, 0.43%, 0, 0, 9, 172.66
1569076050, 4, 38, 49, 23, 0, 0.43%, 0, 0, 9, 135.74
1569076055, 4, 38, 50, 24, 0, 0.43%, 0, 0, 9, 163.26
1569076060, 4, 38, 51, 25, 0, 0.44%, 0, 0, 9, 171.55
1569076081, 4, 50, 51, 24, 1, 0.44%, 0, 0, 9, 169.64
1569076101, 4, 50, 52, 25, 1, 0.44%, 0, 0, 10, 173.52
1569076112, 4, 50, 53, 26, 1, 0.44%, 0, 0, 10, 173.69
1569076311, 4, 52, 53, 25, 0, 0.44%, 0, 0, 10, 173.54
1569076316, 4, 52, 54, 26, 0, 0.45%, 0, 0, 11, 170.53
1569076341, 4, 52, 55, 27, 0, 0.45%, 0, 0, 11, 175.86
1569076544, 4, 54, 55, 26, 0, 0.45%, 0, 0, 11, 174.34
1569076701, 4, 54, 56, 27, 0, 0.45%, 0, 0, 12, 170.39
1569076767, 4, 54, 57, 28, 0, 0.45%, 0, 0, 12, 168.67
1569076778, 4, 56, 57, 27, 0, 0.45%, 0, 0, 12, 170.29
1569076803, 4, 56, 58, 28, 0, 0.46%, 0, 0, 13, 165.77
1569076844, 4, 56, 59, 29, 0, 0.46%, 0, 0, 13, 175.52
1569076895, 4, 56, 60, 30, 0, 0.46%, 0, 0, 13, 169.25
1569076920, 5, 9, 60, 29, 0, 0.46%, 0, 0, 13, 170.34
1569076925, 5, 12, 60, 29, 0, 0.46%, 0, 0, 13, 170.77
1569076930, 5, 14, 60, 29, 0, 0.46%, 0, 0, 13, 171.39
1569076946, 5, 31, 60, 28, 0, 0.46%, 0, 0, 13, 171.29
1569076951, 5, 33, 60, 28, 0, 0.46%, 0, 0, 13, 169.18
1569076956, 5, 41, 60, 28, 0, 0.46%, 0, 0, 13, 170.54
1569077012, 5, 47, 60, 27, 0, 0.46%, 0, 0, 13, 172.75
1569077098, 5, 48, 60, 26, 0, 0.46%, 0, 0, 13, 172.50
1569077287, 5, 48, 61, 27, 0, 0.46%, 0, 0, 13, 171.36
1569077372, 5, 50, 61, 26, 0, 0.46%, 0, 0, 13, 172.20
1569077383, 5, 55, 61, 26, 0, 0.46%, 0, 0, 13, 172.92
1569077515, 5, 55, 62, 27, 0, 0.47%, 0, 0, 13, 149.96
1569077525, 5, 55, 63, 28, 0, 0.47%, 0, 0, 13, 162.78
1569077622, 5, 61, 63, 27, 0, 0.47%, 0, 0, 13, 166.98
1569077693, 5, 61, 64, 28, 0, 0.47%, 0, 0, 14, 167.68
1569077784, 5, 61, 65, 29, 0, 0.48%, 0, 0, 14, 169.57
1569077866, 6, 2, 65, 28, 0, 0.48%, 0, 0, 14, 173.23
1569077882, 6, 12, 65, 27, 0, 0.48%, 0, 0, 14, 174.20
1569077887, 6, 16, 65, 27, 0, 0.48%, 0, 0, 14, 173.27
1569077892, 6, 28, 65, 27, 0, 0.48%, 0, 0, 14, 172.68
1569077937, 6, 31, 65, 26, 0, 0.48%, 0, 0, 14, 172.16
1569077942, 6, 35, 65, 26, 0, 0.48%, 0, 0, 14, 171.79
1569077994, 6, 37, 65, 25, 0, 0.48%, 0, 0, 14, 173.89
1569078080, 6, 46, 65, 24, 0, 0.48%, 0, 0, 14, 172.52
1569078136, 6, 48, 65, 23, 0, 0.48%, 0, 0, 14, 167.18
1569078141, 6, 50, 65, 23, 0, 0.48%, 0, 0, 14, 170.03
1569078151, 6, 58, 65, 23, 0, 0.48%, 0, 0, 14, 167.88
1569078436, 6, 59, 65, 22, 0, 0.48%, 0, 0, 14, 167.69
1569078502, 6, 59, 66, 23, 0, 0.48%, 0, 0, 14, 164.33
1569078527, 6, 62, 66, 22, 0, 0.48%, 0, 0, 14, 172.51
1569078766, 6, 63, 66, 21, 0, 0.48%, 0, 0, 14, 176.29
1569078822, 6, 63, 67, 22, 0, 0.48%, 0, 0, 15, 173.93
1569079032, 7, 8, 67, 21, 0, 0.48%, 0, 0, 15, 172.52
1569079063, 7, 9, 67, 20, 0, 0.48%, 0, 0, 15, 169.25
1569079068, 7, 12, 67, 20, 0, 0.48%, 0, 0, 15, 170.33
1569079073, 7, 32, 67, 20, 0, 0.48%, 0, 0, 15, 173.52
1569079151, 7, 36, 67, 19, 0, 0.48%, 0, 0, 15, 173.04
1569079156, 7, 42, 67, 19, 0, 0.48%, 0, 0, 15, 175.15
1569079298, 7, 50, 67, 18, 0, 0.48%, 0, 0, 15, 171.90
1569079308, 7, 51, 67, 18, 0, 0.48%, 0, 0, 15, 170.56
1569079552, 7, 60, 67, 17, 0, 0.48%, 0, 0, 15, 174.48
1569079765, 7, 60, 68, 18, 0, 0.49%, 0, 0, 15, 174.36
1569079836, 7, 60, 69, 19, 0, 0.49%, 0, 0, 15, 170.27
1569079841, 8, 3, 69, 18, 0, 0.49%, 0, 0, 15, 173.35
1569079857, 8, 8, 69, 17, 0, 0.49%, 0, 0, 15, 165.72
1569079862, 8, 10, 69, 17, 0, 0.49%, 0, 0, 15, 165.82
1569079867, 8, 28, 69, 17, 0, 0.49%, 0, 0, 15, 165.59
1569079877, 8, 31, 69, 17, 0, 0.49%, 0, 0, 15, 171.12
1569079882, 8, 34, 69, 17, 0, 0.49%, 0, 0, 15, 172.47
1569079932, 8, 48, 69, 16, 0, 0.49%, 0, 0, 15, 171.80
1569079942, 8, 50, 69, 16, 0, 0.49%, 0, 0, 15, 171.65
1569079952, 8, 53, 69, 16, 0, 0.49%, 0, 0, 15, 171.04
1569079967, 8, 53, 70, 17, 0, 0.49%, 0, 0, 15, 170.83
1569079972, 8, 53, 71, 18, 0, 0.49%, 0, 0, 15, 171.13
1569079993, 8, 53, 72, 19, 0, 0.49%, 0, 0, 15, 169.90
1569080205, 8, 64, 72, 18, 0, 0.49%, 0, 0, 15, 169.94
1569080373, 8, 64, 73, 19, 0, 0.50%, 0, 0, 15, 172.64
1569080525, 8, 66, 73, 18, 0, 0.50%, 0, 0, 15, 164.86
1569080633, 8, 66, 74, 19, 0, 0.50%, 0, 0, 16, 172.97
1569080724, 8, 66, 75, 20, 0, 0.50%, 0, 0, 16, 167.74
1569080898, 8, 66, 76, 21, 0, 0.50%, 0, 0, 16, 173.23
1569080939, 8, 74, 76, 20, 1, 0.50%, 0, 0, 16, 174.71
1569081128, 9, 6, 76, 19, 0, 0.50%, 0, 0, 16, 170.19
1569081143, 9, 12, 76, 18, 0, 0.50%, 0, 0, 16, 170.09
1569081149, 9, 31, 76, 18, 0, 0.50%, 0, 0, 16, 170.80
1569081154, 9, 33, 76, 18, 0, 0.50%, 0, 0, 16, 169.35
1569081159, 9, 40, 76, 18, 0, 0.50%, 0, 0, 16, 171.30
1569081235, 9, 44, 76, 17, 0, 0.50%, 0, 0, 16, 169.91
1569081342, 9, 49, 76, 16, 0, 0.50%, 0, 0, 16, 173.06
1569081357, 9, 49, 77, 17, 0, 0.51%, 0, 0, 16, 172.38
1569081454, 9, 50, 77, 16, 0, 0.51%, 0, 0, 16, 171.84
1569081464, 9, 54, 77, 16, 0, 0.51%, 0, 0, 16, 171.78
1569081474, 9, 55, 77, 16, 0, 0.51%, 0, 0, 16, 168.35
1569081484, 9, 65, 77, 16, 0, 0.51%, 0, 0, 16, 169.37
1569081637, 9, 67, 77, 15, 0, 0.51%, 0, 0, 16, 170.27
1569081977, 9, 70, 77, 14, 0, 0.51%, 0, 0, 16, 171.51
1569082109, 9, 70, 78, 15, 0, 0.51%, 0, 0, 16, 170.86
1569082241, 9, 71, 78, 14, 0, 0.51%, 0, 0, 16, 169.61
1569082439, 9, 71, 79, 15, 0, 0.51%, 0, 0, 16, 163.62
1569082540, 9, 71, 80, 16, 0, 0.51%, 0, 0, 16, 169.76
1569082560, 9, 74, 80, 15, 0, 0.51%, 0, 0, 16, 168.34
1569082622, 9, 76, 80, 15, 0, 0.51%, 0, 0, 16, 169.66
1569082689, 9, 78, 80, 14, 0, 0.51%, 0, 0, 16, 174.49
1569082750, 9, 78, 81, 15, 0, 0.51%, 0, 0, 16, 167.09
1569082826, 9, 80, 81, 14, 0, 0.51%, 0, 0, 16, 167.06
1569082841, 9, 80, 82, 15, 0, 0.52%, 0, 0, 16, 169.34
1569083008, 10, 0, 82, 14, 0, 0.52%, 0, 0, 16, 168.54
1569083013, 10, 10, 82, 14, 0, 0.52%, 0, 0, 16, 168.66
1569083019, 10, 23, 82, 14, 0, 0.52%, 0, 0, 16, 168.06
1569083024, 10, 31, 82, 14, 0, 0.52%, 0, 0, 16, 168.09
1569083029, 10, 36, 82, 14, 0, 0.52%, 0, 0, 16, 168.14
1569083034, 10, 50, 82, 14, 0, 0.52%, 0, 0, 16, 167.37
1569083044, 10, 57, 82, 14, 0, 0.52%, 0, 0, 16, 166.81
1569083131, 10, 60, 82, 13, 0, 0.52%, 0, 0, 16, 172.29
1569083151, 10, 74, 82, 13, 0, 0.52%, 0, 0, 16, 171.54
1569083171, 10, 75, 82, 13, 0, 0.52%, 0, 0, 16, 169.12
1569083915, 10, 75, 83, 14, 0, 0.52%, 0, 0, 17, 173.84
1569084129, 10, 75, 84, 15, 0, 0.52%, 0, 0, 17, 169.61
1569084154, 10, 75, 85, 16, 0, 0.53%, 0, 0, 17, 164.64
1569084965, 10, 75, 86, 17, 0, 0.53%, 0, 0, 17, 169.53
1569085015, 10, 75, 87, 18, 0, 0.53%, 0, 0, 17, 167.36
1569085062, 10, 75, 88, 19, 0, 0.53%, 0, 0, 17, 172.91
1569085103, 10, 77, 88, 18, 0, 0.53%, 0, 0, 17, 173.43
1569085390, 10, 82, 88, 17, 0, 0.53%, 0, 0, 17, 173.48
1569085873, 10, 82, 89, 18, 0, 0.54%, 0, 0, 18, 174.08
1569086696, 10, 82, 90, 19, 0, 0.54%, 0, 0, 18, 172.86
1569087220, 10, 85, 90, 18, 0, 0.54%, 0, 0, 18, 170.18
1569087986, 10, 85, 91, 19, 0, 0.54%, 0, 0, 18, 171.02
1569088149, 10, 85, 92, 20, 0, 0.54%, 0, 0, 18, 169.17
1569088857, 11, 11, 92, 19, 0, 0.54%, 0, 0, 18, 176.02
1569088863, 11, 26, 92, 19, 0, 0.54%, 0, 0, 18, 175.22
1569088883, 11, 27, 92, 18, 0, 0.54%, 0, 0, 18, 173.39
1569088893, 11, 33, 92, 18, 0, 0.54%, 0, 0, 18, 173.22
1569088898, 11, 50, 92, 18, 0, 0.54%, 0, 0, 18, 172.76
1569088909, 11, 68, 92, 18, 0, 0.54%, 0, 0, 18, 173.24
1569089041, 11, 71, 92, 17, 0, 0.54%, 0, 0, 18, 167.23
1569089092, 11, 72, 92, 17, 0, 0.54%, 0, 0, 18, 171.28
1569089423, 11, 73, 92, 16, 0, 0.54%, 0, 0, 18, 169.46
1569089758, 11, 74, 92, 15, 0, 0.54%, 0, 0, 18, 169.68
1569089773, 11, 76, 92, 15, 0, 0.54%, 0, 0, 18, 171.98
1569089793, 12, 9, 92, 15, 0, 0.54%, 0, 0, 18, 171.63
1569089798, 12, 12, 92, 15, 0, 0.54%, 0, 0, 18, 172.36
1569089803, 12, 28, 92, 15, 0, 0.54%, 0, 0, 18, 166.75
1569089809, 12, 33, 92, 15, 0, 0.54%, 0, 0, 18, 170.32
1569089814, 12, 45, 92, 15, 0, 0.54%, 0, 0, 18, 174.64
1569090296, 12, 45, 93, 16, 0, 0.55%, 0, 0, 18, 174.23
1569090403, 12, 45, 94, 17, 0, 0.55%, 0, 0, 18, 174.87
1569090736, 12, 50, 94, 16, 0, 0.55%, 0, 0, 18, 169.03
1569090746, 12, 62, 94, 16, 0, 0.55%, 0, 0, 18, 168.20
1569090766, 12, 62, 95, 17, 0, 0.55%, 0, 0, 18, 163.83
1569090771, 12, 74, 95, 17, 0, 0.55%, 0, 0, 18, 163.50
1569090786, 12, 87, 95, 17, 0, 0.55%, 0, 0, 18, 172.36
1569091016, 12, 93, 96, 17, 0, 0.56%, 0, 0, 18, 175.73
1569091327, 12, 93, 97, 18, 0, 0.56%, 0, 0, 18, 166.68
1569091629, 12, 93, 98, 19, 0, 0.56%, 0, 0, 18, 174.26
1569091939, 12, 95, 98, 18, 0, 0.56%, 0, 0, 18, 165.76
1569092253, 13, 12, 98, 17, 0, 0.56%, 0, 0, 18, 172.20
1569092258, 13, 31, 98, 17, 0, 0.56%, 0, 0, 18, 171.77
1569092263, 13, 33, 98, 17, 0, 0.56%, 0, 0, 18, 171.31
1569092269, 13, 37, 98, 17, 0, 0.56%, 0, 0, 18, 172.15
1569092279, 13, 38, 98, 17, 0, 0.56%, 0, 0, 18, 171.51
1569092284, 13, 42, 98, 17, 0, 0.56%, 0, 0, 18, 170.95
1569092299, 13, 45, 98, 17, 0, 0.56%, 0, 0, 18, 170.49
1569092309, 13, 50, 98, 17, 0, 0.56%, 0, 0, 18, 170.56
1569092324, 13, 69, 98, 17, 0, 0.56%, 0, 0, 18, 170.06
1569092614, 13, 74, 98, 16, 0, 0.56%, 0, 0, 18, 167.78
1569092629, 13, 79, 98, 16, 0, 0.56%, 0, 0, 18, 169.28
