# unix_time, cycles_done, cur_path, paths_total, pending_total, pending_favs, map_size, unique_crashes, unique_hangs, max_depth, execs_per_sec
1570686144, 0, 0, 2, 2, 1, 0.47%, 0, 0, 1, 33.68
1570686159, 0, 0, 3, 3, 1, 0.48%, 0, 0, 2, 36.54
1570686164, 0, 2, 3, 2, 1, 0.48%, 0, 0, 2, 38.35
1570686170, 0, 2, 3, 2, 1, 0.48%, 0, 1, 2, 34.48
1570686185, 0, 2, 3, 2, 1, 0.48%, 0, 2, 2, 37.89
1570686190, 1, 1, 3, 1, 0, 0.48%, 0, 2, 2, 37.37
1570686210, 2, 1, 3, 0, 0, 0.48%, 0, 2, 2, 38.26
1570686221, 2, 2, 3, 0, 0, 0.48%, 0, 2, 2, 38.12
1570686226, 2, 3, 4, 1, 1, 0.50%, 0, 2, 3, 36.01
1570686262, 2, 3, 4, 1, 1, 0.50%, 0, 3, 3, 2.63
1570686268, 2, 3, 4, 1, 1, 0.50%, 0, 4, 3, 35.53
1570686288, 3, 0, 4, 0, 0, 0.50%, 0, 4, 3, 34.23
1570686293, 3, 1, 4, 0, 0, 0.50%, 0, 4, 3, 34.86
1570686298, 3, 2, 4, 0, 0, 0.50%, 0, 4, 3, 33.09
1570686309, 3, 3, 4, 0, 0, 0.50%, 0, 4, 3, 33.31
1570686319, 4, 0, 4, 0, 0, 0.50%, 0, 5, 3, 34.74
1570686324, 4, 1, 4, 0, 0, 0.50%, 0, 5, 3, 35.34
1570686334, 4, 2, 4, 0, 0, 0.50%, 0, 5, 3, 34.43
1570686339, 4, 3, 4, 0, 0, 0.50%, 0, 5, 3, 34.95
1570686350, 5, 0, 4, 0, 0, 0.50%, 0, 5, 3, 34.60
1570686355, 5, 1, 4, 0, 0, 0.50%, 0, 5, 3, 35.67
1570686360, 5, 2, 4, 0, 0, 0.50%, 0, 5, 3, 33.34
1570686365, 5, 3, 4, 0, 0, 0.50%, 0, 5, 3, 33.64
1570686375, 6, 0, 4, 0, 0, 0.50%, 0, 5, 3, 34.07
1570686380, 6, 1, 4, 0, 0, 0.50%, 0, 5, 3, 34.51
1570686390, 6, 2, 4, 0, 0, 0.50%, 0, 5, 3, 33.46
1570686396, 6, 3, 4, 0, 0, 0.50%, 0, 5, 3, 34.31
1570686406, 7, 0, 4, 0, 0, 0.50%, 0, 5, 3, 33.35
1570686411, 7, 1, 4, 0, 0, 0.50%, 0, 5, 3, 31.66
1570686421, 7, 2, 4, 0, 0, 0.50%, 0, 5, 3, 31.42
1570686426, 7, 3, 4, 0, 0, 0.50%, 0, 5, 3, 29.66
1570686436, 8, 0, 4, 0, 0, 0.50%, 0, 5, 3, 31.68
1570686442, 8, 1, 4, 0, 0, 0.50%, 0, 5, 3, 31.06
1570686452, 8, 3, 4, 0, 0, 0.50%, 0, 5, 3, 31.87
1570686462, 9, 0, 4, 0, 0, 0.50%, 0, 5, 3, 31.33
1570686473, 9, 1, 4, 0, 0, 0.50%, 0, 5, 3, 31.08
1570686483, 9, 2, 4, 0, 0, 0.50%, 0, 5, 3, 30.15
1570686488, 9, 3, 4, 0, 0, 0.50%, 0, 5, 3, 29.50
1570686498, 10, 0, 4, 0, 0, 0.50%, 0, 5, 3, 30.21
1570686503, 10, 1, 4, 0, 0, 0.50%, 0, 5, 3, 29.41
1570686513, 10, 2, 4, 0, 0, 0.50%, 0, 5, 3, 29.49
1570686524, 10, 3, 4, 0, 0, 0.50%, 0, 5, 3, 30.52
1570686529, 11, 0, 4, 0, 0, 0.50%, 0, 5, 3, 29.17
1570686539, 11, 1, 4, 0, 0, 0.50%, 0, 5, 3, 30.89
1570686549, 11, 2, 4, 0, 0, 0.50%, 0, 5, 3, 31.45
1570686555, 11, 3, 4, 0, 0, 0.50%, 0, 5, 3, 32.02
1570686565, 12, 0, 4, 0, 0, 0.50%, 0, 5, 3, 30.82
1570686570, 12, 1, 4, 0, 0, 0.50%, 0, 5, 3, 31.32
1570686580, 12, 2, 4, 0, 0, 0.50%, 0, 5, 3, 31.95
1570686585, 12, 3, 4, 0, 0, 0.50%, 0, 5, 3, 30.98
1570686596, 13, 0, 4, 0, 0, 0.50%, 0, 5, 3, 31.44
1570686601, 13, 1, 4, 0, 0, 0.50%, 0, 5, 3, 30.77
1570686611, 13, 2, 4, 0, 0, 0.50%, 0, 5, 3, 30.62
1570686616, 13, 3, 4, 0, 0, 0.50%, 0, 5, 3, 29.97
1570686626, 14, 0, 4, 0, 0, 0.50%, 0, 5, 3, 32.23
1570686631, 14, 1, 4, 0, 0, 0.50%, 0, 5, 3, 31.76
1570686642, 14, 2, 4, 0, 0, 0.50%, 0, 5, 3, 30.05
1570686647, 14, 3, 4, 0, 0, 0.50%, 0, 5, 3, 30.64
1570686657, 15, 0, 4, 0, 0, 0.50%, 0, 5, 3, 31.79
1570686667, 15, 1, 4, 0, 0, 0.50%, 0, 5, 3, 30.21
1570686672, 15, 2, 4, 0, 0, 0.50%, 0, 5, 3, 32.15
1570686683, 15, 3, 4, 0, 0, 0.50%, 0, 5, 3, 30.28
1570686693, 16, 0, 4, 0, 0, 0.50%, 0, 5, 3, 30.96
1570686698, 16, 1, 4, 0, 0, 0.50%, 0, 5, 3, 30.56
1570686708, 16, 2, 4, 0, 0, 0.50%, 0, 5, 3, 29.82
1570686713, 16, 3, 4, 0, 0, 0.50%, 0, 5, 3, 29.62
1570686724, 17, 0, 4, 0, 0, 0.50%, 0, 5, 3, 29.56
1570686729, 17, 1, 4, 0, 0, 0.50%, 0, 5, 3, 30.78
1570686739, 17, 2, 4, 0, 0, 0.50%, 0, 5, 3, 30.65
1570686744, 17, 3, 4, 0, 0, 0.50%, 0, 5, 3, 31.09
1570686755, 18, 0, 4, 0, 0, 0.50%, 0, 5, 3, 28.11
1570686760, 18, 1, 4, 0, 0, 0.50%, 0, 5, 3, 29.44
1570686770, 18, 2, 4, 0, 0, 0.50%, 0, 5, 3, 29.31
1570686780, 18, 3, 4, 0, 0, 0.50%, 0, 5, 3, 28.15
1570686790, 19, 0, 4, 0, 0, 0.50%, 0, 5, 3, 28.66
1570686795, 19, 1, 4, 0, 0, 0.50%, 0, 5, 3, 29.45
1570686806, 19, 2, 4, 0, 0, 0.50%, 0, 5, 3, 29.19
1570686811, 19, 3, 4, 0, 0, 0.50%, 0, 5, 3, 30.38
1570686821, 20, 0, 4, 0, 0, 0.50%, 0, 5, 3, 30.32
1570686826, 20, 1, 4, 0, 0, 0.50%, 0, 5, 3, 29.33
1570686837, 20, 2, 4, 0, 0, 0.50%, 0, 5, 3, 29.26
1570686847, 20, 3, 4, 0, 0, 0.50%, 0, 5, 3, 27.66
1570686857, 21, 0, 4, 0, 0, 0.50%, 0, 5, 3, 30.44
1570686862, 21, 1, 4, 0, 0, 0.50%, 0, 5, 3, 31.72
1570686872, 21, 2, 4, 0, 0, 0.50%, 0, 5, 3, 30.21
1570686878, 21, 3, 4, 0, 0, 0.50%, 0, 5, 3, 28.55
1570686888, 22, 0, 4, 0, 0, 0.50%, 0, 5, 3, 26.37
1570686898, 22, 1, 4, 0, 0, 0.50%, 0, 5, 3, 28.47
1570686908, 22, 2, 4, 0, 0, 0.50%, 0, 5, 3, 27.71
1570686919, 22, 3, 4, 0, 0, 0.50%, 0, 5, 3, 27.83
1570686929, 23, 0, 4, 0, 0, 0.50%, 0, 5, 3, 28.05
1570686934, 23, 1, 4, 0, 0, 0.50%, 0, 5, 3, 29.78
1570686944, 23, 2, 4, 0, 0, 0.50%, 0, 5, 3, 28.28
1570686954, 23, 3, 4, 0, 0, 0.50%, 0, 5, 3, 30.02
1570686965, 24, 0, 4, 0, 0, 0.50%, 0, 5, 3, 27.98
1570686970, 24, 1, 4, 0, 0, 0.50%, 0, 5, 3, 28.23
1570686980, 24, 2, 4, 0, 0, 0.50%, 0, 5, 3, 27.51
1570686990, 24, 3, 4, 0, 0, 0.50%, 0, 5, 3, 27.48
1570687000, 25, 0, 4, 0, 0, 0.50%, 0, 5, 3, 29.28
1570687006, 25, 1, 4, 0, 0, 0.50%, 0, 5, 3, 28.93
1570687016, 25, 2, 4, 0, 0, 0.50%, 0, 5, 3, 29.06
1570687026, 25, 3, 4, 0, 0, 0.50%, 0, 5, 3, 27.81
1570687036, 26, 0, 4, 0, 0, 0.50%, 0, 5, 3, 29.15
1570687041, 26, 1, 4, 0, 0, 0.50%, 0, 5, 3, 30.36
1570687052, 26, 2, 4, 0, 0, 0.50%, 0, 5, 3, 28.10
1570687062, 26, 3, 4, 0, 0, 0.50%, 0, 5, 3, 28.01
1570687072, 27, 0, 4, 0, 0, 0.50%, 0, 5, 3, 29.00
1570687077, 27, 1, 4, 0, 0, 0.50%, 0, 5, 3, 32.48
1570687088, 27, 2, 4, 0, 0, 0.50%, 0, 5, 3, 30.89
1570687093, 27, 3, 4, 0, 0, 0.50%, 0, 5, 3, 31.14
1570687103, 28, 0, 4, 0, 0, 0.50%, 0, 5, 3, 31.42
1570687108, 28, 1, 4, 0, 0, 0.50%, 0, 5, 3, 30.82
1570687118, 28, 2, 4, 0, 0, 0.50%, 0, 5, 3, 32.34
1570687129, 28, 3, 4, 0, 0, 0.50%, 0, 5, 3, 31.24
1570687134, 29, 0, 4, 0, 0, 0.50%, 0, 5, 3, 30.96
1570687144, 29, 1, 4, 0, 0, 0.50%, 0, 5, 3, 30.19
1570687149, 29, 2, 4, 0, 0, 0.50%, 0, 5, 3, 32.80
1570687159, 29, 3, 4, 0, 0, 0.50%, 0, 5, 3, 31.17
1570687169, 30, 0, 4, 0, 0, 0.50%, 0, 5, 3, 30.28
1570687175, 30, 1, 4, 0, 0, 0.50%, 0, 5, 3, 31.10
1570687185, 30, 2, 4, 0, 0, 0.50%, 0, 5, 3, 32.88
1570687190, 30, 3, 4, 0, 0, 0.50%, 0, 5, 3, 28.52
1570687200, 31, 0, 4, 0, 0, 0.50%, 0, 5, 3, 32.62
1570687205, 31, 1, 4, 0, 0, 0.50%, 0, 5, 3, 32.90
1570687216, 31, 2, 4, 0, 0, 0.50%, 0, 5, 3, 32.95
1570687221, 31, 3, 4, 0, 0, 0.50%, 0, 5, 3, 32.46
1570687231, 32, 0, 4, 0, 0, 0.50%, 0, 5, 3, 32.94
1570687236, 32, 1, 4, 0, 0, 0.50%, 0, 5, 3, 32.73
1570687247, 32, 2, 4, 0, 0, 0.50%, 0, 5, 3, 32.60
1570687252, 32, 3, 4, 0, 0, 0.50%, 0, 5, 3, 32.19
1570687262, 33, 0, 4, 0, 0, 0.50%, 0, 5, 3, 31.68
1570687267, 33, 1, 4, 0, 0, 0.50%, 0, 5, 3, 31.51
1570687278, 33, 2, 4, 0, 0, 0.50%, 0, 5, 3, 31.93
1570687283, 33, 3, 4, 0, 0, 0.50%, 0, 5, 3, 30.23
1570687293, 34, 0, 4, 0, 0, 0.50%, 0, 5, 3, 32.67
1570687298, 34, 1, 4, 0, 0, 0.50%, 0, 5, 3, 32.47
1570687308, 34, 2, 4, 0, 0, 0.50%, 0, 5, 3, 32.43
1570687313, 34, 3, 4, 0, 0, 0.50%, 0, 5, 3, 31.78
1570687318, 35, 0, 4, 0, 0, 0.50%, 0, 5, 3, 31.31
1570687328, 35, 4, 5, 1, 1, 0.50%, 0, 6, 3, 4.96
1570687334, 35, 4, 5, 1, 1, 0.50%, 0, 7, 3, 32.91
1570687344, 35, 4, 5, 1, 1, 0.50%, 0, 8, 3, 32.32
1570687380, 35, 4, 6, 2, 1, 0.67%, 0, 8, 3, 31.32
1570687441, 35, 5, 6, 1, 1, 0.67%, 0, 8, 3, 26.86
1570687456, 35, 5, 10, 5, 1, 0.71%, 0, 8, 4, 25.82
1570687462, 35, 5, 11, 6, 1, 0.71%, 0, 9, 4, 29.39
1570687528, 35, 5, 15, 10, 1, 0.72%, 0, 9, 4, 32.56
1570687595, 35, 5, 18, 13, 1, 0.72%, 0, 9, 4, 31.81
1570687661, 35, 5, 19, 14, 1, 0.73%, 0, 9, 4, 31.90
1570687676, 35, 5, 22, 17, 1, 0.73%, 0, 9, 4, 30.68
1570687682, 35, 5, 23, 18, 1, 0.73%, 0, 9, 4, 30.94
1570687692, 35, 5, 26, 21, 1, 0.74%, 0, 9, 4, 31.51
1570687712, 35, 5, 27, 22, 1, 0.74%, 0, 9, 4, 30.96
1570687785, 35, 5, 27, 22, 1, 0.74%, 0, 10, 4, 6.18
1570687790, 35, 5, 27, 22, 1, 0.74%, 0, 11, 4, 1.81
1570687801, 35, 5, 27, 22, 1, 0.74%, 0, 13, 4, 2.49
1570687807, 35, 5, 27, 22, 1, 0.74%, 0, 14, 4, 4.89
1570687828, 35, 5, 27, 22, 1, 0.74%, 0, 15, 4, 23.81
1570687833, 35, 6, 27, 21, 15, 0.74%, 0, 15, 4, 12.93
1570687952, 35, 6, 27, 21, 15, 0.74%, 0, 18, 4, 2.54
1570687957, 35, 6, 27, 21, 15, 0.74%, 0, 20, 4, 8.59
1570688096, 35, 6, 27, 21, 15, 0.74%, 0, 21, 4, 33.82
1570688137, 35, 7, 27, 20, 14, 0.74%, 0, 21, 4, 15.99
1570688445, 35, 7, 27, 20, 14, 0.74%, 0, 22, 4, 19.84
1570688531, 35, 8, 27, 19, 13, 0.74%, 0, 22, 4, 14.92
1570688547, 35, 8, 28, 20, 13, 0.75%, 0, 22, 5, 27.48
1570688880, 35, 8, 29, 21, 13, 0.75%, 0, 22, 5, 23.91
1570689013, 35, 9, 29, 20, 13, 0.75%, 0, 22, 5, 16.15
1570689028, 35, 9, 29, 20, 13, 0.75%, 0, 23, 5, 28.44
1570689423, 35, 9, 30, 21, 13, 0.75%, 0, 23, 5, 20.49
1570689438, 35, 10, 30, 20, 12, 0.75%, 0, 23, 5, 14.93
1570689736, 35, 10, 30, 20, 12, 0.75%, 0, 24, 5, 12.87
1570689828, 35, 12, 30, 19, 11, 0.75%, 0, 24, 5, 16.35
1570690207, 35, 13, 30, 18, 10, 0.75%, 0, 24, 5, 25.18
1570690603, 35, 13, 31, 19, 10, 0.75%, 0, 24, 5, 22.31
1570690623, 35, 13, 31, 19, 10, 0.75%, 0, 25, 5, 14.71
1570690700, 35, 14, 31, 18, 10, 0.75%, 0, 25, 5, 18.12
1570691135, 35, 18, 31, 17, 9, 0.75%, 0, 25, 5, 29.59
1570691283, 35, 19, 31, 16, 8, 0.75%, 0, 25, 5, 14.42
1570691678, 35, 20, 31, 15, 7, 0.75%, 0, 25, 5, 28.37
1570691698, 35, 20, 31, 15, 7, 0.75%, 0, 26, 5, 6.94
1570691786, 35, 20, 31, 15, 7, 0.75%, 0, 27, 5, 26.61
1570691817, 35, 20, 32, 16, 7, 0.75%, 0, 27, 5, 28.01
1570691899, 35, 21, 32, 15, 6, 0.75%, 0, 27, 5, 25.53
1570692068, 35, 23, 32, 14, 5, 0.75%, 0, 27, 5, 28.41
1570692104, 35, 23, 32, 14, 5, 0.75%, 0, 28, 5, 19.71
1570692258, 35, 24, 32, 13, 4, 0.75%, 0, 28, 5, 21.79
1570692299, 35, 24, 32, 13, 4, 0.75%, 0, 29, 5, 20.03
1570692452, 35, 25, 32, 12, 3, 0.75%, 0, 29, 5, 30.67
1570692493, 35, 25, 32, 12, 3, 0.75%, 0, 30, 5, 27.64
1570692641, 35, 27, 32, 11, 2, 0.75%, 0, 30, 5, 15.71
1570692657, 35, 27, 35, 14, 2, 0.78%, 0, 30, 6, 29.22
1570692723, 35, 27, 37, 16, 2, 0.79%, 0, 30, 6, 30.53
1570692795, 35, 27, 38, 17, 2, 0.79%, 0, 30, 6, 31.28
1570692887, 35, 27, 39, 18, 2, 0.79%, 0, 30, 6, 32.08
1570693082, 35, 34, 39, 17, 4, 0.79%, 0, 30, 6, 19.61
1570693160, 35, 34, 39, 17, 4, 0.79%, 0, 31, 6, 32.28
1570693524, 35, 36, 39, 16, 3, 0.79%, 0, 31, 6, 17.05
1570693616, 35, 36, 39, 16, 3, 0.79%, 0, 32, 6, 28.75
1570694014, 35, 37, 39, 15, 2, 0.79%, 0, 32, 6, 14.82
1570694106, 35, 37, 39, 15, 2, 0.79%, 0, 33, 6, 28.51
1570694501, 35, 38, 39, 14, 1, 0.79%, 0, 33, 6, 12.41
1570694592, 35, 38, 39, 14, 1, 0.79%, 0, 34, 6, 27.49
1570695001, 36, 2, 39, 13, 0, 0.79%, 0, 34, 6, 25.39
1570695011, 36, 3, 39, 13, 0, 0.79%, 0, 34, 6, 26.99
1570695021, 36, 6, 39, 13, 0, 0.79%, 0, 34, 6, 23.71
1570695052, 36, 7, 39, 13, 0, 0.79%, 0, 34, 6, 21.17
1570695087, 36, 9, 39, 13, 0, 0.79%, 0, 34, 6, 26.64
1570695138, 36, 11, 39, 13, 0, 0.79%, 0, 34, 6, 17.60
1570695665, 36, 12, 39, 12, 0, 0.79%, 0, 34, 6, 16.39
1570695712, 36, 13, 39, 12, 0, 0.79%, 0, 34, 6, 20.70
1570695762, 36, 14, 39, 12, 0, 0.79%, 0, 34, 6, 21.64
1570695819, 36, 18, 39, 12, 0, 0.79%, 0, 34, 6, 20.16
1570695855, 36, 19, 39, 12, 0, 0.79%, 0, 34, 6, 24.55
1570695890, 36, 20, 39, 12, 0, 0.79%, 0, 34, 6, 21.84
1570695921, 36, 21, 39, 12, 0, 0.79%, 0, 34, 6, 24.03
1570695957, 36, 23, 39, 12, 0, 0.79%, 0, 34, 6, 24.32
1570696008, 36, 24, 39, 12, 0, 0.79%, 0, 34, 6, 23.08
1570696060, 36, 25, 39, 12, 0, 0.79%, 0, 34, 6, 20.90
1570696111, 36, 27, 39, 12, 0, 0.79%, 0, 34, 6, 18.23
1570696162, 36, 28, 39, 12, 0, 0.79%, 0, 34, 6, 19.47
1570696182, 36, 28, 41, 14, 0, 0.79%, 0, 34, 6, 21.52
1570696616, 36, 28, 42, 15, 0, 0.79%, 0, 34, 6, 20.62
1570696662, 36, 28, 43, 16, 0, 0.79%, 0, 34, 6, 19.54
1570696800, 36, 28, 44, 17, 0, 0.79%, 0, 34, 6, 19.39
1570696990, 36, 30, 44, 16, 0, 0.79%, 0, 34, 6, 16.99
1570697424, 36, 33, 44, 15, 0, 0.79%, 0, 34, 6, 23.51
1570697866, 36, 33, 45, 16, 0, 0.79%, 0, 34, 7, 21.25
1570698031, 36, 34, 45, 15, 0, 0.79%, 0, 34, 7, 20.90
1570698082, 36, 35, 45, 15, 0, 0.79%, 0, 34, 7, 17.68
1570698597, 36, 36, 45, 14, 0, 0.79%, 0, 34, 7, 18.69
1570698658, 36, 37, 45, 14, 0, 0.79%, 0, 34, 7, 19.38
1570698719, 36, 38, 45, 14, 0, 0.79%, 0, 34, 7, 20.36
1570698776, 37, 2, 45, 14, 0, 0.79%, 0, 34, 7, 22.17
1570698791, 37, 3, 45, 14, 0, 0.79%, 0, 34, 7, 23.39
1570698802, 37, 7, 45, 14, 0, 0.79%, 0, 34, 7, 21.05
1570698848, 37, 9, 45, 14, 0, 0.79%, 0, 34, 7, 22.69
1570698898, 37, 11, 45, 14, 0, 0.79%, 0, 34, 7, 23.16
1570698929, 37, 12, 45, 14, 0, 0.79%, 0, 34, 7, 24.73
1570698970, 37, 13, 45, 14, 0, 0.79%, 0, 34, 7, 22.56
1570699012, 37, 14, 45, 14, 0, 0.79%, 0, 34, 7, 22.16
1570699063, 37, 16, 45, 14, 0, 0.79%, 0, 34, 7, 22.98
1570699298, 37, 18, 45, 13, 0, 0.79%, 0, 34, 7, 25.82
1570699339, 37, 19, 45, 13, 0, 0.79%, 0, 34, 7, 25.61
1570699380, 37, 20, 45, 13, 0, 0.79%, 0, 34, 7, 25.09
1570699416, 37, 21, 45, 13, 0, 0.79%, 0, 34, 7, 26.50
1570699436, 37, 21, 46, 14, 0, 0.79%, 0, 34, 7, 27.09
1570699452, 37, 23, 46, 14, 0, 0.79%, 0, 34, 7, 25.98
1570699498, 37, 24, 46, 14, 0, 0.79%, 0, 34, 7, 21.80
1570699544, 37, 25, 46, 14, 0, 0.79%, 0, 34, 7, 20.91
1570699595, 37, 28, 46, 14, 0, 0.79%, 0, 34, 7, 21.95
1570699646, 37, 28, 47, 15, 0, 0.79%, 0, 34, 7, 22.10
1570699657, 37, 29, 47, 15, 0, 0.79%, 0, 34, 7, 19.57
1570699978, 37, 29, 48, 16, 0, 0.80%, 0, 34, 7, 27.87
1570700167, 37, 47, 48, 15, 1, 0.80%, 0, 34, 7, 12.98
1570700264, 37, 47, 49, 16, 1, 0.80%, 0, 34, 7, 27.54
1570700666, 37, 48, 49, 15, 1, 0.80%, 0, 34, 7, 13.90
1570701131, 37, 48, 50, 16, 1, 0.80%, 0, 34, 8, 21.95
1570701166, 38, 2, 50, 15, 0, 0.80%, 0, 34, 8, 22.02
1570701171, 38, 2, 51, 16, 0, 0.80%, 0, 34, 8, 22.61
1570701182, 38, 3, 51, 16, 0, 0.80%, 0, 34, 8, 22.71
1570701192, 38, 7, 51, 16, 0, 0.80%, 0, 34, 8, 19.69
1570701244, 38, 9, 51, 16, 0, 0.80%, 0, 34, 8, 21.28
1570701290, 38, 12, 51, 16, 0, 0.80%, 0, 34, 8, 20.23
1570701331, 38, 13, 51, 16, 0, 0.80%, 0, 34, 8, 22.10
1570701376, 38, 14, 51, 16, 0, 0.80%, 0, 34, 8, 20.68
1570701438, 38, 16, 51, 16, 0, 0.80%, 0, 34, 8, 22.72
1570701469, 38, 18, 51, 16, 0, 0.80%, 0, 34, 8, 24.75
1570701510, 38, 19, 51, 16, 0, 0.80%, 0, 34, 8, 23.77
1570701556, 38, 20, 51, 16, 0, 0.80%, 0, 34, 8, 22.35
1570701582, 38, 20, 52, 17, 0, 0.80%, 0, 34, 8, 25.02
1570701592, 38, 21, 52, 17, 0, 0.80%, 0, 34, 8, 25.41
1570701633, 38, 23, 52, 17, 0, 0.80%, 0, 34, 8, 22.86
1570701684, 38, 24, 52, 17, 0, 0.80%, 0, 34, 8, 20.43
1570701740, 38, 25, 52, 17, 0, 0.80%, 0, 34, 8, 19.79
1570701796, 38, 26, 52, 17, 0, 0.80%, 0, 34, 8, 13.02
1570702342, 38, 28, 52, 16, 0, 0.80%, 0, 34, 8, 22.63
1570702404, 38, 32, 52, 16, 0, 0.80%, 0, 34, 8, 12.84
1570702939, 38, 34, 52, 15, 0, 0.80%, 0, 34, 8, 19.95
1570702995, 38, 36, 52, 15, 0, 0.80%, 0, 34, 8, 20.32
1570703052, 38, 37, 52, 15, 0, 0.80%, 0, 34, 8, 22.84
1570703108, 38, 38, 52, 15, 0, 0.80%, 0, 34, 8, 22.05
1570703159, 38, 41, 52, 15, 0, 0.80%, 0, 34, 8, 14.53
