# unix_time, cycles_done, cur_path, paths_total, pending_total, pending_favs, map_size, unique_crashes, unique_hangs, max_depth, execs_per_sec
1567589816, 0, 0, 1, 1, 1, 1.83%, 0, 0, 1, 176.21
1567589831, 0, 0, 2, 2, 1, 1.84%, 0, 0, 2, 201.13
1567589836, 0, 0, 5, 5, 1, 1.85%, 0, 0, 2, 193.39
1567589842, 0, 0, 6, 6, 1, 1.85%, 0, 0, 2, 200.54
1567589847, 0, 0, 7, 7, 1, 1.85%, 0, 0, 2, 202.18
1567589857, 0, 0, 9, 9, 1, 1.86%, 0, 0, 2, 199.61
1567589862, 0, 0, 11, 11, 1, 1.86%, 0, 0, 2, 197.88
1567589887, 0, 0, 12, 12, 1, 1.86%, 0, 0, 2, 196.19
1567589999, 0, 0, 13, 13, 1, 1.86%, 0, 0, 2, 201.67
1567590030, 0, 0, 14, 14, 1, 1.87%, 0, 0, 2, 202.53
1567590050, 0, 0, 15, 15, 1, 1.87%, 0, 0, 2, 199.18
1567590096, 0, 0, 16, 16, 1, 1.87%, 0, 0, 2, 203.63
1567590106, 0, 0, 18, 18, 1, 1.88%, 0, 0, 2, 197.71
1567590234, 0, 0, 19, 19, 1, 1.88%, 0, 0, 2, 197.17
1567590321, 0, 0, 20, 20, 1, 1.88%, 0, 0, 2, 196.59
1567590418, 0, 0, 21, 21, 1, 1.88%, 0, 0, 2, 199.67
1567590478, 0, 0, 22, 22, 1, 1.88%, 0, 0, 2, 201.10
1567590595, 0, 0, 23, 23, 1, 1.88%, 0, 0, 2, 194.62
1567590636, 0, 0, 24, 24, 1, 1.89%, 0, 0, 2, 196.11
1567590687, 0, 0, 25, 25, 1, 1.89%, 0, 0, 2, 197.67
1567590707, 0, 0, 26, 26, 1, 1.89%, 0, 0, 2, 195.16
1567590809, 0, 0, 27, 27, 1, 1.89%, 0, 0, 2, 200.50
1567590829, 0, 0, 28, 28, 1, 1.89%, 0, 0, 2, 197.83
1567590849, 0, 0, 29, 29, 1, 1.90%, 0, 0, 2, 196.33
1567590880, 0, 0, 30, 30, 1, 1.90%, 0, 0, 2, 200.42
1567591343, 0, 0, 31, 31, 1, 1.91%, 0, 0, 2, 203.03
1567591648, 0, 0, 32, 32, 1, 1.91%, 0, 0, 2, 199.71
1567591658, 0, 0, 33, 33, 1, 1.91%, 0, 0, 2, 200.36
1567591714, 0, 0, 34, 34, 1, 1.91%, 0, 0, 2, 202.34
1567591985, 0, 0, 35, 35, 1, 1.91%, 0, 0, 2, 195.37
1567592082, 0, 0, 36, 36, 1, 1.91%, 0, 0, 2, 200.39
1567592378, 0, 0, 37, 37, 1, 1.91%, 0, 0, 2, 197.16
1567592551, 0, 0, 38, 38, 1, 1.92%, 0, 0, 2, 193.48
1567592592, 0, 0, 39, 39, 1, 1.92%, 0, 0, 2, 194.44
