# unix_time, cycles_done, cur_path, paths_total, pending_total, pending_favs, map_size, unique_crashes, unique_hangs, max_depth, execs_per_sec
1567757333, 0, 0, 2, 2, 1, 1.62%, 0, 0, 1, 271.19
1567757338, 0, 1, 4, 4, 1, 1.71%, 0, 0, 2, 313.30
1567757343, 0, 1, 6, 6, 1, 1.71%, 0, 0, 2, 318.78
1567757348, 0, 1, 7, 7, 1, 1.73%, 0, 0, 2, 323.10
1567757363, 0, 1, 8, 8, 1, 1.73%, 0, 0, 2, 322.49
1567757379, 0, 1, 9, 9, 1, 1.74%, 0, 0, 2, 325.81
1567757384, 0, 1, 10, 10, 1, 1.74%, 0, 0, 2, 325.25
1567757440, 0, 9, 11, 10, 1, 1.74%, 0, 0, 3, 329.71
1567757445, 1, 0, 12, 10, 0, 1.74%, 0, 0, 3, 329.82
1567757450, 1, 2, 12, 9, 0, 1.74%, 0, 0, 3, 328.78
1567757456, 1, 3, 12, 8, 0, 1.74%, 0, 0, 3, 327.28
1567757461, 1, 4, 12, 7, 0, 1.74%, 0, 0, 3, 324.52
1567757466, 1, 8, 12, 6, 0, 1.74%, 0, 0, 3, 325.19
1567757471, 1, 9, 12, 5, 0, 1.74%, 0, 0, 3, 330.89
1567757476, 2, 5, 12, 5, 0, 1.74%, 0, 0, 3, 332.72
1567757481, 2, 7, 12, 4, 0, 1.74%, 0, 0, 3, 331.87
1567757486, 2, 9, 12, 3, 0, 1.74%, 0, 0, 3, 332.71
1567757491, 3, 11, 12, 2, 0, 1.74%, 0, 0, 3, 325.11
1567757507, 6, 6, 12, 1, 0, 1.74%, 0, 0, 3, 322.78
1567757517, 9, 8, 12, 0, 0, 1.74%, 0, 0, 3, 323.66
1567757522, 12, 5, 12, 0, 0, 1.74%, 0, 0, 3, 327.04
1567757527, 14, 9, 12, 0, 0, 1.74%, 0, 0, 3, 325.66
1567757532, 18, 9, 12, 0, 0, 1.74%, 0, 0, 3, 317.07
1567757537, 20, 3, 12, 0, 0, 1.74%, 0, 0, 3, 321.50
1567757543, 23, 9, 12, 0, 0, 1.74%, 0, 0, 3, 317.43
1567757548, 28, 8, 13, 1, 0, 1.75%, 0, 0, 3, 320.16
1567757553, 29, 12, 13, 1, 0, 1.75%, 0, 0, 3, 322.25
1567757584, 32, 4, 13, 0, 0, 1.75%, 0, 0, 3, 328.53
1567757589, 34, 7, 13, 0, 0, 1.75%, 0, 0, 3, 331.42
1567757594, 34, 12, 13, 0, 0, 1.75%, 0, 0, 3, 331.70
1567757599, 35, 9, 13, 0, 0, 1.75%, 0, 0, 3, 332.03
1567757604, 39, 2, 13, 0, 0, 1.75%, 0, 0, 3, 331.41
1567757609, 41, 5, 13, 0, 0, 1.75%, 0, 0, 3, 326.69
1567757614, 41, 12, 13, 0, 0, 1.75%, 0, 0, 3, 322.01
1567757619, 44, 9, 13, 0, 0, 1.75%, 0, 0, 3, 326.08
1567757624, 50, 9, 13, 0, 0, 1.75%, 0, 0, 3, 328.43
1567757629, 56, 9, 13, 0, 0, 1.75%, 0, 0, 3, 327.25
1567757634, 59, 4, 13, 0, 0, 1.75%, 0, 0, 3, 323.99
1567757639, 59, 12, 13, 0, 0, 1.75%, 0, 0, 3, 324.08
1567757645, 61, 1, 13, 0, 0, 1.75%, 0, 0, 3, 321.62
1567757650, 63, 9, 13, 0, 0, 1.75%, 0, 0, 3, 328.50
1567757655, 65, 9, 13, 0, 0, 1.75%, 0, 0, 3, 330.98
1567757660, 65, 12, 13, 0, 0, 1.75%, 0, 0, 3, 322.86
1567757665, 67, 9, 13, 0, 0, 1.75%, 0, 0, 3, 322.44
1567757670, 69, 9, 13, 0, 0, 1.75%, 0, 0, 3, 324.05
1567757675, 73, 9, 13, 0, 0, 1.75%, 0, 0, 3, 324.43
1567757681, 75, 12, 13, 0, 0, 1.75%, 0, 0, 3, 321.87
1567757686, 76, 6, 13, 0, 0, 1.75%, 0, 0, 3, 322.54
1567757691, 79, 9, 13, 0, 0, 1.75%, 0, 0, 3, 320.53
1567757696, 82, 12, 13, 0, 0, 1.75%, 0, 0, 3, 326.18
1567757706, 85, 9, 13, 0, 0, 1.75%, 0, 0, 3, 326.39
1567757711, 89, 3, 13, 0, 0, 1.75%, 0, 0, 3, 327.57
1567757717, 92, 4, 13, 0, 0, 1.75%, 0, 0, 3, 328.20
1567757722, 95, 11, 13, 0, 0, 1.75%, 0, 0, 3, 325.20
1567757727, 97, 7, 13, 0, 0, 1.75%, 0, 0, 3, 323.25
1567757732, 100, 10, 13, 0, 0, 1.75%, 0, 0, 3, 321.63
1567757737, 102, 9, 13, 0, 0, 1.75%, 0, 0, 3, 322.99
1567757742, 106, 5, 13, 0, 0, 1.75%, 0, 0, 3, 324.18
1567757747, 107, 9, 13, 0, 0, 1.75%, 0, 0, 3, 322.51
1567757753, 112, 6, 13, 0, 0, 1.75%, 0, 0, 3, 320.04
1567757758, 114, 9, 13, 0, 0, 1.75%, 0, 0, 3, 321.93
1567757763, 116, 9, 13, 0, 0, 1.75%, 0, 0, 3, 323.39
1567757768, 119, 9, 13, 0, 0, 1.75%, 0, 0, 3, 322.55
1567757773, 123, 9, 13, 0, 0, 1.75%, 0, 0, 3, 323.55
1567757778, 127, 9, 13, 0, 0, 1.75%, 0, 0, 3, 321.97
1567757784, 129, 7, 13, 0, 0, 1.75%, 0, 0, 3, 321.92
1567757789, 130, 12, 13, 0, 0, 1.75%, 0, 0, 3, 320.81
1567757794, 132, 9, 13, 0, 0, 1.75%, 0, 0, 3, 320.36
1567757799, 138, 0, 13, 0, 0, 1.75%, 0, 0, 3, 319.66
1567757804, 142, 4, 13, 0, 0, 1.75%, 0, 0, 3, 321.05
1567757809, 145, 1, 13, 0, 0, 1.75%, 0, 0, 3, 320.37
1567757815, 146, 10, 13, 0, 0, 1.75%, 0, 0, 3, 319.32
1567757820, 150, 4, 13, 0, 0, 1.75%, 0, 0, 3, 321.73
1567757825, 153, 4, 13, 0, 0, 1.75%, 0, 0, 3, 320.50
1567757830, 153, 12, 13, 0, 0, 1.75%, 0, 0, 3, 323.11
1567757835, 157, 9, 13, 0, 0, 1.75%, 0, 0, 3, 327.36
1567757840, 160, 5, 13, 0, 0, 1.75%, 0, 0, 3, 326.47
1567757846, 162, 12, 13, 0, 0, 1.75%, 0, 0, 3, 328.06
1567757851, 167, 3, 13, 0, 0, 1.75%, 0, 0, 3, 328.85
1567757856, 168, 9, 13, 0, 0, 1.75%, 0, 0, 3, 321.01
1567757861, 170, 9, 13, 0, 0, 1.75%, 0, 0, 3, 315.86
1567757866, 173, 12, 13, 0, 0, 1.75%, 0, 0, 3, 315.47
1567757871, 178, 6, 13, 0, 0, 1.75%, 0, 0, 3, 314.75
1567757876, 182, 1, 13, 0, 0, 1.75%, 0, 0, 3, 315.80
1567757882, 184, 9, 13, 0, 0, 1.75%, 0, 0, 3, 320.26
1567757887, 188, 1, 13, 0, 0, 1.75%, 0, 0, 3, 306.39
1567757892, 192, 2, 13, 0, 0, 1.75%, 0, 0, 3, 323.61
1567757897, 195, 8, 13, 0, 0, 1.75%, 0, 0, 3, 327.58
1567757902, 196, 6, 13, 0, 0, 1.75%, 0, 0, 3, 326.06
1567757907, 199, 9, 13, 0, 0, 1.75%, 0, 0, 3, 323.52
1567757912, 204, 9, 13, 0, 0, 1.75%, 0, 0, 3, 303.41
1567757917, 207, 4, 13, 0, 0, 1.75%, 0, 0, 3, 315.00
1567757923, 208, 10, 13, 0, 0, 1.75%, 0, 0, 3, 319.00
1567757928, 213, 9, 13, 0, 0, 1.75%, 0, 0, 3, 320.17
1567757933, 218, 1, 13, 0, 0, 1.75%, 0, 0, 3, 321.88
1567757938, 219, 2, 13, 0, 0, 1.75%, 0, 0, 3, 318.08
1567757943, 222, 9, 13, 0, 0, 1.75%, 0, 0, 3, 320.07
1567757948, 225, 8, 13, 0, 0, 1.75%, 0, 0, 3, 319.82
1567757954, 228, 2, 13, 0, 0, 1.75%, 0, 0, 3, 321.54
1567757959, 231, 3, 13, 0, 0, 1.75%, 0, 0, 3, 326.88
1567757964, 233, 5, 13, 0, 0, 1.75%, 0, 0, 3, 327.75
1567757969, 235, 4, 13, 0, 0, 1.75%, 0, 0, 3, 327.92
1567757974, 236, 7, 13, 0, 0, 1.75%, 0, 0, 3, 328.41
1567757979, 237, 9, 13, 0, 0, 1.75%, 0, 0, 3, 322.84
1567757984, 241, 9, 13, 0, 0, 1.75%, 0, 0, 3, 322.28
1567757990, 245, 9, 13, 0, 0, 1.75%, 0, 0, 3, 318.29
1567757995, 248, 9, 13, 0, 0, 1.75%, 0, 0, 3, 317.13
1567758000, 251, 9, 13, 0, 0, 1.75%, 0, 0, 3, 319.95
1567758005, 253, 0, 13, 0, 0, 1.75%, 0, 0, 3, 321.64
1567758010, 255, 11, 13, 0, 0, 1.75%, 0, 0, 3, 323.15
1567758015, 258, 10, 13, 0, 0, 1.75%, 0, 0, 3, 324.29
1567758020, 260, 11, 13, 0, 0, 1.75%, 0, 0, 3, 323.21
1567758025, 261, 4, 13, 0, 0, 1.75%, 0, 0, 3, 324.34
1567758031, 263, 9, 13, 0, 0, 1.75%, 0, 0, 3, 325.74
1567758036, 265, 9, 13, 0, 0, 1.75%, 0, 0, 3, 324.19
1567758041, 270, 9, 13, 0, 0, 1.75%, 0, 0, 3, 326.63
1567758046, 272, 5, 13, 0, 0, 1.75%, 0, 0, 3, 324.96
1567758051, 277, 9, 13, 0, 0, 1.75%, 0, 0, 3, 321.42
1567758057, 281, 9, 13, 0, 0, 1.75%, 0, 0, 3, 316.90
1567758062, 284, 1, 13, 0, 0, 1.75%, 0, 0, 3, 321.60
1567758067, 287, 9, 13, 0, 0, 1.75%, 0, 0, 3, 325.57
1567758072, 289, 7, 13, 0, 0, 1.75%, 0, 0, 3, 331.09
1567758077, 291, 9, 13, 0, 0, 1.75%, 0, 0, 3, 332.20
1567758082, 296, 9, 13, 0, 0, 1.75%, 0, 0, 3, 330.80
1567758087, 299, 9, 13, 0, 0, 1.75%, 0, 0, 3, 332.25
1567758092, 302, 5, 13, 0, 0, 1.75%, 0, 0, 3, 330.33
1567758097, 304, 9, 13, 0, 0, 1.75%, 0, 0, 3, 330.20
1567758102, 308, 2, 13, 0, 0, 1.75%, 0, 0, 3, 331.76
1567758107, 311, 4, 13, 0, 0, 1.75%, 0, 0, 3, 332.49
1567758112, 315, 9, 13, 0, 0, 1.75%, 0, 0, 3, 327.04
1567758118, 319, 2, 13, 0, 0, 1.75%, 0, 0, 3, 323.70
1567758123, 320, 12, 13, 0, 0, 1.75%, 0, 0, 3, 322.53
1567758128, 323, 3, 13, 0, 0, 1.75%, 0, 0, 3, 317.76
1567758133, 326, 6, 13, 0, 0, 1.75%, 0, 0, 3, 322.64
1567758138, 329, 1, 13, 0, 0, 1.75%, 0, 0, 3, 322.05
1567758143, 330, 9, 13, 0, 0, 1.75%, 0, 0, 3, 321.46
1567758148, 333, 11, 13, 0, 0, 1.75%, 0, 0, 3, 323.11
1567758154, 337, 6, 13, 0, 0, 1.75%, 0, 0, 3, 323.90
1567758159, 340, 9, 13, 0, 0, 1.75%, 0, 0, 3, 323.68
1567758164, 344, 5, 13, 0, 0, 1.75%, 0, 0, 3, 325.37
1567758169, 346, 2, 13, 0, 0, 1.75%, 0, 0, 3, 329.49
1567758174, 349, 5, 13, 0, 0, 1.75%, 0, 0, 3, 320.66
1567758179, 352, 9, 13, 0, 0, 1.75%, 0, 0, 3, 321.01
1567758184, 357, 9, 13, 0, 0, 1.75%, 0, 0, 3, 321.54
1567758189, 360, 5, 13, 0, 0, 1.75%, 0, 0, 3, 318.51
1567758194, 362, 7, 13, 0, 0, 1.75%, 0, 0, 3, 319.92
1567758200, 364, 0, 13, 0, 0, 1.75%, 0, 0, 3, 319.80
1567758205, 368, 11, 13, 0, 0, 1.75%, 0, 0, 3, 321.29
1567758210, 369, 9, 13, 0, 0, 1.75%, 0, 0, 3, 322.32
1567758215, 372, 8, 13, 0, 0, 1.75%, 0, 0, 3, 324.32
1567758220, 375, 9, 13, 0, 0, 1.75%, 0, 0, 3, 324.35
1567758225, 377, 2, 13, 0, 0, 1.75%, 0, 0, 3, 325.50
1567758231, 379, 9, 13, 0, 0, 1.75%, 0, 0, 3, 323.12
1567758236, 381, 1, 13, 0, 0, 1.75%, 0, 0, 3, 322.02
1567758241, 383, 3, 13, 0, 0, 1.75%, 0, 0, 3, 323.43
1567758246, 384, 9, 13, 0, 0, 1.75%, 0, 0, 3, 322.54
1567758251, 388, 11, 13, 0, 0, 1.75%, 0, 0, 3, 323.67
1567758256, 392, 9, 13, 0, 0, 1.75%, 0, 0, 3, 323.64
1567758262, 395, 6, 13, 0, 0, 1.75%, 0, 0, 3, 322.86
1567758267, 396, 5, 13, 0, 0, 1.75%, 0, 0, 3, 322.75
1567758272, 398, 4, 13, 0, 0, 1.75%, 0, 0, 3, 319.98
1567758277, 401, 7, 13, 0, 0, 1.75%, 0, 0, 3, 319.92
1567758282, 405, 4, 13, 0, 0, 1.75%, 0, 0, 3, 320.28
1567758287, 409, 0, 13, 0, 0, 1.75%, 0, 0, 3, 327.38
1567758292, 412, 0, 13, 0, 0, 1.75%, 0, 0, 3, 323.39
1567758297, 416, 0, 13, 0, 0, 1.75%, 0, 0, 3, 324.29
1567758302, 419, 3, 13, 0, 0, 1.75%, 0, 0, 3, 323.24
1567758308, 422, 9, 13, 0, 0, 1.75%, 0, 0, 3, 319.44
1567758313, 423, 8, 13, 0, 0, 1.75%, 0, 0, 3, 325.30
1567758318, 425, 0, 13, 0, 0, 1.75%, 0, 0, 3, 329.47
1567758323, 429, 9, 13, 0, 0, 1.75%, 0, 0, 3, 328.80
1567758328, 433, 11, 13, 0, 0, 1.75%, 0, 0, 3, 329.77
1567758333, 436, 5, 13, 0, 0, 1.75%, 0, 0, 3, 331.27
1567758338, 438, 5, 13, 0, 0, 1.75%, 0, 0, 3, 330.21
1567758343, 440, 9, 13, 0, 0, 1.75%, 0, 0, 3, 331.80
1567758349, 445, 0, 13, 0, 0, 1.75%, 0, 0, 3, 331.00
1567758354, 447, 9, 13, 0, 0, 1.75%, 0, 0, 3, 325.29
1567758359, 448, 9, 15, 2, 0, 1.75%, 0, 0, 3, 229.33
1567758364, 448, 9, 16, 3, 0, 1.75%, 0, 0, 3, 169.47
1567758369, 448, 9, 17, 4, 0, 1.76%, 0, 0, 3, 157.79
1567758374, 448, 9, 18, 5, 0, 1.76%, 0, 0, 3, 156.91
1567758379, 448, 9, 19, 6, 0, 1.76%, 0, 0, 3, 156.88
1567758414, 448, 13, 19, 6, 2, 1.76%, 0, 0, 3, 157.48
1567758424, 448, 13, 20, 7, 2, 1.76%, 0, 0, 4, 155.41
1567758430, 448, 13, 21, 8, 2, 1.77%, 0, 0, 4, 153.09
1567758435, 448, 13, 22, 9, 2, 1.77%, 0, 0, 4, 154.63
1567758440, 448, 13, 23, 10, 2, 1.77%, 0, 0, 4, 155.22
1567758465, 448, 13, 24, 11, 2, 1.77%, 0, 0, 4, 155.75
1567758506, 448, 13, 25, 12, 2, 1.78%, 0, 0, 4, 158.20
1567758531, 448, 13, 26, 13, 2, 1.78%, 0, 0, 4, 156.32
1567758592, 448, 14, 26, 12, 2, 1.78%, 0, 0, 4, 159.79
1567758613, 448, 23, 26, 11, 1, 1.78%, 0, 0, 4, 155.70
1567758643, 448, 23, 27, 12, 1, 1.78%, 0, 0, 5, 154.69
1567758715, 448, 23, 28, 13, 1, 1.78%, 0, 0, 5, 155.93
1567758720, 448, 24, 28, 12, 0, 1.78%, 0, 0, 5, 157.16
1567758735, 448, 24, 29, 13, 0, 1.79%, 0, 0, 5, 157.10
1567758821, 448, 24, 30, 14, 0, 1.79%, 0, 0, 5, 153.99
1567758832, 449, 13, 30, 13, 0, 1.79%, 0, 0, 5, 153.69
1567758847, 449, 14, 30, 13, 0, 1.79%, 0, 0, 5, 153.02
1567758857, 449, 17, 30, 13, 0, 1.79%, 0, 0, 5, 156.08
1567758868, 449, 17, 31, 14, 0, 1.79%, 0, 0, 5, 154.73
1567759189, 449, 17, 32, 15, 0, 1.79%, 0, 0, 5, 156.62
1567759500, 449, 17, 33, 16, 0, 1.80%, 0, 0, 5, 154.50
1567759546, 449, 17, 34, 17, 0, 1.80%, 0, 0, 5, 153.19
1567759810, 449, 17, 35, 18, 0, 1.81%, 0, 0, 5, 152.81
1567759898, 449, 17, 36, 19, 0, 1.81%, 0, 0, 5, 159.49
1567759934, 449, 17, 37, 20, 0, 1.81%, 0, 0, 5, 153.44
1567759954, 449, 17, 38, 21, 0, 1.81%, 0, 0, 5, 156.24
1567760096, 449, 17, 39, 22, 0, 1.81%, 0, 0, 5, 157.37
1567760158, 449, 17, 40, 23, 0, 1.81%, 0, 0, 5, 159.32
1567760281, 449, 34, 40, 22, 2, 1.81%, 0, 0, 5, 155.25
1567760489, 449, 34, 41, 23, 2, 1.82%, 0, 0, 5, 123.22
1567760733, 449, 34, 42, 24, 2, 1.82%, 0, 0, 5, 155.23
1567760785, 449, 34, 43, 25, 2, 1.82%, 0, 0, 5, 159.42
1567760912, 449, 34, 44, 26, 2, 1.82%, 0, 0, 5, 159.50
1567761300, 449, 34, 45, 27, 2, 1.83%, 0, 0, 5, 159.80
1567761392, 449, 34, 46, 28, 2, 1.83%, 0, 0, 5, 157.65
1567761545, 449, 34, 47, 29, 2, 1.83%, 0, 0, 5, 155.98
1567761606, 449, 34, 48, 30, 2, 1.83%, 0, 0, 5, 151.42
1567761611, 449, 34, 49, 31, 2, 1.84%, 0, 0, 5, 155.88
1567761743, 449, 39, 49, 30, 1, 1.84%, 0, 0, 5, 156.53
1567761825, 449, 39, 50, 31, 1, 1.84%, 0, 0, 5, 154.94
1567761901, 449, 39, 51, 32, 1, 1.84%, 0, 0, 5, 110.94
1567761982, 449, 39, 52, 33, 1, 1.84%, 0, 0, 5, 156.93
1567762038, 449, 39, 53, 34, 1, 1.84%, 0, 0, 5, 160.41
1567762497, 449, 39, 54, 35, 1, 1.85%, 0, 0, 5, 155.82
1567762910, 449, 39, 55, 36, 1, 1.85%, 0, 0, 5, 160.18
1567762997, 449, 39, 56, 37, 1, 1.85%, 0, 0, 5, 155.93
1567763175, 449, 39, 57, 38, 1, 1.85%, 0, 0, 5, 157.14
1567763272, 449, 51, 57, 37, 1, 1.85%, 0, 0, 5, 157.45
1567763409, 449, 51, 58, 38, 1, 1.86%, 0, 0, 6, 153.71
1567763556, 449, 51, 59, 39, 1, 1.86%, 0, 0, 6, 155.78
1567763800, 449, 51, 60, 40, 1, 1.86%, 0, 0, 6, 156.49
1567763841, 449, 51, 61, 41, 1, 1.86%, 0, 0, 6, 156.20
1567764146, 449, 51, 62, 42, 1, 1.87%, 0, 0, 6, 158.73
1567764360, 449, 51, 63, 43, 1, 1.87%, 0, 0, 6, 160.01
1567764769, 449, 52, 63, 42, 0, 1.87%, 0, 0, 6, 155.11
1567764948, 449, 52, 64, 43, 0, 1.87%, 0, 0, 6, 160.20
1567766297, 449, 54, 64, 42, 0, 1.87%, 0, 0, 6, 159.07
1567767153, 449, 54, 65, 43, 0, 1.87%, 0, 0, 6, 101.35
1567767866, 449, 56, 65, 42, 0, 1.87%, 0, 0, 6, 157.15
1567768361, 449, 56, 66, 43, 0, 1.87%, 0, 0, 6, 76.17
1567769422, 449, 57, 66, 42, 0, 1.87%, 0, 0, 6, 156.20
1567769427, 449, 57, 67, 43, 0, 1.87%, 0, 0, 7, 155.65
1567770134, 449, 57, 68, 44, 0, 1.88%, 0, 0, 7, 155.88
1567770347, 449, 57, 69, 45, 0, 1.88%, 0, 0, 7, 154.24
1567770470, 449, 57, 70, 46, 0, 1.88%, 0, 0, 7, 74.70
